# E / keV # rel_F # rel_F_err #
2.004000000000000004e+00 2.489833122130180243e+01 1.376565172956058514e-01
2.012000000000000011e+00 2.400635982618134534e+01 1.351682880604900272e-01
2.020000000000000018e+00 2.289443985325388198e+01 1.320008320909503430e-01
2.028000000000000025e+00 2.193777769995489635e+01 1.292135247047059010e-01
2.036000000000000032e+00 2.104656737257771582e+01 1.265616985267331296e-01
2.044000000000000039e+00 2.010969298060392774e+01 1.237127263248948422e-01
2.052000000000000046e+00 1.886230294937318774e+01 1.198143995464799189e-01
2.060000000000000053e+00 1.824051060311601091e+01 1.178230208445308902e-01
2.068000000000000060e+00 1.732951251441363283e+01 1.148430798151657550e-01
2.076000000000000068e+00 1.653800206140572016e+01 1.121897495637715070e-01
2.084000000000000075e+00 1.568865045990876794e+01 1.092708826750379836e-01
2.092000000000000082e+00 1.516579692027757886e+01 1.074346258759739797e-01
2.100000000000000089e+00 1.498922920383735224e+01 1.068073913342320602e-01
2.108000000000000096e+00 1.440625131248729218e+01 1.047097568303628073e-01
2.116000000000000103e+00 1.387274282445022777e+01 1.027526013026643648e-01
2.124000000000000110e+00 1.351580205285339176e+01 1.014220930909119217e-01
2.132000000000000117e+00 1.323953446204389905e+01 1.003801903518004579e-01
2.140000000000000124e+00 1.314668419736412375e+01 1.000275825643167360e-01
2.148000000000000131e+00 1.286661126783824649e+01 9.895636816917852130e-02
2.156000000000000139e+00 1.265807870618039210e+01 9.815118641734968397e-02
2.164000000000000146e+00 1.242366984125112594e+01 9.723813227997298025e-02
2.172000000000000153e+00 1.235060733789654996e+01 9.695178623806423313e-02
2.180000000000000160e+00 1.241682023156163517e+01 9.721132316921118899e-02
2.188000000000000167e+00 1.210478245681813014e+01 9.598207888594438575e-02
2.196000000000000174e+00 1.220143806021429000e+01 9.636452111238567875e-02
2.204000000000000181e+00 1.243813012837338583e+01 9.729470503262137304e-02
2.212000000000000188e+00 1.234375772820705741e+01 9.692489792495317946e-02
2.220000000000000195e+00 1.232701423785496786e+01 9.685913951375857422e-02
2.228000000000000203e+00 1.235212947338310308e+01 9.695776040612227864e-02
2.236000000000000210e+00 1.221513727959327156e+01 9.641860278596056655e-02
2.244000000000000217e+00 1.227450056356886599e+01 9.665260702001601811e-02
2.252000000000000224e+00 1.245563468646875371e+01 9.736314385798917892e-02
2.260000000000000231e+00 1.241834236704818828e+01 9.721728138828264476e-02
2.268000000000000238e+00 1.247390031230739815e+01 9.743450703189324158e-02
2.276000000000000245e+00 1.239246606377677651e+01 9.711594194978190320e-02
2.284000000000000252e+00 1.247085604133429015e+01 9.742261679973818200e-02
2.291999999999999815e+00 1.255609562858199091e+01 9.775499662121427125e-02
2.299999999999999822e+00 1.240997062187214262e+01 9.718450666294554952e-02
2.307999999999999829e+00 1.273266334502152297e+01 9.843992766098146052e-02
2.315999999999999837e+00 1.261317570932705934e+01 9.797694204582929611e-02
2.323999999999999844e+00 1.279659303545677851e+01 9.868674775838551239e-02
2.331999999999999851e+00 1.266036190941022355e+01 9.816003803719156040e-02
2.339999999999999858e+00 1.258425513508253957e+01 9.786455260449129778e-02
2.347999999999999865e+00 1.282703574518785139e+01 9.880406442814722301e-02
2.355999999999999872e+00 1.270678704175011120e+01 9.833984817033297743e-02
2.363999999999999879e+00 1.266721151909971432e+01 9.818658810882270604e-02
2.371999999999999886e+00 1.277452207090174952e+01 9.860160588926211722e-02
2.379999999999999893e+00 1.239703247023643762e+01 9.713383306270038930e-02
2.387999999999999901e+00 1.268014967073542110e+01 9.823671866628672089e-02
2.395999999999999908e+00 1.265731763843711555e+01 9.814823570000363873e-02
2.403999999999999915e+00 1.251956437690400747e+01 9.761268671202244507e-02
2.411999999999999922e+00 1.244878507677926294e+01 9.733636917885724049e-02
2.419999999999999929e+00 1.244497973806287838e+01 9.732149117421859397e-02
2.427999999999999936e+00 1.221742048282310300e+01 9.642761344929373646e-02
2.435999999999999943e+00 1.226308454741971410e+01 9.660765022563069793e-02
2.443999999999999950e+00 1.213522516654920480e+01 9.610269731730691767e-02
2.451999999999999957e+00 1.195332997590603874e+01 9.537973510870223492e-02
2.459999999999999964e+00 1.196474599205519240e+01 9.542527040073847666e-02
2.467999999999999972e+00 1.197768414369089918e+01 9.547685081171045085e-02
2.475999999999999979e+00 1.203248102120683072e+01 9.569500079330833797e-02
2.483999999999999986e+00 1.193658648555394919e+01 9.531291066266606160e-02
2.491999999999999993e+00 1.167554024960999293e+01 9.426493021961340757e-02
2.500000000000000000e+00 1.186885145640231087e+01 9.504209590077511427e-02
2.508000000000000007e+00 1.193202007909428808e+01 9.529467768102385661e-02
2.516000000000000014e+00 1.177980653043892012e+01 9.468490255768827191e-02
2.524000000000000021e+00 1.193734755329722574e+01 9.531594915384948574e-02
2.532000000000000028e+00 1.186809038865903432e+01 9.503904865423620785e-02
2.540000000000000036e+00 1.185971864348298865e+01 9.500552249155759521e-02
2.548000000000000043e+00 1.194800250170310107e+01 9.535847786451506769e-02
2.556000000000000050e+00 1.189016135321406153e+01 9.512737917281290090e-02
2.564000000000000057e+00 1.195637424687914674e+01 9.539187997856857226e-02
2.572000000000000064e+00 1.187646213383507821e+01 9.507256299432922941e-02
2.580000000000000071e+00 1.189777203064683064e+01 9.515781896085408198e-02
2.588000000000000078e+00 1.180644390145361022e+01 9.479189636358111015e-02
2.596000000000000085e+00 1.144189245242400332e+01 9.331696130705627312e-02
2.604000000000000092e+00 1.153169844613067063e+01 9.368246213964333269e-02
2.612000000000000099e+00 1.144417565565383477e+01 9.332627143474771236e-02
2.620000000000000107e+00 1.113822642285654396e+01 9.207032555470787138e-02
2.628000000000000114e+00 1.122422707784682672e+01 9.242508951666576766e-02
2.636000000000000121e+00 1.096850831610580990e+01 9.136617465589709497e-02
2.644000000000000128e+00 1.083608252877563949e+01 9.081295544214416926e-02
2.652000000000000135e+00 1.064733772844298265e+01 9.001858306423429767e-02
2.660000000000000142e+00 1.046772574102964981e+01 8.925608330509644806e-02
2.668000000000000149e+00 1.046011506359688070e+01 8.922363008680912755e-02
2.676000000000000156e+00 1.036041518922761462e+01 8.879739752648468931e-02
2.684000000000000163e+00 1.030637937945495963e+01 8.856552882288197537e-02
2.692000000000000171e+00 1.016329864371891389e+01 8.794861433259602845e-02
2.700000000000000178e+00 9.973792775643532948e+00 8.712480679846749954e-02
2.707999999999999741e+00 1.005827129514671014e+01 8.749300449672259283e-02
2.715999999999999748e+00 1.008034225970173736e+01 8.758894527878137437e-02
2.723999999999999755e+00 9.980642385332471278e+00 8.715471861384302410e-02
2.731999999999999762e+00 9.878659307733375528e+00 8.670829802237721429e-02
2.739999999999999769e+00 9.864960088354392198e+00 8.664815584858091835e-02
2.747999999999999776e+00 9.886269985166144636e+00 8.674169232287290421e-02
2.755999999999999783e+00 9.832234175393487874e+00 8.650431362213180375e-02
2.763999999999999790e+00 9.634356562141510594e+00 8.562942255249329782e-02
2.771999999999999797e+00 9.673171017048629139e+00 8.580173912151273230e-02
2.779999999999999805e+00 9.649577917007047034e+00 8.569703897376254598e-02
2.787999999999999812e+00 9.719596149388516793e+00 8.600738983934680393e-02
2.795999999999999819e+00 9.584887158828514941e+00 8.540929949093818696e-02
2.803999999999999826e+00 9.617613071789419266e+00 8.555498276697041937e-02
2.811999999999999833e+00 9.427346135970209318e+00 8.470448068899590066e-02
2.819999999999999840e+00 9.493559029635294522e+00 8.500142084900695616e-02
2.827999999999999847e+00 9.418974390794163654e+00 8.466686237002088444e-02
2.835999999999999854e+00 9.426585068226932762e+00 8.470106153220643974e-02
2.843999999999999861e+00 9.472249132823543860e+00 8.490596723007172442e-02
2.851999999999999869e+00 9.151078545160716615e+00 8.345412330684787161e-02
2.859999999999999876e+00 9.051378670791450531e+00 8.299826708144796006e-02
2.867999999999999883e+00 9.170105238742637610e+00 8.354083612019323757e-02
2.875999999999999890e+00 9.041484790128851756e+00 8.295289280727485837e-02
2.883999999999999897e+00 9.072688567603202969e+00 8.309591213531114517e-02
2.891999999999999904e+00 9.023219164290207317e+00 8.286905964507305933e-02
2.899999999999999911e+00 8.893837647933144908e+00 8.227279591567963901e-02
2.907999999999999918e+00 9.001148199735180100e+00 8.276764795059020352e-02
2.915999999999999925e+00 8.906775799568851681e+00 8.233261660879381827e-02
2.923999999999999932e+00 8.929607831867157230e+00 8.243807664511786093e-02
2.931999999999999940e+00 8.656384512030770750e+00 8.116708092267359287e-02
2.939999999999999947e+00 8.968422286774275776e+00 8.261704975699028786e-02
2.947999999999999954e+00 8.843607176876874476e+00 8.204013747265750944e-02
2.955999999999999961e+00 8.749234776710546058e+00 8.160122772918516898e-02
2.963999999999999968e+00 8.789571367104217714e+00 8.178911446355641157e-02
2.971999999999999975e+00 8.691393628221506518e+00 8.133104778964329873e-02
2.979999999999999982e+00 8.767500402549190497e+00 8.168636205356982760e-02
2.987999999999999989e+00 8.708898186316872625e+00 8.141290738628575996e-02
2.995999999999999996e+00 8.766739334805912165e+00 8.168281656160637783e-02
3.004000000000000004e+00 8.810881263915970152e+00 8.188820134676737250e-02
3.012000000000000011e+00 8.714986728263088622e+00 8.144136100266739786e-02
3.020000000000000018e+00 8.632791411989188646e+00 8.105639443068198002e-02
3.028000000000000025e+00 8.728685947642071952e+00 8.150534532129909138e-02
3.036000000000000032e+00 8.913625409258342458e+00 8.236426879806157952e-02
3.044000000000000039e+00 8.739340896047947282e+00 8.155507619690022247e-02
3.052000000000000046e+00 8.598543363541731210e+00 8.089545100411239809e-02
3.060000000000000053e+00 8.879377360810885023e+00 8.220588597962921740e-02
3.068000000000000060e+00 8.634313547475743533e+00 8.106354005545282626e-02
3.076000000000000068e+00 8.512542708551448456e+00 8.048988550585076118e-02
3.084000000000000075e+00 8.518631250497662677e+00 8.051866529956776264e-02
3.092000000000000082e+00 8.488188540766589796e+00 8.037466327910529340e-02
3.100000000000000089e+00 8.428064189047718813e+00 8.008949864090106341e-02
3.108000000000000096e+00 8.297160537204103292e+00 7.946509451108439703e-02
3.116000000000000103e+00 8.405993224492691596e+00 7.998456284412044925e-02
3.124000000000000110e+00 8.312381892069639733e+00 7.953795149394221609e-02
3.132000000000000117e+00 8.228664440309188421e+00 7.913640802922818074e-02
3.140000000000000124e+00 8.213443085443650205e+00 7.906318102360516964e-02
3.148000000000000131e+00 8.208876678983989095e+00 7.904119969302224324e-02
3.156000000000000139e+00 7.921193072025344506e+00 7.764383127709802157e-02
3.164000000000000146e+00 8.001105185069413039e+00 7.803449920978153265e-02
3.172000000000000153e+00 7.848891636414045081e+00 7.728866828293845526e-02
3.180000000000000160e+00 7.862590855793027522e+00 7.735608753632458590e-02
3.188000000000000167e+00 8.001105185069413039e+00 7.803449920978153265e-02
3.196000000000000174e+00 7.918909868795513951e+00 7.763264044882728365e-02
3.204000000000000181e+00 7.886183955834609627e+00 7.747206094027100920e-02
3.212000000000000188e+00 7.832148146061954641e+00 7.720618702237051767e-02
3.220000000000000195e+00 7.800944368587603428e+00 7.705223634670921307e-02
3.228000000000000203e+00 7.834431349291785196e+00 7.721743965493042816e-02
3.236000000000000210e+00 7.737014678152349667e+00 7.673586059204126619e-02
3.244000000000000217e+00 7.882378617118225961e+00 7.745336729790243402e-02
3.252000000000000224e+00 7.837475620264892306e+00 7.723244061469408672e-02
3.260000000000000231e+00 7.759846710450654328e+00 7.684900145152756545e-02
3.268000000000000238e+00 7.843564162211106527e+00 7.726243379664596289e-02
3.276000000000000245e+00 7.844325229954383971e+00 7.726618212575897537e-02
3.284000000000000252e+00 7.819209994426247867e+00 7.714239110026141488e-02
3.292000000000000259e+00 7.711138374880937008e+00 7.660743228346757194e-02
3.300000000000000266e+00 7.695155952272123123e+00 7.652800124633520051e-02
3.308000000000000274e+00 7.649491887675512913e+00 7.630059978904289719e-02
3.316000000000000281e+00 7.456941748626472410e+00 7.533417437241878012e-02
3.324000000000000288e+00 7.423454767922291531e+00 7.516483198637718965e-02
3.332000000000000295e+00 7.318427419350087781e+00 7.463122027931819169e-02
3.340000000000000302e+00 7.291028980592121123e+00 7.449138857898462973e-02
3.348000000000000309e+00 7.276568693469861238e+00 7.441748258533076310e-02
3.356000000000000316e+00 7.195895512682516149e+00 7.400381043360684807e-02
3.364000000000000323e+00 7.206550461088392368e+00 7.405857881590227620e-02
3.372000000000000330e+00 7.179152022330425709e+00 7.391766384482383045e-02
3.380000000000000338e+00 7.088584960880481844e+00 7.344993777535452351e-02
3.388000000000000345e+00 7.011717118809521310e+00 7.305061070318265293e-02
3.396000000000000352e+00 7.008672847836414199e+00 7.303475082225253934e-02
3.403999999999999915e+00 7.030743812391831327e+00 7.314965705220326242e-02
3.411999999999999922e+00 7.037593422080933969e+00 7.318528092344160629e-02
3.419999999999999929e+00 6.978230138105340430e+00 7.287596217734801374e-02
3.427999999999999936e+00 6.896034821831442230e+00 7.244549440379129124e-02
3.435999999999999943e+00 6.720989240877768722e+00 7.152012384037628734e-02
3.443999999999999950e+00 6.810034166841158587e+00 7.199234219690295311e-02
3.451999999999999957e+00 6.847326486261724021e+00 7.218919113259920917e-02
3.459999999999999964e+00 6.763609034501271822e+00 7.174653067775978166e-02
3.467999999999999972e+00 6.656298482699237518e+00 7.117509441374109125e-02
3.475999999999999979e+00 6.676086244024435068e+00 7.128081012208845046e-02
3.483999999999999986e+00 6.715661766674831057e+00 7.149177257121105966e-02
3.491999999999999993e+00 6.622811501995056638e+00 7.099583230001091372e-02
3.500000000000000000e+00 6.642599263320254188e+00 7.110181453962718945e-02
3.508000000000000007e+00 6.568775692222400764e+00 7.070561004737503652e-02
3.516000000000000014e+00 6.552793269613586880e+00 7.061954110488452563e-02
3.524000000000000021e+00 6.635749653630762523e+00 7.106514626621711350e-02
3.532000000000000028e+00 6.476686495285902900e+00 7.020824150253889007e-02
3.540000000000000036e+00 6.450049124271213685e+00 7.006371622340515359e-02
3.548000000000000043e+00 6.474403292056072345e+00 7.019586528100679734e-02
3.556000000000000050e+00 6.454615530730874795e+00 7.008851315082226252e-02
3.564000000000000057e+00 6.475925427542626345e+00 7.020411633778299298e-02
3.572000000000000064e+00 6.405146127417880031e+00 6.981941068608581158e-02
3.580000000000000071e+00 6.379269824146468260e+00 6.967823540257885029e-02
3.588000000000000078e+00 6.500279595327485005e+00 7.033600160859569683e-02
3.596000000000000085e+00 6.262065391681834292e+00 6.903517926317923048e-02
3.604000000000000092e+00 6.173020465718444427e+00 6.854259081072205939e-02
3.612000000000000099e+00 6.351110317645225045e+00 6.952427775067139548e-02
3.620000000000000107e+00 6.198135701246579643e+00 6.868188371522249147e-02
3.628000000000000114e+00 6.146383094703755212e+00 6.839454591706199682e-02
3.636000000000000121e+00 6.288702762696524395e+00 6.918185325462355983e-02
3.644000000000000128e+00 6.134206010811325882e+00 6.832676141486145049e-02
3.652000000000000135e+00 6.064948846173133568e+00 6.793995092319729534e-02
3.660000000000000142e+00 6.087780878471438228e+00 6.806771374698986077e-02
3.668000000000000149e+00 6.093108352674713402e+00 6.809749058160412261e-02
3.675999999999999712e+00 6.159321246339461098e+00 6.846649341881518025e-02
3.683999999999999719e+00 6.090825149444545339e+00 6.808473067569247028e-02
3.691999999999999726e+00 6.090825149444545339e+00 6.808473067569247028e-02
3.699999999999999734e+00 6.026895459009291578e+00 6.772647728882429108e-02
3.707999999999999741e+00 5.998735952508048364e+00 6.756807259267458288e-02
3.715999999999999748e+00 5.950027616938330155e+00 6.729319498179682502e-02
3.723999999999999755e+00 6.058099236483641903e+00 6.790157519864874203e-02
3.731999999999999762e+00 5.975142852466466259e+00 6.743506866967209634e-02
3.739999999999999769e+00 5.972859649236635704e+00 6.742218339800203075e-02
3.747999999999999776e+00 5.942416939505561935e+00 6.725014386422947799e-02
3.755999999999999783e+00 6.007868765427370583e+00 6.761948774729974188e-02
3.763999999999999790e+00 5.975142852466466259e+00 6.743506866967209634e-02
3.771999999999999797e+00 5.986558868615619033e+00 6.749945813213049928e-02
3.779999999999999805e+00 5.972098581493359148e+00 6.741788776017804130e-02
3.787999999999999812e+00 5.934045194329517159e+00 6.720275578092864410e-02
3.795999999999999819e+00 5.991125275075280143e+00 6.752519672529934402e-02
3.803999999999999826e+00 6.110612910769743777e+00 6.819523720933777511e-02
3.811999999999999833e+00 6.003302358967709473e+00 6.759378505859900410e-02
3.819999999999999840e+00 5.916540636234149275e+00 6.710356346740789513e-02
3.827999999999999847e+00 5.875442978097200175e+00 6.687009890894575481e-02
3.835999999999999854e+00 5.816079694121606636e+00 6.653142601450370841e-02
3.843999999999999861e+00 5.849566674825787516e+00 6.672268361177530194e-02
3.851999999999999869e+00 5.781070577930871757e+00 6.633088525317586137e-02
3.859999999999999876e+00 5.736167581077538991e+00 6.607277893344920550e-02
3.867999999999999883e+00 5.749866800456521432e+00 6.615162998721849097e-02
3.875999999999999890e+00 5.737689716564092102e+00 6.608154480797313879e-02
3.883999999999999897e+00 5.752150003686351987e+00 6.616476269356247331e-02
3.891999999999999904e+00 5.625812758302396688e+00 6.543412427823311339e-02
3.899999999999999911e+00 5.410430586955051524e+00 6.416934000727969600e-02
3.907999999999999918e+00 5.539812103312113933e+00 6.493205907443157232e-02
3.915999999999999925e+00 5.529157154906238603e+00 6.486958577104898205e-02
3.923999999999999932e+00 5.404342045008836415e+00 6.413322387102503297e-02
3.931999999999999940e+00 5.395209232089514195e+00 6.407901149965358756e-02
3.939999999999999947e+00 5.317580322275277105e+00 6.361634110484014337e-02
3.947999999999999954e+00 5.462944261241153399e+00 6.448000202039362583e-02
3.955999999999999961e+00 5.450006109605446625e+00 6.440360122448436642e-02
3.963999999999999968e+00 5.324429931964768770e+00 6.365730022987214909e-02
3.971999999999999975e+00 5.314536051302169106e+00 6.359812858196338403e-02
3.979999999999999982e+00 5.307686441612678330e+00 6.355713132402404653e-02
3.987999999999999989e+00 5.306925373869400886e+00 6.355257444061084005e-02
3.995999999999999996e+00 5.383032148197084865e+00 6.400665691172312266e-02
4.003999999999999559e+00 5.328996338424429879e+00 6.368459167816985234e-02
4.012000000000000455e+00 5.329757406167706435e+00 6.368913911590481924e-02
4.019999999999999574e+00 5.225491125338779241e+00 6.306308538499155736e-02
4.028000000000000469e+00 5.354111573952565095e+00 6.383448607798518359e-02
4.035999999999999588e+00 5.163083570390078592e+00 6.268537597611187340e-02
4.044000000000000483e+00 5.292465086747141001e+00 6.346593149038394499e-02
4.051999999999999602e+00 5.229296464055163796e+00 6.308604329662796661e-02
4.060000000000000497e+00 5.151667554240925817e+00 6.261603628160007651e-02
4.067999999999999616e+00 5.175260654282507922e+00 6.275925387561748225e-02
4.076000000000000512e+00 5.055773018588044287e+00 6.203052282366106757e-02
4.083999999999999631e+00 5.049684476641829178e+00 6.199316066226891186e-02
4.092000000000000526e+00 4.992604395896066194e+00 6.164178907736737184e-02
4.099999999999999645e+00 4.902798402189399773e+00 6.108487305131754530e-02
4.108000000000000540e+00 4.815275611712563020e+00 6.053718644818309458e-02
4.115999999999999659e+00 4.902798402189399773e+00 6.108487305131754530e-02
4.124000000000000554e+00 4.724708550262619156e+00 5.996518384853963268e-02
4.131999999999999673e+00 4.824408424631885239e+00 6.059456768044772790e-02
4.140000000000000568e+00 4.645557504961828066e+00 5.946077670670037868e-02
4.147999999999999687e+00 4.726230685749172267e+00 5.997484241087151086e-02
4.156000000000000583e+00 4.773416885832336476e+00 6.027349016790031072e-02
4.163999999999999702e+00 4.481927940157307333e+00 5.840420175762130184e-02
4.172000000000000597e+00 4.615114795230754297e+00 5.926563086789697621e-02
4.179999999999999716e+00 4.532158411213578653e+00 5.873056763045513690e-02
4.188000000000000611e+00 4.540530156389623428e+00 5.878478578173000624e-02
4.195999999999999730e+00 4.524547733780810432e+00 5.868123493159375231e-02
4.204000000000000625e+00 4.463662314318662894e+00 5.828507016645324834e-02
4.211999999999999744e+00 4.506282107942165993e+00 5.856266690017065263e-02
4.220000000000000639e+00 4.410387572289284464e+00 5.793620385060125472e-02
4.227999999999999758e+00 4.505521040198889438e+00 5.855772135551797625e-02
4.236000000000000654e+00 4.462901246575386338e+00 5.828010106544533053e-02
4.243999999999999773e+00 4.417237181978776128e+00 5.798117568320888121e-02
4.252000000000000668e+00 4.367767778665781364e+00 5.765559093848974387e-02
4.259999999999999787e+00 4.385272336761148360e+00 5.777100761621835334e-02
4.268000000000000682e+00 4.447679891709849009e+00 5.818062992097448871e-02
4.275999999999999801e+00 4.223925975186459070e+00 5.669826990044388865e-02
4.284000000000000696e+00 4.356351762516628590e+00 5.758019455349740884e-02
4.291999999999999815e+00 4.330475459245215930e+00 5.740892948909159799e-02
4.300000000000000711e+00 4.275678581729283501e+00 5.704455319461992913e-02
4.307999999999999829e+00 4.227731313903311694e+00 5.672380391205773809e-02
4.315999999999999837e+00 4.264262565579657327e+00 5.696834812003288839e-02
4.323999999999999844e+00 4.147819200859235167e+00 5.618515283167458546e-02
4.331999999999999851e+00 4.233058788105310555e+00 5.675953223046454471e-02
4.339999999999999858e+00 4.293183139825127448e+00 5.716120365861138142e-02
4.347999999999999865e+00 4.112810084667582800e+00 5.594753872748859519e-02
4.355999999999999872e+00 4.185111520279804154e+00 5.643716311174407085e-02
4.363999999999999879e+00 4.129553575019671463e+00 5.606130590773530237e-02
4.371999999999999886e+00 4.064101749098773197e+00 5.561525641974872369e-02
4.379999999999999893e+00 3.984189636053811601e+00 5.506576263975746649e-02
4.387999999999999901e+00 4.087694849140357967e+00 5.577645286355127630e-02
4.395999999999999908e+00 3.953746926322741384e+00 5.485498382739580070e-02
4.403999999999999915e+00 4.140969591169742614e+00 5.613874225283215641e-02
4.411999999999999922e+00 4.030614768393693481e+00 5.538565595710995271e-02
4.419999999999999929e+00 4.019959819988711658e+00 5.531240139663724797e-02
4.427999999999999936e+00 3.882206558454726508e+00 5.435643645767588433e-02
4.435999999999999943e+00 3.864702000360219269e+00 5.423375360282529228e-02
4.443999999999999950e+00 3.911127132699243170e+00 5.455852546167187095e-02
4.451999999999999957e+00 3.858613458414003716e+00 5.419101620170184430e-02
4.459999999999999964e+00 3.875356948765235732e+00 5.430846312858289560e-02
4.467999999999999972e+00 3.858613458414003716e+00 5.419101620170184430e-02
4.475999999999999979e+00 3.841108900317781849e+00 5.406795800143660014e-02
4.483999999999999986e+00 3.800011242181680515e+00 5.377793209592715562e-02
4.491999999999999993e+00 3.789356293774962303e+00 5.370248451398573764e-02
4.500000000000000000e+00 3.841108900318634500e+00 5.406795800144860442e-02
4.508000000000000007e+00 3.648558761268762662e+00 5.269535446935952328e-02
4.516000000000000014e+00 3.731515145286757651e+00 5.329104812843387523e-02
4.524000000000000021e+00 3.794683767977899524e+00 5.374022154535532114e-02
4.532000000000000028e+00 3.662257980648557343e+00 5.279418923167682881e-02
4.540000000000000036e+00 3.614310712821308780e+00 5.244745272849685169e-02
4.548000000000000043e+00 3.731515145286757651e+00 5.329104812843387523e-02
4.556000000000000050e+00 3.689656419405707322e+00 5.299130574522290665e-02
4.564000000000000057e+00 3.578540528888095817e+00 5.218727588738342887e-02
4.572000000000000064e+00 3.594522951496113006e+00 5.230368505996156603e-02
4.580000000000000071e+00 3.625726728971264912e+00 5.253021663154439080e-02
4.588000000000000078e+00 3.513849770708777243e+00 5.171341910188178431e-02
4.596000000000000085e+00 3.536681803007864833e+00 5.188115687322091690e-02
4.604000000000000092e+00 3.527548990087758796e+00 5.181412692677823950e-02
4.612000000000000099e+00 3.490256670667972738e+00 5.153951656547142018e-02
4.620000000000000107e+00 3.475035315801662694e+00 5.142700930060191411e-02
4.628000000000000114e+00 3.471991044829326523e+00 5.140447829874304070e-02
4.636000000000000121e+00 3.535159667520526128e+00 5.186999123079595597e-02
4.644000000000000128e+00 3.513849770709557063e+00 5.171341910189326818e-02
4.652000000000000135e+00 3.386751457581559155e+00 5.076955080420603172e-02
4.660000000000000142e+00 3.375335441433157335e+00 5.068391191703883886e-02
4.668000000000000149e+00 3.350220205904274717e+00 5.049499511424623832e-02
4.676000000000000156e+00 3.420999506029772430e+00 5.102560508024917701e-02
4.684000000000000163e+00 3.339565257498400275e+00 5.041463472097921367e-02
4.692000000000000171e+00 3.376857576919710890e+00 5.069533879395487358e-02
4.700000000000000178e+00 3.359353018823596049e+00 5.056377380008367228e-02
4.708000000000000185e+00 3.262697415428172487e+00 4.983105215581316166e-02
4.716000000000000192e+00 3.303034005821115837e+00 5.013813555345528195e-02
4.724000000000000199e+00 3.257369941225233934e+00 4.979035238062062829e-02
4.732000000000000206e+00 3.186590641099772636e+00 4.924643487572102213e-02
4.740000000000000213e+00 3.346414867188634013e+00 5.046630966337443958e-02
4.748000000000000220e+00 3.182785302383388970e+00 4.921702172439276074e-02
4.756000000000000227e+00 3.213989079858449394e+00 4.945769319251097640e-02
4.764000000000000234e+00 3.086129698987241099e+00 4.846394294181593371e-02
4.772000000000000242e+00 3.223882960521049501e+00 4.953375949140831347e-02
4.780000000000000249e+00 3.204095199195137855e+00 4.938150972272241368e-02
4.788000000000000256e+00 3.118094544205556762e+00 4.871428104860638791e-02
4.796000000000000263e+00 3.134076966813676535e+00 4.883896891201268409e-02
4.804000000000000270e+00 3.127227357124879870e+00 4.878557027852489097e-02
4.811999999999999389e+00 3.110483866772442596e+00 4.865479356634369590e-02
4.820000000000000284e+00 3.183546370127019021e+00 4.922290576073038576e-02
4.827999999999999403e+00 3.103634257082950931e+00 4.860119257790709163e-02
4.836000000000000298e+00 3.038943498904419727e+00 4.809201462464438026e-02
4.843999999999999417e+00 3.073191547351877606e+00 4.836224721412923921e-02
4.852000000000000313e+00 3.079280089298092271e+00 4.841013063894172158e-02
4.859999999999999432e+00 3.029810685985097507e+00 4.801969576474564294e-02
4.868000000000000327e+00 2.943810030994814753e+00 4.733327431020324660e-02
4.875999999999999446e+00 2.955226047143967527e+00 4.742496408615186343e-02
4.884000000000000341e+00 2.968925266522950412e+00 4.753475836217337103e-02
4.891999999999999460e+00 2.936960421305323088e+00 4.727817509101042009e-02
4.900000000000000355e+00 2.840304817909164559e+00 4.649370256265317192e-02
4.907999999999999474e+00 2.811384243664644789e+00 4.625639265885218843e-02
4.916000000000000369e+00 2.861614714720916108e+00 4.666779031688177148e-02
4.923999999999999488e+00 2.885207814762498213e+00 4.685977593273356334e-02
4.932000000000000384e+00 2.778658330703740464e+00 4.598638086527451208e-02
4.939999999999999503e+00 2.755826298405435359e+00 4.579705778530308857e-02
4.948000000000000398e+00 2.762675908094927024e+00 4.585393678605032691e-02
4.955999999999999517e+00 2.835738411449503449e+00 4.645631316974392633e-02
4.964000000000000412e+00 2.717011843498316814e+00 4.547339961106612594e-02
4.971999999999999531e+00 2.707879030578994595e+00 4.539690939777102363e-02
4.980000000000000426e+00 2.743649214513006029e+00 4.569576474940195698e-02
4.987999999999999545e+00 2.682002727307581935e+00 4.517948387414701117e-02
4.996000000000000441e+00 2.601329546520236846e+00 4.449480877011970092e-02
5.003999999999999559e+00 2.627205849791649506e+00 4.471556359059607882e-02
5.012000000000000455e+00 2.659170695009276830e+00 4.498676516308563328e-02
5.019999999999999574e+00 2.575453243248824631e+00 4.427295323054922932e-02
5.028000000000000469e+00 2.554143346437073081e+00 4.408941043695659839e-02
5.035999999999999588e+00 2.541966262544643751e+00 4.398418496369704833e-02
5.044000000000000483e+00 2.560231888383287746e+00 4.414192911005668241e-02
5.051999999999999602e+00 2.481841910825773212e+00 4.346089992443840505e-02
5.060000000000000497e+00 2.527505975422383866e+00 4.385890181973826213e-02
5.067999999999999616e+00 2.600568478776960291e+00 4.448829939860214633e-02
5.076000000000000512e+00 2.532833449625321531e+00 4.390510035978092973e-02
5.083999999999999631e+00 2.580780717451762296e+00 4.431872015890570699e-02
5.092000000000000526e+00 2.393558052605659903e+00 4.268090703697258875e-02
5.099999999999999645e+00 2.478797639852666101e+00 4.343423679314077634e-02
5.108000000000000540e+00 2.439983184945547112e+00 4.309283578740139703e-02
5.115999999999999659e+00 2.466620555960236327e+00 4.332742018681610963e-02
5.124000000000000554e+00 2.384425239686337683e+00 4.259940300262925195e-02
5.131999999999999673e+00 2.391274849375829348e+00 4.266054562671610373e-02
5.140000000000000568e+00 2.460532014014021662e+00 4.327391300964206211e-02
5.147999999999999687e+00 2.435416778485886002e+00 4.305249297707165052e-02
5.156000000000000583e+00 2.324300887967467588e+00 4.205889241886612284e-02
5.163999999999999702e+00 2.341805446062835028e+00 4.221697035587056168e-02
5.172000000000000597e+00 2.312884871818314814e+00 4.195547723306108229e-02
5.179999999999999716e+00 2.262654400762043494e+00 4.149738881668794260e-02
5.188000000000000611e+00 2.249716249126337164e+00 4.137857499643767673e-02
5.195999999999999730e+00 2.266459739478427604e+00 4.153226937157010468e-02
5.204000000000000625e+00 2.309840600845207703e+00 4.192785677105951431e-02
5.211999999999999744e+00 2.216990336165433284e+00 4.107651192606290302e-02
5.220000000000000639e+00 2.267981874964981603e+00 4.154621339391080526e-02
5.227999999999999758e+00 2.250477316869614164e+00 4.138557348697338018e-02
5.236000000000000654e+00 2.270265078194811714e+00 4.156712065685982255e-02
5.243999999999999773e+00 2.255804791072551829e+00 4.143452982253652966e-02
5.252000000000000668e+00 2.179698016744867850e+00 4.072956973292277821e-02
5.259999999999999787e+00 2.190352965150743625e+00 4.082899690375714485e-02
5.268000000000000682e+00 2.176653745771760740e+00 4.070111735799882696e-02
5.275999999999999801e+00 2.193397236123851179e+00 4.085736022562441727e-02
5.284000000000000696e+00 2.039661551981929666e+00 3.939950017976653202e-02
5.291999999999999815e+00 2.085325616578539876e+00 3.983809810980957350e-02
5.300000000000000711e+00 2.071626397199556990e+00 3.970702742625537018e-02
5.307999999999999829e+00 2.028245535832776891e+00 3.928908566978335515e-02
5.316000000000000725e+00 2.035856213265545556e+00 3.936272975628266058e-02
5.323999999999999844e+00 2.081520277862155766e+00 3.980173288259608588e-02
5.332000000000000739e+00 2.021395926143285227e+00 3.922268776841876525e-02
5.339999999999999858e+00 2.044989026185094261e+00 3.945092119564210659e-02
5.347999999999999865e+00 1.998563893844758299e+00 3.900054502802280387e-02
5.355999999999999872e+00 1.968882251857401844e+00 3.870985368351449740e-02
5.363999999999999879e+00 1.988670013182160412e+00 3.890388925357850941e-02
5.371999999999999886e+00 1.915607509828017196e+00 3.818254947628742235e-02
5.379999999999999893e+00 1.891253342042735763e+00 3.793905524644868021e-02
5.387999999999999901e+00 1.901147222705755757e+00 3.803816276349136077e-02
5.395999999999999908e+00 1.923979255003636313e+00 3.826589277302843567e-02
5.403999999999999915e+00 1.968882251857401844e+00 3.870985368351449740e-02
5.411999999999999922e+00 1.962793709910750861e+00 3.864995445430155496e-02
5.419999999999999929e+00 1.876793054920894210e+00 3.779373830287827835e-02
5.427999999999999936e+00 1.859288496825111991e+00 3.761707724397415215e-02
5.435999999999999943e+00 1.915607509828017196e+00 3.818254947628742235e-02
5.443999999999999950e+00 1.895058680759119651e+00 3.797720413014059326e-02
5.451999999999999957e+00 1.863854903285186326e+00 3.766324262512305704e-02
5.459999999999999964e+00 1.774048909578115563e+00 3.674467852730792239e-02
5.467999999999999972e+00 1.796880941876817239e+00 3.698037484087340204e-02
5.475999999999999979e+00 1.756544351482750121e+00 3.656294908166609486e-02
5.483999999999999986e+00 1.816668703202017232e+00 3.718343650374148629e-02
5.491999999999999993e+00 1.788509196700373893e+00 3.689412769212026266e-02
5.500000000000000000e+00 1.752739012766755478e+00 3.652332302789298296e-02
5.508000000000000007e+00 1.808296958025569445e+00 3.709766144945986915e-02
5.516000000000000014e+00 1.745128335333986369e+00 3.644394166252124673e-02
5.524000000000000021e+00 1.785464925727266783e+00 3.686271506174022827e-02
5.532000000000000028e+00 1.786987061214217132e+00 3.687842472155455908e-02
5.540000000000000036e+00 1.729145912724787015e+00 3.627667539333886970e-02
5.548000000000000043e+00 1.716968828832740046e+00 3.614871494032058374e-02
5.556000000000000050e+00 1.707836015913037908e+00 3.605244655384291091e-02
5.564000000000000057e+00 1.713163490116355492e+00 3.610863430382368899e-02
5.572000000000000064e+00 1.764916096658794453e+00 3.664997559012730943e-02
5.580000000000000071e+00 1.728384844981893931e+00 3.626869109141389602e-02
5.588000000000000078e+00 1.709358151399591463e+00 3.606850912828824668e-02
5.596000000000000085e+00 1.743606199847432370e+00 3.642804463159584477e-02
5.604000000000000092e+00 1.594436922164801373e+00 3.483496103269099337e-02
5.612000000000000099e+00 1.724579506265509377e+00 3.622874318735225946e-02
5.620000000000000107e+00 1.659888748086602250e+00 3.554275993218236618e-02
5.628000000000000114e+00 1.617268954463463082e+00 3.508348947076584540e-02
5.636000000000000121e+00 1.653800206140388251e+00 3.547751387453604299e-02
5.644000000000000128e+00 1.592914786678601535e+00 3.481832939602251542e-02
5.652000000000000135e+00 1.563994212433731157e+00 3.450080500154808355e-02
5.660000000000000142e+00 1.605091870571032420e+00 3.495116089184495400e-02
5.668000000000000149e+00 1.516808012350572499e+00 3.397636900764633427e-02
5.676000000000000156e+00 1.567799551150462989e+00 3.454275128452649612e-02
5.684000000000000163e+00 1.634773512558469477e+00 3.527284207391698234e-02
5.692000000000000171e+00 1.538117909162663111e+00 3.421420649409026571e-02
5.700000000000000178e+00 1.531268299472830829e+00 3.413793943739167058e-02
5.708000000000000185e+00 1.542684315622324664e+00 3.426495689008506734e-02
5.716000000000000192e+00 1.443745508996003846e+00 3.314797333771007937e-02
5.724000000000000199e+00 1.513763741377801564e+00 3.394225617876390350e-02
5.732000000000000206e+00 1.449072983198941289e+00 3.320907564456639788e-02
5.740000000000000213e+00 1.449834050942539809e+00 3.321779537050705000e-02
5.748000000000000220e+00 1.388187563736800856e+00 3.250391940025115084e-02
5.756000000000000227e+00 1.407975325062309047e+00 3.273476138961096960e-02
5.764000000000000234e+00 1.470382880010690396e+00 3.345236882856745392e-02
5.772000000000000242e+00 1.380576886304339723e+00 3.241469628548023646e-02
5.780000000000000249e+00 1.465816473551029731e+00 3.340038376401344850e-02
5.788000000000000256e+00 1.395037173426601385e+00 3.258401131486426267e-02
5.796000000000000263e+00 1.402647850859059186e+00 3.267277206582408500e-02
5.804000000000000270e+00 1.341762431397216737e+00 3.195578360292918724e-02
5.812000000000000277e+00 1.384382225020416968e+00 3.245933849955574130e-02
5.820000000000000284e+00 1.405692121832478270e+00 3.270820892230565102e-02
5.828000000000000291e+00 1.359266989492284194e+00 3.216355484400754139e-02
5.836000000000000298e+00 1.464294338064801471e+00 3.338303741968599858e-02
5.843999999999999417e+00 1.337196024937406857e+00 3.190135986157757036e-02
5.852000000000000313e+00 1.321974670071869973e+00 3.171927298695136066e-02
5.859999999999999432e+00 1.315125060382378530e+00 3.163699198457454315e-02
5.868000000000000327e+00 1.339479228167237412e+00 3.192858332822554046e-02
5.875999999999999446e+00 1.353178447546220520e+00 3.209143915945276981e-02
5.884000000000000341e+00 1.327302144274807860e+00 3.178312205542020014e-02
5.891999999999999460e+00 1.261089250609722878e+00 3.098022514495694241e-02
5.900000000000000355e+00 1.261850318352999656e+00 3.098957202257041424e-02
5.907999999999999474e+00 1.319691466842039418e+00 3.169186972223590054e-02
5.916000000000000369e+00 1.325018941044977305e+00 3.175577388854141508e-02
5.923999999999999488e+00 1.283160215164751206e+00 3.125014958713095287e-02
5.932000000000000384e+00 1.313602924895824753e+00 3.161867823948878026e-02
5.939999999999999503e+00 1.254239640920231436e+00 3.089597600082434267e-02
5.948000000000000398e+00 1.256522844150061768e+00 3.092408455190037361e-02
5.955999999999999517e+00 1.255761776406784991e+00 3.091471787455332687e-02
5.964000000000000412e+00 1.232168676365202886e+00 3.062292987056717750e-02
5.971999999999999531e+00 1.280877011934920651e+00 3.122233458421216912e-02
5.980000000000000426e+00 1.285443418394581760e+00 3.127793985459449005e-02
5.987999999999999545e+00 1.254239640920231436e+00 3.089597600082434267e-02
5.996000000000000441e+00 1.222274795702604111e+00 3.049973639934517450e-02
6.003999999999999559e+00 1.229885473135372553e+00 3.059454463671760008e-02
6.012000000000000455e+00 1.201725966634129339e+00 3.024226958188514294e-02
6.019999999999999574e+00 1.224557998932434666e+00 3.052820978634532278e-02
6.028000000000000469e+00 1.201725966634129339e+00 3.024226958188514294e-02
6.035999999999999588e+00 1.209336644066897781e+00 3.033788243371610821e-02
6.044000000000000483e+00 1.156822969780795907e+00 2.967188310474887236e-02
6.051999999999999602e+00 1.193354221458084119e+00 3.013674508395015536e-02
6.060000000000000497e+00 1.144645885888366355e+00 2.951530215369949084e-02
6.067999999999999616e+00 1.171283256903055792e+00 2.985675643919069935e-02
6.076000000000000512e+00 1.216947321499666224e+00 3.043319489735748021e-02
6.083999999999999631e+00 1.147690156861473909e+00 2.955452516390009304e-02
6.092000000000000526e+00 1.148451224604750687e+00 2.956432278563911331e-02
6.099999999999999645e+00 1.164433647213564349e+00 2.976932797495513913e-02
6.108000000000000540e+00 1.159106173010626462e+00 2.970115013448891908e-02
6.115999999999999659e+00 1.109636769697631919e+00 2.906043275952336497e-02
6.124000000000000554e+00 1.122574921333338027e+00 2.922936130055426088e-02
6.131999999999999673e+00 1.112681040670739252e+00 2.910026887522183456e-02
6.140000000000000568e+00 1.088326872885880370e+00 2.878003608571046493e-02
6.147999999999999687e+00 1.103548227751417032e+00 2.898059625494145419e-02
6.156000000000000583e+00 1.118769582616953917e+00 2.917977795475929642e-02
6.163999999999999702e+00 1.035813198599778495e+00 2.807710835386539525e-02
6.172000000000000597e+00 1.086804737399326592e+00 2.875990314439677911e-02
6.179999999999999716e+00 1.035052130856501496e+00 2.806679157660956284e-02
6.188000000000000611e+00 1.057884163154806823e+00 2.837466321739407979e-02
6.195999999999999730e+00 1.035052130856501496e+00 2.806679157660956284e-02
6.204000000000000625e+00 1.077671924480004595e+00 2.863880827752449468e-02
6.211999999999999744e+00 1.029724656653563608e+00 2.799446767909413020e-02
6.220000000000000639e+00 1.060167366384637377e+00 2.840526685370348831e-02
6.227999999999999758e+00 1.038096401829609050e+00 2.810803596561430723e-02
6.236000000000000654e+00 1.063972705101021488e+00 2.845619977402795431e-02
6.243999999999999773e+00 1.070822314790512930e+00 2.854765003582776517e-02
6.252000000000000668e+00 1.012981166301473168e+00 2.776593758940985174e-02
6.259999999999999787e+00 1.007653692098535281e+00 2.769282797855805028e-02
6.268000000000000682e+00 1.006892624355258503e+00 2.768236798650272612e-02
6.275999999999999801e+00 9.924323372329986181e-01 2.748287174319447718e-02
6.284000000000000696e+00 1.016025437274580501e+00 2.780762820987127751e-02
6.291999999999999815e+00 1.038096401829609050e+00 2.810803596561430723e-02
6.300000000000000711e+00 9.939544727195522844e-01 2.750393949005470323e-02
6.307999999999999829e+00 9.924323372329986181e-01 2.748287174319447718e-02
6.316000000000000725e+00 1.044184943775823715e+00 2.819034371417134324e-02
6.323999999999999844e+00 9.779720501107386221e-01 2.728191674288307778e-02
6.332000000000000739e+00 1.034291063113224718e+00 2.805647100572317490e-02
6.339999999999999858e+00 9.962376759493827283e-01 2.753551088689221854e-02
6.348000000000000753e+00 1.000043014665767060e+00 2.758804959310176552e-02
6.355999999999999872e+00 9.642728307317555148e-01 2.709016329201776457e-02
6.364000000000000767e+00 1.000804082409043838e+00 2.759854533234131976e-02
6.371999999999999886e+00 1.030485724396840608e+00 2.800481109998248855e-02
6.380000000000000782e+00 1.015264369531303723e+00 2.779721141676935389e-02
6.387999999999999901e+00 1.052556688951868935e+00 2.830312604521876760e-02
6.396000000000000796e+00 1.052556688951868935e+00 2.830312604521876760e-02
6.403999999999999915e+00 1.098981821291756145e+00 2.892057424451989836e-02
6.412000000000000810e+00 1.176610731105993679e+00 2.992457976042689136e-02
6.419999999999999929e+00 1.106592498724524587e+00 2.902054196136510250e-02
6.428000000000000824e+00 1.208575576323621004e+00 3.032833471280815124e-02
6.435999999999999943e+00 1.280115944191643873e+00 3.121305740837694229e-02
6.444000000000000838e+00 1.317408263612209085e+00 3.166444274200326536e-02
6.451999999999999957e+00 1.345567770113452077e+00 3.200106601702971260e-02
6.460000000000000853e+00 1.451356186428932826e+00 3.323522795914521377e-02
6.467999999999999972e+00 1.484843167133113706e+00 3.361645784924452429e-02
6.476000000000000867e+00 1.573127025353227015e+00 3.460139065230453947e-02
6.483999999999999986e+00 1.649994867424187772e+00 3.543667408446925238e-02
6.492000000000000881e+00 1.765677164402267296e+00 3.665787684614430636e-02
6.500000000000000000e+00 1.861571700055149270e+00 3.764016701223577011e-02
6.508000000000000895e+00 1.936917406639556249e+00 3.839434020249332669e-02
6.516000000000000014e+00 1.948333422788708802e+00 3.850732035902579981e-02
6.524000000000000909e+00 2.133272884404980640e+00 4.029348805859046811e-02
6.532000000000000028e+00 2.135556087634811195e+00 4.031504498642339562e-02
6.540000000000000924e+00 2.219273539395263839e+00 4.109765813694932907e-02
6.548000000000000043e+00 2.309840600845207703e+00 4.192785677105951431e-02
6.556000000000000938e+00 2.199485778070065845e+00 4.091402788146491359e-02
6.564000000000000057e+00 2.251238384612891164e+00 4.139257079423226682e-02
6.572000000000000952e+00 2.277875755627580379e+00 4.163673571259528944e-02
6.580000000000000071e+00 2.247433045896506609e+00 4.135757241916222793e-02
6.588000000000000966e+00 2.240583436207015389e+00 4.129450059532793760e-02
6.596000000000000085e+00 2.255043723329275274e+00 4.142753960235646266e-02
6.604000000000000981e+00 2.078476006889048211e+00 3.977261676100913440e-02
6.612000000000000099e+00 1.939200609869601966e+00 3.841696281481257746e-02
6.619999999999999218e+00 1.984103606722720237e+00 3.885919780947489494e-02
6.628000000000000114e+00 1.812102296742154506e+00 3.713667467030844910e-02
6.635999999999999233e+00 1.800686280593001953e+00 3.701951166507307794e-02
6.644000000000000128e+00 1.679676509411984542e+00 3.575398733642581872e-02
6.651999999999999247e+00 1.589109447962040678e+00 3.477671550592974919e-02
6.660000000000000142e+00 1.433851628333565387e+00 3.303419778002257556e-02
6.667999999999999261e+00 1.385143292763847622e+00 3.246825957668245805e-02
6.676000000000000156e+00 1.376010479844525625e+00 3.236104433760681603e-02
6.683999999999999275e+00 1.212380915040005114e+00 3.037604330720850010e-02
6.692000000000000171e+00 1.194876356944637896e+00 3.015595882200907546e-02
6.699999999999999289e+00 1.131707734252660247e+00 2.934801954743483654e-02
6.708000000000000185e+00 1.041140672802716383e+00 2.814921992318248148e-02
6.715999999999999304e+00 9.612285597586481822e-01 2.704736679879874914e-02
6.724000000000000199e+00 9.696003049346934022e-01 2.716489491894239980e-02
6.731999999999999318e+00 9.741667113943544010e-01 2.722878735118994600e-02
6.740000000000000213e+00 9.520957468393260736e-01 2.691856908215001579e-02
6.747999999999999332e+00 9.163255629053146389e-01 2.640806369780312676e-02
6.756000000000000227e+00 9.513346790960492960e-01 2.690780811066978070e-02
6.763999999999999346e+00 8.988210048099473104e-01 2.615461094607464745e-02
6.772000000000000242e+00 9.307858500275746350e-01 2.661561733934610097e-02
6.779999999999999361e+00 9.208919693649756377e-01 2.647378274683023780e-02
6.788000000000000256e+00 8.752279047683653168e-01 2.580906287207996100e-02
6.795999999999999375e+00 8.790332434847495380e-01 2.586510867721724533e-02
6.804000000000000270e+00 8.744668370250884282e-01 2.579783909991532204e-02
6.811999999999999389e+00 9.117591564456536402e-01 2.634218069196414200e-02
6.820000000000000284e+00 8.737057692818116506e-01 2.578661044253903467e-02
6.827999999999999403e+00 9.049095467561620865e-01 2.624304606213577126e-02
6.836000000000000298e+00 9.201309016216988601e-01 2.646284090600458869e-02
6.843999999999999417e+00 9.011042080397778653e-01 2.618780911168586828e-02
6.852000000000000313e+00 8.858828531742410917e-01 2.596568627771981760e-02
6.859999999999999432e+00 8.752279047683653168e-01 2.580906287207996100e-02
6.868000000000000327e+00 8.851217854309642030e-01 2.595453023583958047e-02
6.875999999999999446e+00 8.546790756998906557e-01 2.550428739190433933e-02
6.884000000000000341e+00 8.600065499028285432e-01 2.558365189213311283e-02
6.891999999999999460e+00 8.455462627805685472e-01 2.536765629794311000e-02
6.900000000000000355e+00 8.151035530494949999e-01 2.490680673342756529e-02
6.907999999999999474e+00 8.280417046852012186e-01 2.510370155024699290e-02
6.916000000000000369e+00 7.702005561961614566e-01 2.421104704829551979e-02
6.923999999999999488e+00 7.907493852646361177e-01 2.453189454854444798e-02
6.932000000000000384e+00 7.877051142915287851e-01 2.448462688507788143e-02
6.939999999999999503e+00 7.717226916827151229e-01 2.423495919935687165e-02
6.948000000000000398e+00 8.044486046436192250e-01 2.474348164907925335e-02
6.955999999999999517e+00 7.694394884528846790e-01 2.419908211203314688e-02
6.964000000000000412e+00 7.154036786802290271e-01 2.333389515844088574e-02
6.971999999999999531e+00 7.032265947877995860e-01 2.313445649907096974e-02
6.980000000000000426e+00 7.222532883697205808e-01 2.344533386953189663e-02
6.987999999999999545e+00 7.496517271276867955e-01 2.388589014896982249e-02
6.996000000000000441e+00 7.260586270861048019e-01 2.350701599104195252e-02
7.003999999999999559e+00 6.849609689491554798e-01 2.283203229830518127e-02
7.012000000000000455e+00 6.902884431520933672e-01 2.292065155356292488e-02
7.019999999999999574e+00 6.712617495701723724e-01 2.260255881296261565e-02
7.028000000000000469e+00 6.758281560298333712e-01 2.267930796017755476e-02
7.035999999999999588e+00 6.971380528415849209e-01 2.303408962013812900e-02
7.044000000000000483e+00 6.689785463403418175e-01 2.256408634454017820e-02
7.051999999999999602e+00 7.032265947877995860e-01 2.313445649907096974e-02
7.060000000000000497e+00 6.362526333794377154e-01 2.200525745907179823e-02
7.067999999999999616e+00 6.750670882865565936e-01 2.266653448241959593e-02
7.076000000000000512e+00 6.720228173134491501e-01 2.261536842510620052e-02
7.083999999999999631e+00 6.392969043525450479e-01 2.205783879439372763e-02
7.092000000000000526e+00 6.773502915163870375e-01 2.270483335706928452e-02
7.099999999999999645e+00 6.179870075407936092e-01 2.168709241008298302e-02
7.108000000000000540e+00 6.385358366092682703e-01 2.204470521847829920e-02
7.115999999999999659e+00 6.735449528000028163e-01 2.264096590746524432e-02
7.124000000000000554e+00 6.819166979760481473e-01 2.278123794773727687e-02
7.131999999999999673e+00 6.278808882033924954e-01 2.186000664756562739e-02
7.140000000000000568e+00 6.689785463403418175e-01 2.256408634454017820e-02
7.147999999999999687e+00 6.491907850151440451e-01 2.222786912206375920e-02
7.156000000000000583e+00 6.415801075823756028e-01 2.209719268615428431e-02
7.163999999999999702e+00 6.118984655945788331e-01 2.157999500288697650e-02
7.172000000000000597e+00 6.027656526752568356e-01 2.141834482415363658e-02
7.179999999999999716e+00 6.621289366508502638e-01 2.244827333170985526e-02
7.188000000000000611e+00 5.738450784307369545e-01 2.089820515814221416e-02
7.195999999999999730e+00 6.598457334210197089e-01 2.240953598907363328e-02
7.204000000000000625e+00 6.316862269197767166e-01 2.192614902760847348e-02
7.211999999999999744e+00 6.606068011642965976e-01 2.242245587252749903e-02
7.220000000000000639e+00 6.720228173134491501e-01 2.261536842510620052e-02
7.227999999999999758e+00 5.981992462155957258e-01 2.133706048984278236e-02
7.236000000000000654e+00 5.913496365261041721e-01 2.121455003902984748e-02
7.243999999999999773e+00 6.210312785139009417e-01 2.174044327153669062e-02
7.252000000000000668e+00 6.278808882033924954e-01 2.186000664756562739e-02
7.259999999999999787e+00 6.278808882033924954e-01 2.186000664756562739e-02
7.268000000000000682e+00 6.659342753672344850e-01 2.251268744784679088e-02
7.275999999999999801e+00 6.248366172302851629e-01 2.180694830076385093e-02
7.284000000000000696e+00 6.568014624479123764e-01 2.235778179529803941e-02
7.291999999999999815e+00 6.195091430273472755e-01 2.171378422622809168e-02
7.300000000000000711e+00 6.978991205848616985e-01 2.304665938348574375e-02
7.307999999999999829e+00 5.837389590933358408e-01 2.107759218364223600e-02
7.316000000000000725e+00 6.469075817853134902e-01 2.218874699882861581e-02
7.323999999999999844e+00 6.469075817853134902e-01 2.218874699882861581e-02
7.332000000000000739e+00 7.032265947877995860e-01 2.313445649907096974e-02
7.339999999999999858e+00 6.644121398806808187e-01 2.248694394320236573e-02
7.348000000000000753e+00 6.689785463403418175e-01 2.256408634454017820e-02
7.355999999999999872e+00 6.644121398806808187e-01 2.248694394320236573e-02
7.364000000000000767e+00 6.461465140420366016e-01 2.217569095356826739e-02
7.371999999999999886e+00 6.712617495701723724e-01 2.260255881296261565e-02
7.380000000000000782e+00 6.621289366508502638e-01 2.244827333170985526e-02
7.387999999999999901e+00 6.788724270029407037e-01 2.273033008981609551e-02
7.396000000000000796e+00 7.055097980176301409e-01 2.317198200061825961e-02
7.403999999999999915e+00 7.382357109785342431e-01 2.370332015901582476e-02
7.412000000000000810e+00 7.397578464650879093e-01 2.372774398843090909e-02
7.419999999999999929e+00 7.466074561545794630e-01 2.383734154156514837e-02
7.428000000000000824e+00 7.176868819100595820e-01 2.337110043610870699e-02
7.435999999999999943e+00 7.405189142083646869e-01 2.373994648036038824e-02
7.444000000000000838e+00 7.108372722205680283e-01 2.325930606458352645e-02
7.451999999999999957e+00 7.587845400470089041e-01 2.403094749540541156e-02
7.460000000000000853e+00 8.196699595091559987e-01 2.497647625898120199e-02
7.467999999999999972e+00 7.595456077902856817e-01 2.404299610358051967e-02
7.476000000000000867e+00 7.831387078318677863e-01 2.441355379788734750e-02
7.483999999999999986e+00 8.021654014137887811e-01 2.470834295918591245e-02
7.492000000000000881e+00 7.747669626558224554e-01 2.428271285984986635e-02
7.500000000000000000e+00 7.313861012890426894e-01 2.359310004158202134e-02
7.508000000000000895e+00 7.838997755751445640e-01 2.442541367412630338e-02
7.516000000000000014e+00 8.265195691986475524e-01 2.508061768187060114e-02
7.524000000000000909e+00 7.466074561545794630e-01 2.383734154156514837e-02
7.532000000000000028e+00 7.663952174797772354e-01 2.415116309053244592e-02
7.540000000000000924e+00 7.504127948709636842e-01 2.389801189050064223e-02
7.548000000000000043e+00 7.283418303159353568e-01 2.354394769643934626e-02
7.556000000000000938e+00 7.222532883697205808e-01 2.344533386953189663e-02
7.564000000000000057e+00 7.329082367755963556e-01 2.361763785376959704e-02
7.572000000000000952e+00 7.237754238562742470e-01 2.347002617113011502e-02
7.580000000000000071e+00 7.047487302743532522e-01 2.315948025597984114e-02
7.588000000000000966e+00 7.298639658024890231e-01 2.356853668245834435e-02
7.596000000000000085e+00 7.351914400054269105e-01 2.365439684543615972e-02
7.604000000000000981e+00 7.207311528831669145e-01 2.342061553491083317e-02
7.612000000000000099e+00 7.283418303159353568e-01 2.354394769643934626e-02
7.620000000000000995e+00 7.100762044772911397e-01 2.324685128132658596e-02
7.628000000000000114e+00 7.351914400055084009e-01 2.365439684543878263e-02
7.635999999999999233e+00 6.978991205848616985e-01 2.304665938348574375e-02
7.644000000000000128e+00 6.956159173550312547e-01 2.300892949289127729e-02
7.651999999999999247e+00 6.644121398806808187e-01 2.248694394320236573e-02
7.660000000000000142e+00 7.291028980592121345e-01 2.355624539782450247e-02
7.667999999999999261e+00 6.765892237731102599e-01 2.269207424768457382e-02
7.676000000000000156e+00 7.108372722205680283e-01 2.325930606458352645e-02
7.683999999999999275e+00 7.062708657609069185e-01 2.318447700395316266e-02
7.692000000000000171e+00 7.496517271276867955e-01 2.388589014896982249e-02
7.699999999999999289e+00 7.199700851398900259e-01 2.340824657944823653e-02
7.708000000000000185e+00 7.100762044772911397e-01 2.324685128132658596e-02
7.715999999999999304e+00 6.940937818684774774e-01 2.298374182306112470e-02
7.724000000000000199e+00 6.940937818684774774e-01 2.298374182306112470e-02
7.731999999999999318e+00 6.872441721789859237e-01 2.287005402705512974e-02
7.740000000000000213e+00 6.986601883281385872e-01 2.305922229495756259e-02
7.747999999999999332e+00 6.803945624894943700e-01 2.275579825476821416e-02
7.756000000000000227e+00 6.887663076655397010e-01 2.289536676753909511e-02
7.763999999999999346e+00 6.408190398390988252e-01 2.208408251431727420e-02
7.772000000000000242e+00 6.301640914332230503e-01 2.189971604750123174e-02
7.779999999999999361e+00 6.476686495285903788e-01 2.220179536631852052e-02
7.788000000000000256e+00 6.940937818684774774e-01 2.298374182306112470e-02
7.795999999999999375e+00 7.313861012890426894e-01 2.359310004158202134e-02
7.804000000000000270e+00 6.788724270029407037e-01 2.273033008981609551e-02
7.811999999999999389e+00 6.301640914332230503e-01 2.189971604750123174e-02
7.820000000000000284e+00 6.743060205432797050e-01 2.265375380224787100e-02
7.827999999999999403e+00 6.354915656361609377e-01 2.199209248184852417e-02
7.836000000000000298e+00 6.507129205016977114e-01 2.225391232856165427e-02
7.843999999999999417e+00 6.324472946630534942e-01 2.193935357504300798e-02
7.852000000000000313e+00 6.438633108122061577e-01 2.213647661527461466e-02
7.859999999999999432e+00 6.354915656361609377e-01 2.199209248184852417e-02
7.868000000000000327e+00 6.385358366092682703e-01 2.204470521847829920e-02
7.875999999999999446e+00 6.514739882449744890e-01 2.226692250934477271e-02
7.884000000000000341e+00 6.217923462571778304e-01 2.175376054278343324e-02
7.891999999999999460e+00 6.134206010811326104e-01 2.160681912138711497e-02
7.900000000000000355e+00 6.324472946630534942e-01 2.193935357504300798e-02
7.907999999999999474e+00 6.431022430689292690e-01 2.212338972284182831e-02
7.916000000000000369e+00 6.446243785554829353e-01 2.214955577542033691e-02
7.923999999999999488e+00 6.354915656361609377e-01 2.199209248184852417e-02
7.932000000000000384e+00 6.507129205016977114e-01 2.225391232856165427e-02
7.939999999999999503e+00 6.392969043525450479e-01 2.205783879439372763e-02
7.948000000000000398e+00 6.659342753672344850e-01 2.251268744784679088e-02
7.955999999999999517e+00 6.431022430689292690e-01 2.212338972284182831e-02
7.964000000000000412e+00 6.248366172302851629e-01 2.180694830076385093e-02
7.971999999999999531e+00 6.354915656361609377e-01 2.199209248184852417e-02
7.980000000000000426e+00 6.324472946630534942e-01 2.193935357504300798e-02
7.987999999999999545e+00 6.636510721374039301e-01 2.247406113266734243e-02
7.996000000000000441e+00 6.735449528000028163e-01 2.264096590746524432e-02
8.003999999999999559e+00 6.781113592597390882e-01 2.271758530042876367e-02
8.012000000000000455e+00 6.362526333793671052e-01 2.200525745906935227e-02
8.019999999999999574e+00 6.301640914331529952e-01 2.189971604749879966e-02
8.028000000000000469e+00 6.568014624479852070e-01 2.235778179530052007e-02
8.035999999999999588e+00 6.529961237316006528e-01 2.229292009264349783e-02
8.044000000000000483e+00 6.347304978928135499e-01 2.197891961903984323e-02
8.051999999999999602e+00 6.362526333793671052e-01 2.200525745906935227e-02
8.060000000000000497e+00 6.233144817438006635e-01 2.178037065737357253e-02
8.067999999999999616e+00 6.910495108954468613e-01 2.293328349255334409e-02
8.076000000000000512e+00 6.887663076654630956e-01 2.289536676753654854e-02
8.083999999999999631e+00 6.720228173133745431e-01 2.261536842510368864e-02
8.092000000000000526e+00 7.024655270446006350e-01 2.312193446486840095e-02
8.099999999999999645e+00 7.047487302744314119e-01 2.315948025598240853e-02
8.108000000000000540e+00 6.705006818268209878e-01 2.258974193707099717e-02
8.115999999999999659e+00 6.956159173549539831e-01 2.300892949288872030e-02
8.124000000000000554e+00 6.872441721790621960e-01 2.287005402705766591e-02
8.131999999999999673e+00 6.705006818269698687e-01 2.258974193707601053e-02
8.140000000000000568e+00 6.743060205432047649e-01 2.265375380224535565e-02
8.147999999999999687e+00 7.100762044772123138e-01 2.324685128132400469e-02
8.156000000000000583e+00 6.666953431105853145e-01 2.252554816723463180e-02
8.163999999999999702e+00 6.940937818685545269e-01 2.298374182306367128e-02
8.172000000000000597e+00 6.864831044356328738e-01 2.285738714486955370e-02
8.179999999999999716e+00 6.902884431520166508e-01 2.292065155356037831e-02
8.188000000000000611e+00 7.237754238563545162e-01 2.347002617113272058e-02
8.195999999999999730e+00 6.712617495702467574e-01 2.260255881296512059e-02
8.204000000000000625e+00 7.024655270444447597e-01 2.312193446486326617e-02
8.211999999999999744e+00 7.184479496532565346e-01 2.338348904044081078e-02
8.220000000000000639e+00 7.405189142084468434e-01 2.373994648036302155e-02
8.227999999999999758e+00 6.933327141252776382e-01 2.297113763137101708e-02
8.236000000000000654e+00 6.940937818684004279e-01 2.298374182305857119e-02
8.243999999999999773e+00 7.260586270860240887e-01 2.350701599103934350e-02
8.252000000000000668e+00 7.686784207096930555e-01 2.418711125693177866e-02
8.259999999999999787e+00 6.834388334626776418e-01 2.280664926400310585e-02
8.268000000000000682e+00 6.568014624478394348e-01 2.235778179529555529e-02
8.275999999999999801e+00 7.511738626141570840e-01 2.391012748665802615e-02
8.284000000000000696e+00 6.788724270030160879e-01 2.273033008981861780e-02
8.291999999999999815e+00 7.176868819101391850e-01 2.337110043611129867e-02
8.300000000000000711e+00 6.933327141251236503e-01 2.297113763136591699e-02
8.307999999999999829e+00 7.199700851398100898e-01 2.340824657944563791e-02
8.316000000000000725e+00 7.260586270861852931e-01 2.350701599104456155e-02
8.323999999999999844e+00 7.009433915580468577e-01 2.309687002989703475e-02
8.332000000000000739e+00 6.902884431520166508e-01 2.292065155356037831e-02
8.339999999999999858e+00 6.925716463818468727e-01 2.295852651999467919e-02
8.348000000000000753e+00 6.841999012059545304e-01 2.281934431049915252e-02
8.355999999999999872e+00 7.367135754920622892e-01 2.367887113739203242e-02
8.364000000000000767e+00 7.382357109784521976e-01 2.370332015901319145e-02
8.371999999999999886e+00 7.397578464650057528e-01 2.372774398842827231e-02
8.380000000000000782e+00 7.131204754504776311e-01 2.329663046313053959e-02
8.387999999999999901e+00 6.849609689492314191e-01 2.283203229830771397e-02
8.396000000000000796e+00 7.359525077486219757e-01 2.366663715509899346e-02
8.403999999999999915e+00 7.017044593011679821e-01 2.310940564548502954e-02
8.412000000000000810e+00 6.796334947462929765e-01 2.274306773726821052e-02
8.419999999999999929e+00 7.131204754504776311e-01 2.329663046313053959e-02
8.428000000000000824e+00 7.344303722620684205e-01 2.364215019856272249e-02
8.435999999999999943e+00 7.077930012473819810e-01 2.320944683025483873e-02
8.444000000000000838e+00 7.039876625311545233e-01 2.314697175911748644e-02
8.451999999999999957e+00 7.146426109370315194e-01 2.332148020935582294e-02
8.460000000000000853e+00 7.260586270860240887e-01 2.350701599103934350e-02
8.467999999999999972e+00 7.610677432767548600e-01 2.406707522438844907e-02
8.476000000000000867e+00 7.192090173966929623e-01 2.339587108475585375e-02
8.483999999999999986e+00 7.572624045605391707e-01 2.400683213810907157e-02
8.492000000000000881e+00 7.473685238977733070e-01 2.384948795842287486e-02
8.500000000000000000e+00 7.405189142082824194e-01 2.373994648035775146e-02
8.508000000000000895e+00 7.359525077487852895e-01 2.366663715510424620e-02
8.516000000000000014e+00 7.123594077072007424e-01 2.328419564481035153e-02
8.524000000000000909e+00 7.237754238561938669e-01 2.347002617112750947e-02
8.532000000000000028e+00 7.374746432351754200e-01 2.369109880209917252e-02
8.540000000000000924e+00 7.397578464651699548e-01 2.372774398843353894e-02
8.548000000000000043e+00 7.458463884113853970e-01 2.382518893229384344e-02
8.556000000000000938e+00 7.534570658439873059e-01 2.394643749616649775e-02
8.564000000000000057e+00 7.161647464234263127e-01 2.334630350558405606e-02
8.572000000000000952e+00 7.686784207096930555e-01 2.418711125693177866e-02
8.580000000000000071e+00 7.344303722622315123e-01 2.364215019856797176e-02
8.588000000000000966e+00 7.915104530078250766e-01 2.454369724085243148e-02
8.596000000000000085e+00 7.587845400469246382e-01 2.403094749540274008e-02
8.604000000000000981e+00 7.298639658025699584e-01 2.356853668246096031e-02
8.612000000000000099e+00 7.313861012891237356e-01 2.359310004158463731e-02
8.620000000000000995e+00 7.565013368170943053e-01 2.399476537074772195e-02
8.628000000000000114e+00 7.397578464650057528e-01 2.372774398842827231e-02
8.636000000000001009e+00 7.625898787634776133e-01 2.409113027809909116e-02
8.644000000000000128e+00 7.321471690324007353e-01 2.360537213606423226e-02
8.652000000000001023e+00 7.176868819099798680e-01 2.337110043610611185e-02
8.660000000000000142e+00 7.199700851399699619e-01 2.340824657945083515e-02
8.667999999999999261e+00 7.138815431935960909e-01 2.330905864777205877e-02
8.676000000000000156e+00 7.504127948710468399e-01 2.389801189050329289e-02
8.683999999999999275e+00 7.435631851815546201e-01 2.378869385506331494e-02
8.692000000000000171e+00 7.336693045187916429e-01 2.362989720463343560e-02
8.699999999999999289e+00 7.192090173965333122e-01 2.339587108475065999e-02
8.708000000000000185e+00 7.724837594260777207e-01 2.424690643163533721e-02
8.715999999999999304e+00 7.937936562378314909e-01 2.457907131240854789e-02
8.724000000000000199e+00 7.549792013305408611e-01 2.397061361287027015e-02
8.731999999999999318e+00 7.519349303574337506e-01 2.392223694678438650e-02
8.740000000000000213e+00 7.504127948710468399e-01 2.389801189050329289e-02
8.747999999999999332e+00 7.732448271693546094e-01 2.425884778002318498e-02
8.756000000000000227e+00 7.580234723036478606e-01 2.401889284327957813e-02
8.763999999999999346e+00 7.420410496948359746e-01 2.376433266704459923e-02
8.772000000000000242e+00 7.542181335874315051e-01 2.395852860398400841e-02
8.779999999999999361e+00 7.443242529248315087e-01 2.380086509855857541e-02
8.788000000000000256e+00 7.618288110200316376e-01 2.407910575511949466e-02
8.795999999999999375e+00 8.021654014136996302e-01 2.470834295918316811e-02
8.804000000000000270e+00 7.115983399639237428e-01 2.327175418218293060e-02
8.811999999999999389e+00 7.511738626143238395e-01 2.391012748666333440e-02
8.820000000000000284e+00 7.587845400469246382e-01 2.403094749540274008e-02
8.827999999999999403e+00 7.572624045603710830e-01 2.400683213810373903e-02
8.836000000000000298e+00 7.176868819101391850e-01 2.337110043611129867e-02
8.843999999999999417e+00 7.587845400470930590e-01 2.403094749540807609e-02
8.852000000000000313e+00 7.252975593427474221e-01 2.349469252178293388e-02
8.859999999999999432e+00 7.618288110200316376e-01 2.407910575511949466e-02
8.868000000000000327e+00 8.227142304823547025e-01 2.502281484475750439e-02
8.875999999999999446e+00 7.412799819517238431e-01 2.375214270335114855e-02
8.884000000000000341e+00 8.021654014136996302e-01 2.470834295918316811e-02
8.891999999999999460e+00 7.998821981838692974e-01 2.467315422598106642e-02
8.900000000000000355e+00 7.762890981424622749e-01 2.430655450806967419e-02
8.907999999999999474e+00 7.861829788050622714e-01 2.446095880136137102e-02
8.916000000000000369e+00 7.823776400885039672e-01 2.440168815742777692e-02
8.923999999999999488e+00 7.785723013721201902e-01 2.434227319670595122e-02
8.932000000000000384e+00 7.884661820348930483e-01 2.449645235154405618e-02
8.939999999999999503e+00 8.303249079151239220e-01 2.513828760782211430e-02
8.948000000000000398e+00 8.014043336704228526e-01 2.469661895237403038e-02
8.955999999999999517e+00 7.420410496948359746e-01 2.376433266704459923e-02
8.964000000000000412e+00 8.166256885361392603e-01 2.493005154178714114e-02
8.971999999999999531e+00 7.983600626974930448e-01 2.464966716285646800e-02
8.980000000000000426e+00 7.838997755750575225e-01 2.442541367412359027e-02
8.987999999999999545e+00 7.945547239809320761e-01 2.459085136163554480e-02
8.996000000000000441e+00 7.785723013722930519e-01 2.434227319671135661e-02
9.003999999999999559e+00 7.778112336290161632e-01 2.433037279355734425e-02
9.012000000000000455e+00 7.945547239809320761e-01 2.459085136163554480e-02
9.019999999999999574e+00 7.450853206679429741e-01 2.381303012112042164e-02
9.028000000000000469e+00 7.808555046021238288e-01 2.437793955019377373e-02
9.035999999999999588e+00 8.249974337121853685e-01 2.505751254782857818e-02
9.044000000000000483e+00 8.318470434014930692e-01 2.516131856785361678e-02
9.051999999999999602e+00 7.922715207511017432e-01 2.455549426015456171e-02
9.060000000000000497e+00 8.562012111865392461e-01 2.552698814174340219e-02
9.067999999999999616e+00 8.158646207928623717e-01 2.491843184805791686e-02
9.076000000000000512e+00 7.998821981838692974e-01 2.467315422598106642e-02
9.083999999999999631e+00 8.097760788464671844e-01 2.482527850573242045e-02
9.092000000000000526e+00 8.265195691987392568e-01 2.508061768187338364e-02
9.099999999999999645e+00 8.447851950373854724e-01 2.535623714080736946e-02
9.108000000000000540e+00 8.158646207926811833e-01 2.491843184805238309e-02
9.115999999999999659e+00 8.052096723868066297e-01 2.475518346181344864e-02
9.124000000000000554e+00 8.318470434016776993e-01 2.516131856785920259e-02
9.131999999999999673e+00 8.333691788882315876e-01 2.518432846619121993e-02
9.140000000000000568e+00 8.927324628636333914e-01 2.606587579310399444e-02
9.147999999999999687e+00 7.937936562376552985e-01 2.457907131240309045e-02
9.156000000000000583e+00 8.288027724285700337e-01 2.511523552813848745e-02
9.163999999999999702e+00 8.052096723869853756e-01 2.475518346181894425e-02
9.172000000000000597e+00 8.531569402132421764e-01 2.548156641866809388e-02
9.179999999999999716e+00 8.295638401716627364e-01 2.512676421156225665e-02
9.188000000000000611e+00 8.128203498197545951e-01 2.487189878812794477e-02
9.195999999999999730e+00 8.021654014138777100e-01 2.470834295918865331e-02
9.204000000000000625e+00 8.326081111447698468e-01 2.517282614612176284e-02
9.211999999999999744e+00 8.523958724699653988e-01 2.547019833136635047e-02
9.220000000000000639e+00 8.478294660104931380e-01 2.540188296918725191e-02
9.227999999999999758e+00 8.310859756584008107e-01 2.514980572416891311e-02
9.236000000000000654e+00 8.394577208342606234e-01 2.527615859207206842e-02
9.243999999999999773e+00 7.846608433183343001e-01 2.443726779453709794e-02
9.252000000000000668e+00 8.470683982672162493e-01 2.539047920521447441e-02
9.259999999999999787e+00 8.432630595508315841e-01 2.533338338479772939e-02
9.268000000000000682e+00 8.470683982670281775e-01 2.539047920520884002e-02
9.275999999999999801e+00 8.577233466729027311e-01 2.554966872208193351e-02
9.284000000000000696e+00 8.386966530911700302e-01 2.526469807977142074e-02
9.291999999999999815e+00 8.691393628222470191e-01 2.571913555033044155e-02
9.300000000000000711e+00 8.645729563623935077e-01 2.565148316953308472e-02
9.307999999999999829e+00 8.249974337120022927e-01 2.505751254782301665e-02
9.316000000000000725e+00 7.998821981840469331e-01 2.467315422598654467e-02
9.323999999999999844e+00 9.071927499860932276e-01 2.627613249603339904e-02
9.332000000000000739e+00 8.797943112279286160e-01 2.587630327140966538e-02
9.339999999999999858e+00 8.493516014968583994e-01 2.542467515229470537e-02
9.348000000000000753e+00 8.577233466730931344e-01 2.554966872208760606e-02
9.355999999999999872e+00 8.942545983503854545e-01 2.608808787706641888e-02
9.364000000000000767e+00 8.607676176460097306e-01 2.559496958872108444e-02
9.371999999999999886e+00 9.079538177291684997e-01 2.628715205302111640e-02
9.380000000000000782e+00 8.797943112281239042e-01 2.587630327141541078e-02
9.387999999999999901e+00 8.729447015386315734e-01 2.577537689356945369e-02
9.396000000000000796e+00 8.653340241056702853e-01 2.566277095145213377e-02
9.403999999999999915e+00 8.501126692401351770e-01 2.543606358518487459e-02
9.412000000000000810e+00 8.775111079982931273e-01 2.584270494094404944e-02
9.419999999999999929e+00 8.622897531327546883e-01 2.561758998164272161e-02
9.428000000000000824e+00 9.132812919321058320e-01 2.636415998714252557e-02
9.435999999999999943e+00 8.797943112279286160e-01 2.587630327140966538e-02
9.444000000000000838e+00 8.919713951205546776e-01 2.605476265007935013e-02
9.451999999999999957e+00 8.843607176877854581e-01 2.594336939669563205e-02
9.460000000000000853e+00 9.239362403379803856e-01 2.651750496116925607e-02
9.467999999999999972e+00 8.752279047682680613e-01 2.580906287207709524e-02
9.476000000000000867e+00 8.919713951205546776e-01 2.605476265007935013e-02
9.483999999999999986e+00 8.980599370667701198e-01 2.614353552277929454e-02
9.492000000000000881e+00 9.246973080812571633e-01 2.652842425541879559e-02
9.500000000000000000e+00 9.353522564871317169e-01 2.668082515615815414e-02
9.508000000000000895e+00 9.148034274188624471e-01 2.638612097386936264e-02
9.516000000000000014e+00 9.703613726780778714e-01 2.717555408942387563e-02
9.524000000000000909e+00 9.520957468392202694e-01 2.691856908214702512e-02
9.532000000000000028e+00 9.498125436093900475e-01 2.688627324678436945e-02
9.540000000000000924e+00 9.947155404629394182e-01 2.751446731417155761e-02
9.548000000000000043e+00 9.703613726780778714e-01 2.717555408942387563e-02
9.556000000000000938e+00 1.011459030814807258e+00 2.774506878706771429e-02
9.564000000000000057e+00 9.954766082059953725e-01 2.752499111157231948e-02
9.572000000000000952e+00 1.014503301788139522e+00 2.778679071859302060e-02
9.580000000000000071e+00 1.041901740546108623e+00 2.815950650124618079e-02
9.588000000000000966e+00 1.028202521166895700e+00 2.797376936374429759e-02
9.596000000000000085e+00 1.051795621208475140e+00 2.829289168362800547e-02
9.604000000000000981e+00 1.148451224604878140e+00 2.956432278564239541e-02
9.612000000000000099e+00 1.128663463279677925e+00 2.930852017617712607e-02
9.620000000000000995e+00 1.151495495577730122e+00 2.960348084622298898e-02
9.628000000000000114e+00 1.209336644066763444e+00 3.033788243371273591e-02
9.636000000000001009e+00 1.175088595619570464e+00 2.990521736451076315e-02
9.644000000000000128e+00 1.141601614915385809e+00 2.947602695047187721e-02
9.652000000000001023e+00 1.230646540878512551e+00 3.060400930658847829e-02
9.660000000000000142e+00 1.236735082824726550e+00 3.067962155106553762e-02
9.668000000000001037e+00 1.269460995785908874e+00 3.108288621156115109e-02
9.676000000000000156e+00 1.254239640920370435e+00 3.089597600082777049e-02
9.683999999999999275e+00 1.245867895744324327e+00 3.079269179262025119e-02
9.692000000000000171e+00 1.223796931189021775e+00 3.051872160902299042e-02
9.699999999999999289e+00 1.292293028083929762e+00 3.136116290152711483e-02
9.708000000000000185e+00 1.290009824854385867e+00 3.133344644636122667e-02
9.715999999999999304e+00 1.313602924895970414e+00 3.161867823949228440e-02
9.724000000000000199e+00 1.285443418394438986e+00 3.127793985459101367e-02
9.731999999999999318e+00 1.321213602328446424e+00 3.171014119663712050e-02
9.740000000000000213e+00 1.353178447546370622e+00 3.209143915945632947e-02
9.747999999999999332e+00 1.399603579886262938e+00 3.263729673282304844e-02
9.756000000000000227e+00 1.328824279761213978e+00 3.180134110079677751e-02
9.763999999999999346e+00 1.299142637773420539e+00 3.144416568339550994e-02
9.772000000000000242e+00 1.296859434543878198e+00 3.141652245548028771e-02
9.779999999999999361e+00 1.247390031230878105e+00 3.081149649165090473e-02
9.788000000000000256e+00 1.196398492431058669e+00 3.017516032590742553e-02
9.795999999999999375e+00 1.235974015081449773e+00 3.067018021477456099e-02
9.804000000000000270e+00 1.267938860299355097e+00 3.106424579836350799e-02
9.811999999999999389e+00 1.175088595619570464e+00 2.990521736451076315e-02
9.820000000000000284e+00 1.215425186012977443e+00 3.041415629999666415e-02
9.827999999999999403e+00 1.160628308497051231e+00 2.972064547635141704e-02
9.836000000000000298e+00 1.111158905184308709e+00 2.908035763863090969e-02
9.843999999999999417e+00 1.095937550318770271e+00 2.888049026927255389e-02
9.852000000000000313e+00 1.119530650360106350e+00 2.918970136193112588e-02
9.859999999999999432e+00 1.086043669655929245e+00 2.874983138672370514e-02
9.868000000000000327e+00 1.054078824438539508e+00 2.832358367423571527e-02
9.875999999999999446e+00 1.090610076115831939e+00 2.881020911802880877e-02
9.884000000000000341e+00 1.079955127709715024e+00 2.866912994644574622e-02
9.891999999999999460e+00 1.089849008372312911e+00 2.880015495295685721e-02
9.900000000000000355e+00 1.043423876032662623e+00 2.818006839263239097e-02
9.907999999999999474e+00 1.053317756695262508e+00 2.831335670741947502e-02
9.916000000000000369e+00 1.040379605059323920e+00 2.813892958471699013e-02
9.923999999999999488e+00 1.062450569614349805e+00 2.843583755333216681e-02
9.932000000000000384e+00 1.018308640504524076e+00 2.783885520254326951e-02
9.939999999999999503e+00 9.931934049763855299e-01 2.749340763461127421e-02
9.948000000000000398e+00 1.043423876032430808e+00 2.818006839262613555e-02
9.955999999999999517e+00 1.059406298641242694e+00 2.839506930648471802e-02
9.964000000000000412e+00 1.006131556612093192e+00 2.767190404056909733e-02
9.971999999999999531e+00 1.032768927626785516e+00 2.803581846630210858e-02
9.980000000000000426e+00 9.619896275018181564e-01 2.705807226796570417e-02
9.987999999999999545e+00 1.001565150152209371e+00 2.760903708156055986e-02
9.996000000000000441e+00 1.027441453423847184e+00 2.796341446079949125e-02
