# E / keV # rel_F # rel_F_err #
2.004000000000000004e+00 4.409586523968631155e+00 6.692724927004729818e-02
2.012000000000000011e+00 4.355749139547913096e+00 6.651743151675289234e-02
2.020000000000000018e+00 4.302927554833246404e+00 6.611287730359032000e-02
2.028000000000000025e+00 4.062183024499091744e+00 6.423678324926225536e-02
2.036000000000000032e+00 4.085546417738271430e+00 6.442124533255638719e-02
2.044000000000000039e+00 4.016472037726783739e+00 6.387433847239495921e-02
2.052000000000000046e+00 3.930129062712424570e+00 6.318404819768115577e-02
2.060000000000000053e+00 3.690400332084320834e+00 6.122669003419031752e-02
2.068000000000000060e+00 3.523809180291910259e+00 5.982879181064368335e-02
2.076000000000000068e+00 3.507556384995089704e+00 5.969065877368352757e-02
2.084000000000000075e+00 3.439497804689653382e+00 5.910872066766283822e-02
2.092000000000000082e+00 3.427308208217037855e+00 5.900388690971151290e-02
2.100000000000000089e+00 3.226179866418883435e+00 5.724641962583230242e-02
2.108000000000000096e+00 3.199769074061550089e+00 5.701161710444387770e-02
2.116000000000000103e+00 3.133742093168216503e+00 5.642033584693390003e-02
2.124000000000000110e+00 3.114441898753241844e+00 5.624632579348940592e-02
2.132000000000000117e+00 2.996609132851292934e+00 5.517204614930410617e-02
2.140000000000000124e+00 2.914329356661138792e+00 5.440932736060074409e-02
2.148000000000000131e+00 2.846270776355702470e+00 5.377026146453527805e-02
2.156000000000000139e+00 2.800559789583394910e+00 5.333673978635986024e-02
2.164000000000000146e+00 2.811733586349958625e+00 5.344303650157628677e-02
2.172000000000000153e+00 2.654284631912009473e+00 5.192515333509054032e-02
2.180000000000000160e+00 2.774148997226061120e+00 5.308464689460316854e-02
2.188000000000000167e+00 2.810717786643907701e+00 5.343338190182239655e-02
2.196000000000000174e+00 2.721327412511394428e+00 5.257683506734101703e-02
2.204000000000000181e+00 2.687806022211701951e+00 5.225201017459062819e-02
2.212000000000000188e+00 2.649205633381753078e+00 5.187544991283058599e-02
2.220000000000000195e+00 2.629905438966778863e+00 5.168614100361073466e-02
2.228000000000000203e+00 2.609589444845752837e+00 5.148611648773729343e-02
2.236000000000000210e+00 2.711169415450881637e+00 5.247861559978732326e-02
2.244000000000000217e+00 2.678663824857240527e+00 5.216307051832932279e-02
2.252000000000000224e+00 2.754848802811086905e+00 5.289966544422788908e-02
2.260000000000000231e+00 2.708122016332727533e+00 5.244911389281805419e-02
2.268000000000000238e+00 2.600447247491291414e+00 5.139585148242539758e-02
2.276000000000000245e+00 2.735548608396112247e+00 5.271403487021055628e-02
2.284000000000000252e+00 2.679679624563291895e+00 5.217296018957532505e-02
2.291999999999999815e+00 2.668505827796875618e+00 5.206407048505100332e-02
2.299999999999999822e+00 2.668505827796727736e+00 5.206407048504811674e-02
2.307999999999999829e+00 2.639047636321240287e+00 5.177589992680432796e-02
2.315999999999999837e+00 2.602478846903394150e+00 5.141592406724940917e-02
2.323999999999999844e+00 2.732501209277958587e+00 5.268466499057702923e-02
2.331999999999999851e+00 2.573020655427906700e+00 5.112410024095831451e-02
2.339999999999999858e+00 2.641079235733343022e+00 5.179582523057321003e-02
2.347999999999999865e+00 2.652253032499907182e+00 5.190527767758339184e-02
2.355999999999999872e+00 2.687806022211701951e+00 5.225201017459062819e-02
2.363999999999999879e+00 2.763991000165548328e+00 5.298736873535582481e-02
2.371999999999999886e+00 2.524262269537445036e+00 5.063738610347583158e-02
2.379999999999999893e+00 2.680695424269342819e+00 5.218284798653505252e-02
2.387999999999999901e+00 2.658347830736214501e+00 5.196488184383680348e-02
2.395999999999999908e+00 2.707106216626676609e+00 5.243927630220487912e-02
2.403999999999999915e+00 2.659363630442265869e+00 5.197480922607349008e-02
2.411999999999999922e+00 2.674600626033035056e+00 5.212349306914246250e-02
2.419999999999999929e+00 2.660379430148317237e+00 5.198473471250524697e-02
2.427999999999999936e+00 2.657332031030163577e+00 5.195495256470845924e-02
2.435999999999999943e+00 2.583178652488419491e+00 5.122491694357047404e-02
2.443999999999999950e+00 2.629905438966778863e+00 5.168614100361073466e-02
2.451999999999999957e+00 2.654284631912009473e+00 5.192515333509054032e-02
2.459999999999999964e+00 2.627873839554676128e+00 5.166617339961905586e-02
2.467999999999999972e+00 2.590289250430778623e+00 5.129537073825853749e-02
2.475999999999999979e+00 2.675616425739086424e+00 5.213339024820614481e-02
2.483999999999999986e+00 2.609589444845752837e+00 5.148611648773729343e-02
2.491999999999999993e+00 2.596384048667086386e+00 5.135568277641992113e-02
2.500000000000000000e+00 2.565910057485547568e+00 5.105341009323331042e-02
2.508000000000000007e+00 2.567941656897650304e+00 5.107361726208047709e-02
2.516000000000000014e+00 2.548641462482675646e+00 5.088132514410391438e-02
2.524000000000000021e+00 2.566925857191598936e+00 5.106351467722008292e-02
2.532000000000000028e+00 2.517151671595085904e+00 5.056601554495658568e-02
2.540000000000000036e+00 2.452140490407803686e+00 4.990875263270664469e-02
2.548000000000000043e+00 2.558799459543188881e+00 5.098262192991018932e-02
2.556000000000000050e+00 2.489725079531701191e+00 5.028978031306972907e-02
2.564000000000000057e+00 2.480582882177239767e+00 5.019736409963665436e-02
2.572000000000000064e+00 2.530357067773752799e+00 5.069848090080580211e-02
2.580000000000000071e+00 2.498867276886163058e+00 5.038202700688154678e-02
2.588000000000000078e+00 2.500898876298265350e+00 5.040250334465311982e-02
2.596000000000000085e+00 2.533404466891906459e+00 5.072900070746330647e-02
2.604000000000000092e+00 2.528325468361650064e+00 5.067812415198241077e-02
2.612000000000000099e+00 2.434871895404931763e+00 4.973270710131177941e-02
2.620000000000000107e+00 2.555752060425034777e+00 5.095225403963712929e-02
2.628000000000000114e+00 2.424713898344418972e+00 4.962885919701084253e-02
2.636000000000000121e+00 2.543562463952419250e+00 5.083060105100029036e-02
2.644000000000000128e+00 2.414555901283906181e+00 4.952479353585018812e-02
2.652000000000000135e+00 2.462298487468316477e+00 5.001201935315990887e-02
2.660000000000000142e+00 2.406429503635495681e+00 4.944138329806396087e-02
2.668000000000000149e+00 2.382050310690265071e+00 4.919030397749687283e-02
2.676000000000000156e+00 2.486677680413547531e+00 5.025899379024986041e-02
2.684000000000000163e+00 2.421666499226265312e+00 4.959766242544386139e-02
2.692000000000000171e+00 2.469409085410675608e+00 5.008417936914349305e-02
2.700000000000000178e+00 2.403382104517475248e+00 4.941006815718742423e-02
2.707999999999999741e+00 2.427761297462572632e+00 4.966003637055826231e-02
2.715999999999999748e+00 2.401350505105239286e+00 4.938918036586564808e-02
2.723999999999999755e+00 2.335323524211905699e+00 4.870545092111464025e-02
2.731999999999999762e+00 2.429792896874675368e+00 4.968081028335585847e-02
2.739999999999999769e+00 2.343449921860316199e+00 4.879011930474875386e-02
2.747999999999999776e+00 2.389160908632623759e+00 4.926366763344201122e-02
2.755999999999999783e+00 2.348528920390572594e+00 4.884296251237926767e-02
2.763999999999999790e+00 2.444014092759393630e+00 4.982598515845112347e-02
2.771999999999999797e+00 2.383066110396316439e+00 4.920079119731062683e-02
2.779999999999999805e+00 2.368844914511598176e+00 4.905376609233958601e-02
2.787999999999999812e+00 2.327197126563495644e+00 4.862063509546739326e-02
2.795999999999999819e+00 2.352592119214777622e+00 4.888519595089031028e-02
2.803999999999999826e+00 2.343449921860316199e+00 4.879011930474875386e-02
2.811999999999999833e+00 2.381034510984213703e+00 4.917981452136365589e-02
2.819999999999999840e+00 2.309928531560623721e+00 4.843990837479732192e-02
2.827999999999999847e+00 2.382050310690265071e+00 4.919030397749687283e-02
2.835999999999999854e+00 2.392208307750777863e+00 4.929507577666032703e-02
2.843999999999999861e+00 2.348528920390572594e+00 4.884296251237926767e-02
2.851999999999999869e+00 2.252027948315700190e+00 4.782895909298433279e-02
2.859999999999999876e+00 2.369860714217649544e+00 4.906428249638201261e-02
2.867999999999999883e+00 2.301802133912213222e+00 4.835462677982581975e-02
2.875999999999999890e+00 2.318054929209033777e+00 4.852504008964104304e-02
2.883999999999999897e+00 2.269296543318572112e+00 4.801198560407812094e-02
2.891999999999999904e+00 2.327197126563495644e+00 4.862063509546739326e-02
2.899999999999999911e+00 2.228664555076520948e+00 4.758021437460795838e-02
2.907999999999999918e+00 2.241869951255187399e+00 4.772096853051318449e-02
2.915999999999999925e+00 2.245933150079392870e+00 4.776419405434875753e-02
2.923999999999999932e+00 2.212411759779700393e+00 4.740640479142694402e-02
2.931999999999999940e+00 2.218506558016008157e+00 4.747165796036104807e-02
2.939999999999999947e+00 2.204285362131289894e+00 4.731926059128688244e-02
2.947999999999999954e+00 2.203269562425238526e+00 4.730835627944921656e-02
2.955999999999999961e+00 2.188032566834469339e+00 4.714448894856210215e-02
2.963999999999999968e+00 2.294691535969854534e+00 4.827988181133578000e-02
2.971999999999999975e+00 2.126068784765340780e+00 4.647214269440830964e-02
2.979999999999999982e+00 2.194127365070777103e+00 4.721010413542822692e-02
2.987999999999999989e+00 2.156542775946879598e+00 4.680401177136275792e-02
2.995999999999999996e+00 2.135210982119802647e+00 4.657195173057247783e-02
3.004000000000000004e+00 2.180921968892110208e+00 4.706782228785816313e-02
3.012000000000000011e+00 2.288596737733546771e+00 4.821572247161363262e-02
3.020000000000000018e+00 2.196158964482879838e+00 4.723195560807963433e-02
3.028000000000000025e+00 2.208348560955494921e+00 4.736285273373397331e-02
3.036000000000000032e+00 2.131147783295597620e+00 4.652761859179466858e-02
3.044000000000000039e+00 2.213427559485751761e+00 4.741728655555314809e-02
3.052000000000000046e+00 2.008236018863391870e+00 4.516597787763525912e-02
3.060000000000000053e+00 2.035662610926776583e+00 4.547334913769836284e-02
3.068000000000000060e+00 2.177874569773956548e+00 4.703492689260774934e-02
3.076000000000000068e+00 2.030583612396520188e+00 4.541658547915004840e-02
3.084000000000000075e+00 2.165684973301341021e+00 4.690311460104956698e-02
3.092000000000000082e+00 2.105752790644315198e+00 4.624957368185321493e-02
3.100000000000000089e+00 2.115910787704827989e+00 4.636099175148552382e-02
3.108000000000000096e+00 2.174827170655802888e+00 4.700200847479300836e-02
3.116000000000000103e+00 2.144353179474264071e+00 4.667154732146875512e-02
3.124000000000000110e+00 2.163653373889238729e+00 4.688110985454121277e-02
3.132000000000000117e+00 2.100673792114058802e+00 4.619376387066874423e-02
3.140000000000000124e+00 2.125052985059289856e+00 4.646103956614223290e-02
3.148000000000000131e+00 2.059026004165956270e+00 4.573355452819878597e-02
3.156000000000000139e+00 2.007220219157340502e+00 4.515455357547258630e-02
3.164000000000000146e+00 2.113879188292725697e+00 4.633872956928881265e-02
3.172000000000000153e+00 2.077310398874879116e+00 4.593616540977687318e-02
3.180000000000000160e+00 2.008236018863391870e+00 4.516597787763525912e-02
3.188000000000000167e+00 2.094578993877751039e+00 4.612670296349195148e-02
3.196000000000000174e+00 2.076294599168828192e+00 4.592493270013105894e-02
3.204000000000000181e+00 2.040741609457032979e+00 4.553004202735905226e-02
3.212000000000000188e+00 1.931035241203494124e+00 4.428933314455279352e-02
3.220000000000000195e+00 2.061057603578058561e+00 4.575611115325863704e-02
3.228000000000000203e+00 1.997062222096827711e+00 4.504015117838842952e-02
3.236000000000000210e+00 2.021441415042058765e+00 4.531423170704341336e-02
3.244000000000000217e+00 1.982841026212109670e+00 4.487949789795660227e-02
3.252000000000000224e+00 2.030583612396520188e+00 4.541658547915004840e-02
3.260000000000000231e+00 1.998078021802879078e+00 4.505160449101561909e-02
3.268000000000000238e+00 1.997062222096827711e+00 4.504015117838842952e-02
3.276000000000000245e+00 1.929003641791391610e+00 4.426602910024294429e-02
3.284000000000000252e+00 2.016362416511801925e+00 4.525726847684853615e-02
3.292000000000000259e+00 2.048868007105443478e+00 4.562060410993691584e-02
3.300000000000000266e+00 1.986904225036314919e+00 4.492545745725853162e-02
3.308000000000000274e+00 1.946272236794263311e+00 4.446372415836747499e-02
3.316000000000000281e+00 1.984872625624212183e+00 4.490248355779798139e-02
3.324000000000000288e+00 2.036678410632827951e+00 4.548469336866882429e-02
3.332000000000000295e+00 1.980809426800007156e+00 4.485650045965537680e-02
3.340000000000000302e+00 1.906656048258263292e+00 4.400887016683852071e-02
3.348000000000000309e+00 1.937130039439801887e+00 4.435917182101201117e-02
3.356000000000000316e+00 1.903608649140109410e+00 4.397368652084116675e-02
3.364000000000000323e+00 1.946272236794263311e+00 4.446372415836747499e-02
3.372000000000000330e+00 1.952367035030571074e+00 4.453328934952227591e-02
3.380000000000000338e+00 1.970651429739494365e+00 4.474133595523186596e-02
3.388000000000000345e+00 2.018394015923904661e+00 4.528006236823417519e-02
3.396000000000000352e+00 1.905640248552211924e+00 4.399714541102451443e-02
3.403999999999999915e+00 1.933066840615703885e+00 4.431262493325156815e-02
3.411999999999999922e+00 1.920877244142981333e+00 4.417268997877584619e-02
3.419999999999999929e+00 1.839613267658878337e+00 4.322821551412842772e-02
3.427999999999999936e+00 1.875166257370673328e+00 4.364393810180767358e-02
3.435999999999999943e+00 1.880245255900929946e+00 4.370300422452087080e-02
3.443999999999999950e+00 1.858913462073852774e+00 4.345438698623416834e-02
3.451999999999999957e+00 1.917829845024827451e+00 4.413763691944327938e-02
3.459999999999999964e+00 1.861960861192006655e+00 4.348999075049153618e-02
3.467999999999999972e+00 1.853834463543596378e+00 4.339498246497316275e-02
3.475999999999999979e+00 1.822344672656006637e+00 4.302484378598134956e-02
3.483999999999999986e+00 1.921893043849032479e+00 4.418436815214017016e-02
3.491999999999999993e+00 1.806091877359186082e+00 4.283255301897232609e-02
3.500000000000000000e+00 1.843676466483083587e+00 4.327592879080920801e-02
3.508000000000000007e+00 1.890403252961442737e+00 4.382089762518139031e-02
3.516000000000000014e+00 1.940177438557955769e+00 4.439404995913875940e-02
3.524000000000000021e+00 1.906656048258263292e+00 4.400887016683852071e-02
3.532000000000000028e+00 1.892434852373545251e+00 4.384443826487294943e-02
3.540000000000000036e+00 1.822344672656006637e+00 4.302484378598134956e-02
3.548000000000000043e+00 1.757333491468724196e+00 4.225043010512449099e-02
3.556000000000000050e+00 1.785775883238160278e+00 4.259096872890775348e-02
3.564000000000000057e+00 1.835550068834673310e+00 4.318044951554671218e-02
3.572000000000000064e+00 1.782728484120006396e+00 4.255461279507025130e-02
3.580000000000000071e+00 1.770538887647391091e+00 4.240887739170408344e-02
3.588000000000000078e+00 1.809139276477339742e+00 4.286867323875929309e-02
3.596000000000000085e+00 1.890403252961442737e+00 4.382089762518139031e-02
3.604000000000000092e+00 1.738033297053749759e+00 4.201777852593525930e-02
3.612000000000000099e+00 1.798981279416826951e+00 4.274815381771918110e-02
3.620000000000000107e+00 1.791870681474468041e+00 4.266358765415399767e-02
3.628000000000000114e+00 1.771554687353442237e+00 4.242104113134664845e-02
3.636000000000000121e+00 1.773586286765544751e+00 4.244535815319540328e-02
3.644000000000000128e+00 1.738033297053749759e+00 4.201777852593525930e-02
3.652000000000000135e+00 1.731938498817442218e+00 4.194404150767618022e-02
3.660000000000000142e+00 1.813202475301544991e+00 4.291678624294663347e-02
3.668000000000000149e+00 1.745143894996205480e+00 4.210364183244057201e-02
3.675999999999999712e+00 1.715685703520621663e+00 4.174677272930975985e-02
3.683999999999999719e+00 1.711622504696416414e+00 4.169730971107590833e-02
3.691999999999999726e+00 1.701464507635903622e+00 4.157339469797055598e-02
3.699999999999999734e+00 1.754286092350570314e+00 4.221378088894155861e-02
3.707999999999999741e+00 1.695369709399595859e+00 4.149886808644740605e-02
3.715999999999999748e+00 1.716701503226672809e+00 4.175912932947063727e-02
3.723999999999999755e+00 1.709590905284313900e+00 4.167255618576520132e-02
3.731999999999999762e+00 1.703496107048006136e+00 4.159820723058716557e-02
3.739999999999999769e+00 1.733970098229544732e+00 4.196863490850388095e-02
3.747999999999999776e+00 1.737017497347698614e+00 4.200549801170951753e-02
3.755999999999999783e+00 1.673022115866467541e+00 4.122445116086396327e-02
3.763999999999999790e+00 1.712638304402467782e+00 4.170968096478560455e-02
3.771999999999999797e+00 1.653721921451493104e+00 4.098597615893751628e-02
3.779999999999999805e+00 1.737017497347698614e+00 4.200549801170951753e-02
3.787999999999999812e+00 1.674037915572518909e+00 4.123696427426819938e-02
3.795999999999999819e+00 1.669974716748313659e+00 4.118688901077643266e-02
3.803999999999999826e+00 1.717717302932724177e+00 4.177148227437312705e-02
3.811999999999999833e+00 1.678101114396723936e+00 4.128697880359529643e-02
3.819999999999999840e+00 1.706543506166160018e+00 4.163539830393502700e-02
3.827999999999999847e+00 1.649658722627288077e+00 4.093559387049049147e-02
3.835999999999999854e+00 1.654737721157544472e+00 4.099856205702594875e-02
3.843999999999999861e+00 1.624263729976005877e+00 4.061928876112175235e-02
3.851999999999999869e+00 1.579568542909749240e+00 4.005652583007644069e-02
3.859999999999999876e+00 1.616137332327595599e+00 4.051754961886121914e-02
3.867999999999999883e+00 1.586679140852108372e+00 4.014658397516877170e-02
3.875999999999999890e+00 1.618168931739698113e+00 4.054300833932415749e-02
3.883999999999999897e+00 1.723812101169031941e+00 4.184552336457451199e-02
3.891999999999999904e+00 1.670990516454365027e+00 4.119941353258356476e-02
3.899999999999999911e+00 1.550110351434262013e+00 3.968125047593609039e-02
3.907999999999999918e+00 1.551126151140313381e+00 3.969425006694032865e-02
3.915999999999999925e+00 1.686227512045134214e+00 4.138682654022941831e-02
3.923999999999999932e+00 1.583631741733954490e+00 4.010801238838489907e-02
3.931999999999999940e+00 1.646611323509134195e+00 4.089776642313485561e-02
3.939999999999999947e+00 1.542999753491902881e+00 3.959013382187891866e-02
3.947999999999999954e+00 1.612074133503390350e+00 4.046658412747022870e-02
3.955999999999999961e+00 1.545031352904005617e+00 3.961618853600014367e-02
3.963999999999999968e+00 1.617153132033646745e+00 4.053028097805015662e-02
3.971999999999999975e+00 1.518620560546672049e+00 3.927612912452992794e-02
3.979999999999999982e+00 1.614105732915493085e+00 4.049207489165321944e-02
3.987999999999999989e+00 1.518620560546672049e+00 3.927612912452992794e-02
3.995999999999999996e+00 1.504399364661954230e+00 3.909179494992975901e-02
4.003999999999999559e+00 1.564331547318980054e+00 3.986285897841965881e-02
4.012000000000000455e+00 1.539952354373749221e+00 3.955101956847433681e-02
4.019999999999999574e+00 1.576521143791595359e+00 4.001786744002158031e-02
4.028000000000000469e+00 1.528778557607185062e+00 3.940726848482253158e-02
4.035999999999999588e+00 1.464783176125953990e+00 3.857364799623717866e-02
4.044000000000000483e+00 1.530810157019287576e+00 3.943344402306898228e-02
4.051999999999999602e+00 1.564331547318980054e+00 3.986285897841965881e-02
4.060000000000000497e+00 1.492209768189338703e+00 3.893309959268061171e-02
4.067999999999999616e+00 1.486114969953030940e+00 3.885350884587780024e-02
4.076000000000000512e+00 1.498304566425646467e+00 3.901252796411007473e-02
4.083999999999999631e+00 1.553157750552415894e+00 3.972023648547954450e-02
4.092000000000000526e+00 1.447514581123082067e+00 3.834559800041950628e-02
4.099999999999999645e+00 1.479004372010672030e+00 3.876044641560526249e-02
4.108000000000000540e+00 1.500336165837748981e+00 3.903896817586369195e-02
4.115999999999999659e+00 1.427198587002056485e+00 3.807555521792820030e-02
4.124000000000000554e+00 1.502367765249851495e+00 3.906539049237478523e-02
4.131999999999999673e+00 1.433293385238364026e+00 3.815676872339143072e-02
4.140000000000000568e+00 1.439388183474671790e+00 3.823780973940930916e-02
4.147999999999999687e+00 1.442435582592825671e+00 3.827826590633002374e-02
4.156000000000000583e+00 1.379456000817645966e+00 3.743328732747428639e-02
4.163999999999999702e+00 1.427198587002056485e+00 3.807555521792820030e-02
4.172000000000000597e+00 1.493225567895390071e+00 3.894634890379843062e-02
4.179999999999999716e+00 1.400787794644722917e+00 3.772160958973435479e-02
4.188000000000000611e+00 1.411961591411287076e+00 3.787175952489256481e-02
4.195999999999999730e+00 1.505415164368005376e+00 3.910499049290470930e-02
4.204000000000000625e+00 1.345934610517953489e+00 3.697566742776104559e-02
4.211999999999999744e+00 1.341871411693748462e+00 3.691981291335498516e-02
4.220000000000000639e+00 1.387582398466056244e+00 3.754338546913101038e-02
4.227999999999999758e+00 1.405866793174979312e+00 3.778993351746477714e-02
4.236000000000000654e+00 1.372345402875287057e+00 3.733668513461726318e-02
4.243999999999999773e+00 1.443451382298877039e+00 3.829174179687470231e-02
4.252000000000000668e+00 1.364219005226876780e+00 3.722597566886647752e-02
4.259999999999999787e+00 1.296160424921440457e+00 3.628552574554361893e-02
4.268000000000000682e+00 1.396724595820517889e+00 3.766686121604882059e-02
4.275999999999999801e+00 1.361171606108722898e+00 3.718437464003659931e-02
4.284000000000000696e+00 1.342887211399799607e+00 3.693378446084218114e-02
4.291999999999999815e+00 1.382503399935799848e+00 3.747461203627981685e-02
4.300000000000000711e+00 1.362187405814774044e+00 3.719824681908290298e-02
4.307999999999999829e+00 1.343903011106000189e+00 3.694775072508561103e-02
4.315999999999999837e+00 1.314444819630217642e+00 3.654056186487643354e-02
4.323999999999999844e+00 1.301239423451841404e+00 3.635654856892870518e-02
4.331999999999999851e+00 1.323587016984678177e+00 3.666741472733229396e-02
4.339999999999999858e+00 1.332729214339434698e+00 3.679383024600876156e-02
4.347999999999999865e+00 1.331713414633087567e+00 3.677980553413372905e-02
4.355999999999999872e+00 1.302255223157892772e+00 3.637073649086152577e-02
4.363999999999999879e+00 1.287018227566836037e+00 3.615733310470910927e-02
4.371999999999999886e+00 1.266702233446093784e+00 3.587082040306845826e-02
4.379999999999999893e+00 1.270765432270017259e+00 3.592830572904704561e-02
4.387999999999999901e+00 1.275844430800556539e+00 3.600003330240846705e-02
4.395999999999999908e+00 1.278891829918426648e+00 3.604300133038846471e-02
4.403999999999999915e+00 1.241307240794808919e+00 3.550942875235870572e-02
4.411999999999999922e+00 1.317492218748371302e+00 3.658289502662826626e-02
4.419999999999999929e+00 1.177311859313570741e+00 3.458197566105138815e-02
4.427999999999999936e+00 1.235212442558226265e+00 3.542214612444307548e-02
4.435999999999999943e+00 1.282955028742916337e+00 3.610021247962701130e-02
4.443999999999999950e+00 1.259591635503454432e+00 3.576999878514010994e-02
4.451999999999999957e+00 1.297176224627635710e+00 3.629974142709029017e-02
4.459999999999999964e+00 1.253496837267147335e+00 3.568335352558729689e-02
4.467999999999999972e+00 1.266702233446093784e+00 3.587082040306845826e-02
4.475999999999999979e+00 1.272797031682119551e+00 3.595701392837706567e-02
4.483999999999999986e+00 1.192548854904341704e+00 3.480503952395058720e-02
4.491999999999999993e+00 1.234196642852175119e+00 3.540757810156723584e-02
4.500000000000000000e+00 1.223022846085883630e+00 3.524693245586323770e-02
4.508000000000000007e+00 1.205754251082742146e+00 3.499721151491646393e-02
4.516000000000000014e+00 1.214896448437472465e+00 3.512963784620719287e-02
4.524000000000000021e+00 1.203722651670639854e+00 3.496771533477951305e-02
4.532000000000000028e+00 1.249433638443220085e+00 3.562547294649366647e-02
4.540000000000000036e+00 1.151916866662030081e+00 3.420697026266251994e-02
4.548000000000000043e+00 1.152932666368337244e+00 3.422204937747025388e-02
4.556000000000000050e+00 1.162074863722541762e+00 3.435746359932314448e-02
4.564000000000000057e+00 1.166138062547005472e+00 3.441747668192128573e-02
4.572000000000000064e+00 1.149885267249927567e+00 3.417679207393594515e-02
4.580000000000000071e+00 1.173248660489365269e+00 3.452224854279185157e-02
4.588000000000000078e+00 1.201691052258537562e+00 3.493819425283091473e-02
4.596000000000000085e+00 1.205754251083009931e+00 3.499721151492423549e-02
4.604000000000000092e+00 1.143790469013620692e+00 3.408609719824445827e-02
4.612000000000000099e+00 1.122458675186795318e+00 3.376674684226463330e-02
4.620000000000000107e+00 1.173248660489104589e+00 3.452224854278419103e-02
4.628000000000000114e+00 1.110269078714178459e+00 3.358289748958269427e-02
4.636000000000000121e+00 1.083858286356601530e+00 3.318106280217925086e-02
4.644000000000000128e+00 1.127537673717052158e+00 3.384305597199607774e-02
4.652000000000000135e+00 1.110269078713931989e+00 3.358289748957523496e-02
4.660000000000000142e+00 1.107221679596024355e+00 3.353677767268908178e-02
4.668000000000000149e+00 1.068621290765833898e+00 3.294700582814710094e-02
4.676000000000000156e+00 1.142774669307823343e+00 3.407095791382847016e-02
4.684000000000000163e+00 1.078779287826345579e+00 3.310322768957878886e-02
4.692000000000000171e+00 1.113316477832332785e+00 3.362895405635241836e-02
4.700000000000000178e+00 1.118395476362341379e+00 3.370557514919197278e-02
4.708000000000000185e+00 1.053384295175300078e+00 3.271127416347809069e-02
4.716000000000000192e+00 1.101126881359471454e+00 3.344434724149951410e-02
4.724000000000000199e+00 1.071668689884225367e+00 3.299395005404601872e-02
4.732000000000000206e+00 1.068621290765833898e+00 3.294700582814710094e-02
4.740000000000000213e+00 1.080810887238687901e+00 3.313438367548444952e-02
4.748000000000000220e+00 1.061510692823475654e+00 3.283720831222202569e-02
4.756000000000000227e+00 1.044242097820837545e+00 3.256901619657711494e-02
4.764000000000000234e+00 1.104174280477624892e+00 3.349059434435937982e-02
4.772000000000000242e+00 1.049321096351094607e+00 3.264812492666267774e-02
4.780000000000000249e+00 1.030020901935889244e+00 3.234648248902870227e-02
4.788000000000000256e+00 1.024941903405861110e+00 3.226663422483718596e-02
4.796000000000000263e+00 1.049321096350861460e+00 3.264812492665542659e-02
4.804000000000000270e+00 1.011736507227192883e+00 3.205809798854029197e-02
4.811999999999999389e+00 1.024941903405747201e+00 3.226663422483360549e-02
4.820000000000000284e+00 1.033068301054157478e+00 3.239429697557449223e-02
4.827999999999999403e+00 1.035099900466260214e+00 3.242613413016331297e-02
4.836000000000000298e+00 9.985311110484138553e-01 3.184819632390573085e-02
4.843999999999999417e+00 1.030020901936003597e+00 3.234648248903229661e-02
4.852000000000000313e+00 1.023926103699696055e+00 3.225064084877057868e-02
4.859999999999999432e+00 1.043226298114670492e+00 3.255317138113970887e-02
4.868000000000000327e+00 1.026973502817849937e+00 3.229859721852995635e-02
4.875999999999999446e+00 9.619623216305676072e-01 3.125957522975549019e-02
4.884000000000000341e+00 1.051352695763080769e+00 3.267971479851627947e-02
4.891999999999999460e+00 1.005641708990772765e+00 3.196139159025682824e-02
4.900000000000000355e+00 9.548517236882085868e-01 3.114382924826434446e-02
4.907999999999999474e+00 9.924363128121060917e-01 3.175085061583640678e-02
4.916000000000000369e+00 9.436779269216444277e-01 3.096106846951656930e-02
4.923999999999999488e+00 1.018847105169439660e+00 3.217055470367771036e-02
4.932000000000000384e+00 9.660255204547727459e-01 3.132552377400892735e-02
4.939999999999999503e+00 9.192987339764135957e-01 3.055852391308454610e-02
4.948000000000000398e+00 9.538359239821573299e-01 3.112725897348226148e-02
4.955999999999999517e+00 9.264093319187726161e-01 3.067647840033560849e-02
4.964000000000000412e+00 9.416463275095418028e-01 3.092772320570114780e-02
4.971999999999999531e+00 9.172671345643109708e-01 3.052473891224841140e-02
4.980000000000000426e+00 8.989827398553879023e-01 3.021897421968989389e-02
4.987999999999999545e+00 9.416463275095418028e-01 3.092772320570114780e-02
4.996000000000000441e+00 9.060933377977468117e-01 3.033824889788432760e-02
5.003999999999999559e+00 9.467253260397983095e-01 3.101101913679288682e-02
5.012000000000000455e+00 9.304725307429777548e-01 3.074367777637400378e-02
5.019999999999999574e+00 9.111723363280033183e-01 3.042315880055930163e-02
5.028000000000000469e+00 8.999985395614391592e-01 3.023604226635979997e-02
5.035999999999999588e+00 9.091407369159006935e-01 3.038922330890378790e-02
5.044000000000000483e+00 9.294567310369263868e-01 3.072689171027064362e-02
5.051999999999999602e+00 9.619623216305676072e-01 3.125957522975549019e-02
5.060000000000000497e+00 9.182829342703622277e-01 3.054163608426611540e-02
5.067999999999999616e+00 8.593665513193876615e-01 2.954563064516547294e-02
5.076000000000000512e+00 9.060933377977468117e-01 3.033824889788432760e-02
5.083999999999999631e+00 8.573349519072851477e-01 2.951068606682862722e-02
5.092000000000000526e+00 9.589149225124137255e-01 3.121002237128805978e-02
5.099999999999999645e+00 8.613981507314902863e-01 2.958053394220883439e-02
5.108000000000000540e+00 8.624139504375415433e-01 2.959797015589046842e-02
5.115999999999999659e+00 7.943553701321054428e-01 2.840609004210985916e-02
5.124000000000000554e+00 8.532717530830800090e-01 2.944067247811533658e-02
5.131999999999999673e+00 8.400663569044132251e-01 2.921196943732273441e-02
5.140000000000000568e+00 8.746035469101569593e-01 2.980640914069907638e-02
5.147999999999999687e+00 8.573349519072851477e-01 2.951068606682862722e-02
5.156000000000000583e+00 8.674929489677979388e-01 2.968499760085980058e-02
5.163999999999999702e+00 8.106081654289259975e-01 2.869521800170674736e-02
5.172000000000000597e+00 8.024817677805157201e-01 2.855102001370465881e-02
5.179999999999999716e+00 8.329557589620543157e-01 2.908807685474205235e-02
5.188000000000000611e+00 8.329557589620543157e-01 2.908807685474205235e-02
5.195999999999999730e+00 8.085765660168233726e-01 2.865923652297540369e-02
5.204000000000000625e+00 7.831815733655412837e-01 2.820559540249948857e-02
5.211999999999999744e+00 7.862289724836951654e-01 2.826041682526890877e-02
5.220000000000000639e+00 7.984185689563105814e-01 2.847864722299338000e-02
5.227999999999999758e+00 7.994343686623618384e-01 2.849675765231059199e-02
5.236000000000000654e+00 8.106081654289259975e-01 2.869521800170674736e-02
5.243999999999999773e+00 8.227977619015414135e-01 2.891016645886428441e-02
5.252000000000000668e+00 7.466127839476950356e-01 2.753922741233313237e-02
5.259999999999999787e+00 7.963869695442079566e-01 2.844239176943599845e-02
5.268000000000000682e+00 8.227977619015414135e-01 2.891016645886428441e-02
5.275999999999999801e+00 7.588023804203104516e-01 2.776312725508362639e-02
5.284000000000000696e+00 8.207661624894388996e-01 2.887445283626364698e-02
5.291999999999999815e+00 7.770867751292335202e-01 2.809563164893462417e-02
5.300000000000000711e+00 7.913079710139515610e-01 2.835155029891683540e-02
5.307999999999999829e+00 7.395021860053360152e-01 2.740777450229229389e-02
5.316000000000000725e+00 7.913079710139515610e-01 2.835155029891683540e-02
5.323999999999999844e+00 7.730235763050283815e-01 2.802208274881368491e-02
5.332000000000000739e+00 7.811499739534386588e-01 2.816898851439065404e-02
5.339999999999999858e+00 7.425495851235722755e-01 2.746418850607300691e-02
5.347999999999999865e+00 7.537233818899702342e-01 2.767005583239267111e-02
5.355999999999999872e+00 7.547391815961890238e-01 2.768869514460517087e-02
5.363999999999999879e+00 7.669287780686354639e-01 2.791139601174232043e-02
5.371999999999999886e+00 7.659129783627544041e-01 2.789290551882032260e-02
5.379999999999999893e+00 7.354389871810491641e-01 2.733237470468093122e-02
5.387999999999999901e+00 7.181703921783386679e-01 2.700957743596841057e-02
5.395999999999999908e+00 7.852131727775566450e-01 2.824215484156530898e-02
5.403999999999999915e+00 8.024817677806047600e-01 2.855102001370782988e-02
5.411999999999999922e+00 7.181703921781792399e-01 2.700957743596241536e-02
5.419999999999999929e+00 6.907438001149509565e-01 2.648881554757768347e-02
5.427999999999999936e+00 6.572224098151088212e-01 2.583807908302068398e-02
5.435999999999999943e+00 7.009017971754649690e-01 2.668287539868471892e-02
5.443999999999999950e+00 7.181703921781792399e-01 2.700957743596241536e-02
5.451999999999999957e+00 6.531592109910492328e-01 2.575808483815268321e-02
5.459999999999999964e+00 6.704278059937740508e-01 2.609636695513397470e-02
5.467999999999999972e+00 6.978543980573107541e-01 2.662480596010591977e-02
5.475999999999999979e+00 7.090281948237187049e-01 2.683711295731951857e-02
5.483999999999999986e+00 6.856648015846938948e-01 2.639125051791829310e-02
5.491999999999999993e+00 6.816016027603369887e-01 2.631293802918933944e-02
5.500000000000000000e+00 6.602698089334090303e-01 2.589791261528947772e-02
5.508000000000000007e+00 6.724594054058764536e-01 2.613587699585831134e-02
5.516000000000000014e+00 6.714436056999744107e-01 2.611612944714673812e-02
5.524000000000000021e+00 6.612856086393135158e-01 2.591782643031019170e-02
5.532000000000000028e+00 6.257326189276614103e-01 2.521148568358259554e-02
5.540000000000000036e+00 6.287800180456759591e-01 2.527280272351384652e-02
5.548000000000000043e+00 6.816016027604883121e-01 2.631293802919518199e-02
5.556000000000000050e+00 6.816016027603369887e-01 2.631293802918933944e-02
5.564000000000000057e+00 6.653488074636659810e-01 2.599732915211176720e-02
5.572000000000000064e+00 6.186220209851642782e-01 2.506782932512331349e-02
5.580000000000000071e+00 6.104956233368904472e-01 2.490263589926332635e-02
5.588000000000000078e+00 6.592540092272112240e-01 2.587798347603727581e-02
5.596000000000000085e+00 6.602698089334090303e-01 2.589791261528947772e-02
5.604000000000000092e+00 6.135430224549084377e-01 2.496471153166893858e-02
5.612000000000000099e+00 6.734752051120771466e-01 2.615560963513856307e-02
5.620000000000000107e+00 6.165904215730618754e-01 2.502663319321808341e-02
5.628000000000000114e+00 6.358906159881754228e-01 2.541530052550296584e-02
5.636000000000000121e+00 6.318274171638295078e-01 2.533397135527886215e-02
5.644000000000000128e+00 5.718952345069373555e-01 2.410251047306779040e-02
5.652000000000000135e+00 5.708794348007592001e-01 2.408109553282970425e-02
5.660000000000000142e+00 6.165904215731988769e-01 2.502663319322364147e-02
5.668000000000000149e+00 6.257326189275225214e-01 2.521148568357699932e-02
5.676000000000000156e+00 6.206536203974044597e-01 2.510895786685340622e-02
5.684000000000000163e+00 5.668162359765545055e-01 2.399524465159745198e-02
5.692000000000000171e+00 5.820532315674512569e-01 2.431562258163429482e-02
5.700000000000000178e+00 6.013534259822943540e-01 2.471547356102407958e-02
5.708000000000000185e+00 6.145588221610960300e-01 2.498536913680754826e-02
5.716000000000000192e+00 5.972902271580896594e-01 2.463183381671826822e-02
5.724000000000000199e+00 5.861164303916569507e-01 2.440034626196398854e-02
5.732000000000000206e+00 6.328432168698806537e-01 2.535432810533348388e-02
5.740000000000000213e+00 5.708794348008858766e-01 2.408109553283505413e-02
5.748000000000000220e+00 5.800216321552197352e-01 2.427314984600461092e-02
5.756000000000000227e+00 5.983060268642736990e-01 2.465277035583443924e-02
5.764000000000000234e+00 5.688478353886567973e-01 2.403820841859150709e-02
5.772000000000000242e+00 6.196378206913530917e-01 2.508840202397525157e-02
5.780000000000000249e+00 5.749426336249637837e-01 2.416664143468275419e-02
5.788000000000000256e+00 5.779900327432456741e-01 2.423060266194853110e-02
5.796000000000000263e+00 5.211052492042517192e-01 2.300735880024915025e-02
5.804000000000000270e+00 5.688478353887831407e-01 2.403820841859684310e-02
5.812000000000000277e+00 6.044008251004479026e-01 2.477801809011611137e-02
5.820000000000000284e+00 5.515792403859093307e-01 2.367053084001413676e-02
5.828000000000000291e+00 5.688478353886567973e-01 2.403820841859150709e-02
5.836000000000000298e+00 5.576740386222177603e-01 2.380094797492202791e-02
5.843999999999999417e+00 5.586898383282071778e-01 2.382261475043478960e-02
5.852000000000000313e+00 5.332948456769249779e-01 2.327489521946954007e-02
5.859999999999999432e+00 5.495476409737455326e-01 2.362689848800109127e-02
5.868000000000000327e+00 5.586898383282071778e-01 2.382261475043478960e-02
5.875999999999999446e+00 5.129788515558992845e-01 2.282725928842550822e-02
5.884000000000000341e+00 5.739268339189764756e-01 2.414528337356679905e-02
5.891999999999999460e+00 4.906312580227710218e-01 2.232449523906650940e-02
5.900000000000000355e+00 5.038366542014377503e-01 2.262293361250224122e-02
5.907999999999999474e+00 5.190736497922070480e-01 2.296246635006552947e-02
5.916000000000000369e+00 5.261842477345659574e-01 2.311920855430801836e-02
5.923999999999999488e+00 5.272000474406173254e-01 2.314151363287204888e-02
5.932000000000000384e+00 5.048524539074890072e-01 2.264572750605503559e-02
5.939999999999999503e+00 4.957102565530274174e-01 2.243974894897830114e-02
5.948000000000000398e+00 5.566582389161045530e-01 2.377926145745501083e-02
5.955999999999999517e+00 5.139946512619505414e-01 2.284984935757394808e-02
5.964000000000000412e+00 5.434528427374378801e-01 2.349551527218386032e-02
5.971999999999999531e+00 4.814890606683094321e-01 2.211552500606255717e-02
5.980000000000000426e+00 4.916470577288222787e-01 2.234759353312828697e-02
5.987999999999999545e+00 5.414212433253352552e-01 2.345155730052478349e-02
5.996000000000000441e+00 5.048524539074890072e-01 2.264572750605503559e-02
6.003999999999999559e+00 5.068840533195915210e-01 2.269124660225007098e-02
6.012000000000000455e+00 5.282158471466685823e-01 2.316379723325208070e-02
6.019999999999999574e+00 4.530466688988734059e-01 2.145238152501930881e-02
6.028000000000000469e+00 4.855522594925145707e-01 2.220864341793604355e-02
6.035999999999999588e+00 4.814890606683094321e-01 2.211552500606255717e-02
6.044000000000000483e+00 4.713310636077965854e-01 2.188099531249983187e-02
6.051999999999999602e+00 4.885996586106683970e-01 2.227822680541419534e-02
6.060000000000000497e+00 4.601572668412324263e-01 2.162007438457802522e-02
6.067999999999999616e+00 4.520308691928221489e-01 2.142831827400778349e-02
6.076000000000000512e+00 4.916470577288222787e-01 2.234759353312828697e-02
6.083999999999999631e+00 5.221210489103608188e-01 2.302977220917162143e-02
6.092000000000000526e+00 4.703152639017452730e-01 2.185740393603105222e-02
6.099999999999999645e+00 4.672678647835914467e-01 2.178647653234418863e-02
6.108000000000000540e+00 4.469518706625656979e-01 2.130759439350455101e-02
6.115999999999999659e+00 4.885996586106683970e-01 2.227822680541419534e-02
6.124000000000000554e+00 4.713310636077965854e-01 2.188099531249983187e-02
6.131999999999999673e+00 4.794574612562068627e-01 2.206881845972163969e-02
6.140000000000000568e+00 4.469518706625656979e-01 2.130759439350455101e-02
6.147999999999999687e+00 4.469518706625656979e-01 2.130759439350455101e-02
6.156000000000000583e+00 4.510150694867708365e-01 2.140422797041187375e-02
6.163999999999999702e+00 4.510150694867708365e-01 2.140422797041187375e-02
6.172000000000000597e+00 4.560940680170272876e-01 2.152440986934209613e-02
6.179999999999999716e+00 4.560940680170272876e-01 2.152440986934209613e-02
6.188000000000000611e+00 4.682836644896427036e-01 2.181014462898396220e-02
6.195999999999999730e+00 4.581256674291298570e-01 2.157229515626604005e-02
6.204000000000000625e+00 4.398412727202067329e-01 2.113742263234591814e-02
6.211999999999999744e+00 4.408570724262579899e-01 2.116181666542887516e-02
6.220000000000000639e+00 4.093672815386681374e-01 2.039203678532365213e-02
6.227999999999999758e+00 4.388254730141554205e-01 2.111300041433229052e-02
6.236000000000000654e+00 4.703152639017452730e-01 2.185740393603105222e-02
6.243999999999999773e+00 4.621888662533349956e-01 2.166774825588286060e-02
6.252000000000000668e+00 4.246042771294374352e-01 2.076807405360933320e-02
6.259999999999999787e+00 4.205410783052322965e-01 2.066846640960440587e-02
6.268000000000000682e+00 4.266358765415400045e-01 2.081769915196751350e-02
6.275999999999999801e+00 4.225726777173348658e-01 2.071833009222927985e-02
6.284000000000000696e+00 4.103830812447194498e-01 2.041732140357316316e-02
6.291999999999999815e+00 4.063198824205142556e-01 2.031599412102571417e-02
6.300000000000000711e+00 4.398412727202067329e-01 2.113742263234591814e-02
6.307999999999999829e+00 4.560940680170272876e-01 2.152440986934209613e-02
6.316000000000000725e+00 4.154620797749758454e-01 2.054327769638711679e-02
6.323999999999999844e+00 4.266358765415400045e-01 2.081769915196751350e-02
6.332000000000000739e+00 4.164778794810271578e-01 2.056837639566356721e-02
6.339999999999999858e+00 4.266358765415400045e-01 2.081769915196751350e-02
6.348000000000000753e+00 4.510150694867708365e-01 2.140422797041187375e-02
6.355999999999999872e+00 4.388254730141554205e-01 2.111300041433229052e-02
6.364000000000000767e+00 4.063198824205142556e-01 2.031599412102571417e-02
6.371999999999999886e+00 4.510150694867708365e-01 2.140422797041187375e-02
6.380000000000000782e+00 4.449202712504631285e-01 2.125911288724152692e-02
6.387999999999999901e+00 4.103830812447194498e-01 2.041732140357316316e-02
6.396000000000000796e+00 4.276516762475912614e-01 2.084246739291303191e-02
6.403999999999999915e+00 4.205410783052322965e-01 2.066846640960440587e-02
6.412000000000000810e+00 4.347622741899502818e-01 2.101502772599503355e-02
6.419999999999999929e+00 4.652362653714888774e-01 2.173906303428821407e-02
6.428000000000000824e+00 4.642204656654375650e-01 2.171531746408379010e-02
6.435999999999999943e+00 4.317148750717964001e-01 2.094124741260411024e-02
6.444000000000000838e+00 4.266358765415400045e-01 2.081769915196751350e-02
6.451999999999999957e+00 4.713310636077965854e-01 2.188099531249983187e-02
6.460000000000000853e+00 4.540624686049247183e-01 2.147641781437965164e-02
6.467999999999999972e+00 4.642204656654375650e-01 2.171531746408379010e-02
6.476000000000000867e+00 4.591414671351811139e-01 2.159619798371632468e-02
6.483999999999999986e+00 4.682836644896427036e-01 2.181014462898396220e-02
6.492000000000000881e+00 4.723468633138478423e-01 2.190456128089429341e-02
6.500000000000000000e+00 5.485318412676942756e-01 2.360505206771411346e-02
6.508000000000000895e+00 5.251684480285147005e-01 2.309688193533437212e-02
6.516000000000000014e+00 4.276516762475912614e-01 2.084246739291303191e-02
6.524000000000000909e+00 4.560940680170272876e-01 2.152440986934209613e-02
6.532000000000000028e+00 5.099314524377454028e-01 2.275935454912039052e-02
6.540000000000000924e+00 4.804732609622581196e-01 2.209218407607008508e-02
6.548000000000000043e+00 4.317148750717964001e-01 2.094124741260411024e-02
6.556000000000000938e+00 4.652362653714888774e-01 2.173906303428821407e-02
6.564000000000000057e+00 4.703152639017452730e-01 2.185740393603105222e-02
6.572000000000000952e+00 4.642204656654375650e-01 2.171531746408379010e-02
6.580000000000000071e+00 4.774258618441042934e-01 2.202201285356365779e-02
6.588000000000000966e+00 4.347622741899502818e-01 2.101502772599503355e-02
6.596000000000000085e+00 4.652362653714888774e-01 2.173906303428821407e-02
6.604000000000000981e+00 4.601572668412324263e-01 2.162007438457802522e-02
6.612000000000000099e+00 4.621888662533862879e-01 2.166774825588526493e-02
6.619999999999999218e+00 4.743784627259504116e-01 2.195161732069145916e-02
6.628000000000000114e+00 4.408570724262579899e-01 2.116181666542887516e-02
6.635999999999999233e+00 4.367938736020528512e-01 2.106407103126002253e-02
6.644000000000000128e+00 3.981934847721039783e-01 2.011180809333264208e-02
6.651999999999999247e+00 3.890512874176424440e-01 1.987959213358552260e-02
6.660000000000000142e+00 4.256200768354886921e-01 2.079290140742785092e-02
6.667999999999999261e+00 3.931144862418475827e-01 1.998313237630604602e-02
6.676000000000000156e+00 4.002250841842065476e-01 2.016304845177603958e-02
6.683999999999999275e+00 3.656878941784628689e-01 1.927344430590952409e-02
6.692000000000000171e+00 3.920986865357962703e-01 1.995729767594192627e-02
6.699999999999999289e+00 3.961618853600014090e-01 2.006043685210799621e-02
6.708000000000000185e+00 4.215568780112835534e-01 2.069341327011470916e-02
6.715999999999999304e+00 3.819406894752834236e-01 1.969708709677698427e-02
6.724000000000000199e+00 3.920986865357962703e-01 1.995729767594192627e-02
6.731999999999999318e+00 3.707668927087192645e-01 1.940682613481827315e-02
6.740000000000000213e+00 4.164778794810271578e-01 2.056837639566356721e-02
6.747999999999999332e+00 3.839722888873859930e-01 1.974940348931192649e-02
6.756000000000000227e+00 4.032724833023604294e-01 2.023966575803834086e-02
6.763999999999999346e+00 3.687352932966166952e-01 1.935358371313793124e-02
6.772000000000000242e+00 3.920986865357962703e-01 1.995729767594192627e-02
6.779999999999999361e+00 3.616246953542577303e-01 1.916607052167294475e-02
6.788000000000000256e+00 3.524824979997961405e-01 1.892225192350043342e-02
6.795999999999999375e+00 3.839722888873859930e-01 1.974940348931192649e-02
6.804000000000000270e+00 3.636562947663602996e-01 1.921983239592292905e-02
6.811999999999999389e+00 3.677194935905654383e-01 1.932690749961369150e-02
6.820000000000000284e+00 3.585772962361038485e-01 1.908514375406428557e-02
6.827999999999999403e+00 3.900670871236937010e-01 1.990552768555833157e-02
6.836000000000000298e+00 3.890512874176424440e-01 1.987959213358552260e-02
6.843999999999999417e+00 3.626404950603089872e-01 1.919297028301129512e-02
6.852000000000000313e+00 3.474034994695396894e-01 1.878542979658294823e-02
6.859999999999999432e+00 3.860038882994885623e-01 1.980158166079855689e-02
6.868000000000000327e+00 3.595930959421551609e-01 1.911215741762590722e-02
6.875999999999999446e+00 3.524824979997961405e-01 1.892225192350043342e-02
6.884000000000000341e+00 3.108347100516934414e-01 1.776923766234913063e-02
6.891999999999999460e+00 3.321665038787704471e-01 1.836884963736537882e-02
6.900000000000000355e+00 3.098189103456421289e-01 1.774017920028523460e-02
6.907999999999999474e+00 3.636562947663602996e-01 1.921983239592292905e-02
6.916000000000000369e+00 3.230243065243088574e-01 1.811430361937254457e-02
6.923999999999999488e+00 3.484192991755910018e-01 1.881287382844950770e-02
6.932000000000000384e+00 3.189611077001037187e-01 1.800001665120223859e-02
6.939999999999999503e+00 3.057557115214369903e-01 1.762346622792966208e-02
6.948000000000000398e+00 3.098189103456421289e-01 1.774017920028523460e-02
6.955999999999999517e+00 3.016925126972318516e-01 1.750597514323957646e-02
6.964000000000000412e+00 2.752817203398984502e-01 1.672217362075161320e-02
6.971999999999999531e+00 2.895029162246164356e-01 1.714867275336360783e-02
6.980000000000000426e+00 3.057557115214369903e-01 1.762346622792966208e-02
6.987999999999999545e+00 3.027083124032831640e-01 1.753542171601629035e-02
6.996000000000000441e+00 3.240401062303601143e-01 1.814276287277180946e-02
7.003999999999999559e+00 2.884871165185651232e-01 1.711856092547330704e-02
7.012000000000000455e+00 2.376971312160008620e-01 1.553874756917196336e-02
7.019999999999999574e+00 2.935661150488215743e-01 1.726859500287185670e-02
7.028000000000000469e+00 2.641079235733342911e-01 1.637927810166273437e-02
7.035999999999999588e+00 2.702027218096419992e-01 1.656719183774038595e-02
7.044000000000000483e+00 2.742659206338471378e-01 1.669129238734218604e-02
7.051999999999999602e+00 2.793449191641035889e-01 1.684513243562711302e-02
7.060000000000000497e+00 2.549657262188727014e-01 1.609329393711192435e-02
7.067999999999999616e+00 2.732501209277958809e-01 1.666035391331568624e-02
7.076000000000000512e+00 2.793449191641035889e-01 1.684513243562711302e-02
7.083999999999999631e+00 2.458235288644111394e-01 1.580213493047564685e-02
7.092000000000000526e+00 2.569973256309752707e-01 1.615728342983161273e-02
7.099999999999999645e+00 2.580131253370265831e-01 1.618918332945566349e-02
7.108000000000000540e+00 2.803607188701548458e-01 1.687573215646155297e-02
7.115999999999999659e+00 2.630921238672829787e-01 1.634774914441723681e-02
7.124000000000000554e+00 2.610605244551804094e-01 1.628450809828675336e-02
7.131999999999999673e+00 2.783291194580522765e-01 1.681447702817434262e-02
7.140000000000000568e+00 2.834081179883087276e-01 1.696720020937668091e-02
7.147999999999999687e+00 2.610605244551804094e-01 1.628450809828675336e-02
7.156000000000000583e+00 2.895029162246164356e-01 1.714867275336360783e-02
7.163999999999999702e+00 2.123021385647187176e-01 1.468524599549154985e-02
7.172000000000000597e+00 2.661395229854368605e-01 1.644215464035161597e-02
7.179999999999999716e+00 2.671553226914881174e-01 1.647350291407538234e-02
7.188000000000000611e+00 2.752817203398984502e-01 1.672217362075161320e-02
7.195999999999999730e+00 2.437919294523085700e-01 1.573670137847607564e-02
7.204000000000000625e+00 2.529341268067701320e-01 1.602904899426836616e-02
7.211999999999999744e+00 2.498867276886162780e-01 1.593219584778614653e-02
7.220000000000000639e+00 2.498867276886162780e-01 1.593219584778614653e-02
7.227999999999999758e+00 2.742659206338471378e-01 1.669129238734218604e-02
7.236000000000000654e+00 2.712185215156932561e-01 1.659830396249284065e-02
7.243999999999999773e+00 2.691869221035906867e-01 1.653602117637969701e-02
7.252000000000000668e+00 2.346497320978470080e-01 1.543881889556341508e-02
7.259999999999999787e+00 2.641079235733342911e-01 1.637927810166273437e-02
7.268000000000000682e+00 2.620763241612317218e-01 1.631615926148003229e-02
7.275999999999999801e+00 2.641079235733342911e-01 1.637927810166273437e-02
7.284000000000000696e+00 2.793449191641035889e-01 1.684513243562711302e-02
7.291999999999999815e+00 2.539499265128214445e-01 1.606120358825793501e-02
7.300000000000000711e+00 2.590289250430778401e-01 1.622102049556497366e-02
7.307999999999999829e+00 2.590289250430778401e-01 1.622102049556497366e-02
7.316000000000000725e+00 2.397287306281034314e-01 1.560501118564402989e-02
7.323999999999999844e+00 2.966135141669754005e-01 1.735799298598926163e-02
7.332000000000000739e+00 3.118505097577446983e-01 1.779824868193105938e-02
7.339999999999999858e+00 2.651237232793855481e-01 1.641074648437487044e-02
7.348000000000000753e+00 3.189611077001037187e-01 1.800001665120223859e-02
7.355999999999999872e+00 2.793449191641035889e-01 1.684513243562711302e-02
7.364000000000000767e+00 3.128663094637960107e-01 1.782721249064683766e-02
7.371999999999999886e+00 3.159137085819498370e-01 1.791382293970542050e-02
7.380000000000000782e+00 3.027083124032831640e-01 1.753542171601629035e-02
7.387999999999999901e+00 3.392771018211294121e-01 1.856441704713173574e-02
7.396000000000000796e+00 3.362297027029755858e-01 1.848085585603095882e-02
7.403999999999999915e+00 3.352139029969242734e-01 1.845291803830981930e-02
7.412000000000000810e+00 3.341981032908730165e-01 1.842493785839632164e-02
7.419999999999999929e+00 3.474034994695396894e-01 1.878542979658294823e-02
7.428000000000000824e+00 4.113988809507707067e-01 2.044257474829481655e-02
7.435999999999999943e+00 3.453719000574371201e-01 1.873042109928975060e-02
7.444000000000000838e+00 3.413087012332319814e-01 1.861991617557563414e-02
7.451999999999999957e+00 4.083514818326168805e-01 2.036672077707108938e-02
7.460000000000000853e+00 3.860038882994885623e-01 1.980158166079855689e-02
7.467999999999999972e+00 4.205410783052322965e-01 2.066846640960440587e-02
7.476000000000000867e+00 3.870196880055398747e-01 1.982761925476903345e-02
7.483999999999999986e+00 4.012408838902578601e-01 2.018861986148339990e-02
7.492000000000000881e+00 4.164778794810271578e-01 2.056837639566356721e-02
7.500000000000000000e+00 3.626404950603089872e-01 1.919297028301129512e-02
7.508000000000000895e+00 3.870196880055398747e-01 1.982761925476903345e-02
7.516000000000000014e+00 3.514666982937448281e-01 1.889496675873238857e-02
7.524000000000000909e+00 4.144462800689245885e-01 2.051814829530341361e-02
7.532000000000000028e+00 4.032724833023604294e-01 2.023966575803834086e-02
7.540000000000000924e+00 3.727984921208218339e-01 1.945992288557930883e-02
7.548000000000000043e+00 3.677194935905654383e-01 1.932690749961369150e-02
7.556000000000000938e+00 3.565456968240012792e-01 1.903100139319188061e-02
7.564000000000000057e+00 3.667036938845141258e-01 1.930019441497442950e-02
7.572000000000000952e+00 3.951460856539501521e-01 2.003470183592954632e-02
7.580000000000000071e+00 3.352139029969242734e-01 1.845291803830981930e-02
7.588000000000000966e+00 3.595930959421551609e-01 1.911215741762590722e-02
7.596000000000000085e+00 3.179453079940524063e-01 1.797133134747517721e-02
7.604000000000000981e+00 3.372455024090268427e-01 1.850875150338908426e-02
7.612000000000000099e+00 2.884871165185651232e-01 1.711856092547330704e-02
7.620000000000000995e+00 3.311507041727191347e-01 1.834074120523280366e-02
7.628000000000000114e+00 2.895029162246485765e-01 1.714867275336551256e-02
7.635999999999999233e+00 3.006767129911805947e-01 1.747647895523889508e-02
7.644000000000000128e+00 2.905187159306676925e-01 1.717873179966348043e-02
7.651999999999999247e+00 2.884871165185651232e-01 1.711856092547330704e-02
7.660000000000000142e+00 2.925503153427702618e-01 1.723869265142797744e-02
7.667999999999999261e+00 2.498867276886162780e-01 1.593219584778614653e-02
7.676000000000000156e+00 2.813765185762061583e-01 1.690627649304968574e-02
7.683999999999999275e+00 2.773133197520010196e-01 1.678376562896982324e-02
7.692000000000000171e+00 2.681711223975394298e-01 1.650479164675713178e-02
7.699999999999999289e+00 2.600447247491291525e-01 1.625279529682057203e-02
7.708000000000000185e+00 2.316023329796931540e-01 1.533823920016780425e-02
7.715999999999999304e+00 2.458235288644111394e-01 1.580213493047564685e-02
7.724000000000000199e+00 2.407445303341547160e-01 1.563803770128749729e-02
7.731999999999999318e+00 2.539499265128214445e-01 1.606120358825793501e-02
7.740000000000000213e+00 2.417603300402060007e-01 1.567099461392617091e-02
7.747999999999999332e+00 2.204285362131289949e-01 1.496366406635124893e-02
7.756000000000000227e+00 2.427761297462572854e-01 1.570388236177655897e-02
7.763999999999999346e+00 2.458235288644111394e-01 1.580213493047564685e-02
7.772000000000000242e+00 2.336339323917957234e-01 1.540536529418215506e-02
7.779999999999999361e+00 2.173811370949751409e-01 1.485986861187439841e-02
7.788000000000000256e+00 1.869071459134365731e-01 1.377897760640293782e-02
7.795999999999999375e+00 2.244917350373341336e-01 1.510094826366434329e-02
7.804000000000000270e+00 2.478551282765137087e-01 1.586729864994625844e-02
7.811999999999999389e+00 2.153495376828725716e-01 1.479026697110441720e-02
7.820000000000000284e+00 2.234759353312828489e-01 1.506674448641952789e-02
7.827999999999999403e+00 2.366813315099495774e-01 1.550550956839644341e-02
7.836000000000000298e+00 2.153495376828725716e-01 1.479026697110441720e-02
7.843999999999999417e+00 2.224601356252315643e-01 1.503246288457880595e-02
7.852000000000000313e+00 2.305865332736418416e-01 1.530456574747387014e-02
7.859999999999999432e+00 2.509025273946675627e-01 1.596454551733396399e-02
7.868000000000000327e+00 2.509025273946675627e-01 1.596454551733396399e-02
7.875999999999999446e+00 1.899545450315904271e-01 1.389085206192173377e-02
7.884000000000000341e+00 2.123021385647187176e-01 1.468524599549154985e-02
7.891999999999999460e+00 2.255075347433854183e-01 1.513507474394100959e-02
7.900000000000000355e+00 2.204285362131289949e-01 1.496366406635124893e-02
7.907999999999999474e+00 2.051915406223597249e-01 1.443722641813182349e-02
7.916000000000000369e+00 2.051915406223597249e-01 1.443722641813182349e-02
7.923999999999999488e+00 2.153495376828725716e-01 1.479026697110441720e-02
7.932000000000000384e+00 2.244917350373341336e-01 1.510094826366434329e-02
7.939999999999999503e+00 2.316023329796931540e-01 1.533823920016780425e-02
7.948000000000000398e+00 2.133179382707700023e-01 1.472033623905766829e-02
7.955999999999999517e+00 2.255075347433854183e-01 1.513507474394100959e-02
7.964000000000000412e+00 2.194127365070777103e-01 1.492914576416875042e-02
7.971999999999999531e+00 2.265233344494367029e-01 1.516912444894216380e-02
7.980000000000000426e+00 2.214443359191802796e-01 1.499810292448433210e-02
7.987999999999999545e+00 2.204285362131289949e-01 1.496366406635124893e-02
7.996000000000000441e+00 2.214443359191802796e-01 1.499810292448433210e-02
8.003999999999999559e+00 2.214443359192048710e-01 1.499810292448599744e-02
8.012000000000000455e+00 2.194127365070533409e-01 1.492914576416709202e-02
8.019999999999999574e+00 2.376971312159744387e-01 1.553874756917023731e-02
8.028000000000000469e+00 2.153495376828964691e-01 1.479026697110605824e-02
8.035999999999999588e+00 1.980809426800226869e-01 1.418487093169165658e-02
8.044000000000000483e+00 2.265233344494115564e-01 1.516912444894047765e-02
8.051999999999999602e+00 1.960493432678763748e-01 1.411194052081549480e-02
8.060000000000000497e+00 1.990967423860740826e-01 1.422119588471957782e-02
8.067999999999999616e+00 2.255075347434104538e-01 1.513507474394268880e-02
8.076000000000000512e+00 2.173811370949509936e-01 1.485986861187274868e-02
8.083999999999999631e+00 2.062073403283880835e-01 1.447291800885953938e-02
8.092000000000000526e+00 2.244917350373590581e-01 1.510094826366601903e-02
8.099999999999999645e+00 2.204285362131534476e-01 1.496366406635290906e-02
8.108000000000000540e+00 2.234759353312580354e-01 1.506674448641785388e-02
8.115999999999999659e+00 2.183969368010021672e-01 1.489454746559742103e-02
8.124000000000000554e+00 2.224601356252562667e-01 1.503246288458047475e-02
8.131999999999999673e+00 2.498867276886440059e-01 1.593219584778791595e-02
8.140000000000000568e+00 2.549657262188443907e-01 1.609329393711013759e-02
8.147999999999999687e+00 2.153495376828486463e-01 1.479026697110277441e-02
8.156000000000000583e+00 2.194127365071020519e-01 1.492914576417040708e-02
8.163999999999999702e+00 2.275391341555132452e-01 1.520309789452005227e-02
8.172000000000000597e+00 2.468393285704350015e-01 1.583475031074746062e-02
8.179999999999999716e+00 2.082389397404904308e-01 1.454403842736941115e-02
8.188000000000000611e+00 2.488709279825926102e-01 1.589978035978661941e-02
8.195999999999999730e+00 2.356655318039244384e-01 1.547220016458140772e-02
8.204000000000000625e+00 2.285549338615139037e-01 1.523699559076759254e-02
8.211999999999999744e+00 2.417603300401791333e-01 1.567099461392442925e-02
8.220000000000000639e+00 2.387129309220786255e-01 1.557191462413390001e-02
8.227999999999999758e+00 2.448077291583870274e-01 1.576945209315148977e-02
8.236000000000000654e+00 2.214443359191556882e-01 1.499810292448266677e-02
8.243999999999999773e+00 2.305865332736162510e-01 1.530456574747217011e-02
8.252000000000000668e+00 2.468393285704898188e-01 1.583475031075097517e-02
8.259999999999999787e+00 2.691869221036206072e-01 1.653602117638153235e-02
8.268000000000000682e+00 2.549657262188443907e-01 1.609329393711013759e-02
8.275999999999999801e+00 2.346497320978209178e-01 1.543881889556169944e-02
8.284000000000000696e+00 2.559815259249523800e-01 1.612532042438707958e-02
8.291999999999999815e+00 2.488709279825926102e-01 1.589978035978661941e-02
8.300000000000000711e+00 2.641079235733049257e-01 1.637927810166091291e-02
8.307999999999999829e+00 2.295707335675650773e-01 1.527081804213136114e-02
8.316000000000000725e+00 2.244917350373590581e-01 1.510094826366601903e-02
8.323999999999999844e+00 2.458235288644384231e-01 1.580213493047739892e-02
8.332000000000000739e+00 2.234759353312580354e-01 1.506674448641785388e-02
8.339999999999999858e+00 2.316023329796674246e-01 1.533823920016610075e-02
8.348000000000000753e+00 2.305865332736674322e-01 1.530456574747556843e-02
8.355999999999999872e+00 2.427761297462842360e-01 1.570388236177830410e-02
8.364000000000000767e+00 2.224601356252068618e-01 1.503246288457713714e-02
8.371999999999999886e+00 2.285549338615139037e-01 1.523699559076759254e-02
8.380000000000000782e+00 2.509025273946954293e-01 1.596454551733573687e-02
8.387999999999999901e+00 2.620763241612608097e-01 1.631615926148184334e-02
8.396000000000000796e+00 2.519183271006908420e-01 1.599682976773163581e-02
8.403999999999999915e+00 2.244917350373092091e-01 1.510094826366266581e-02
8.412000000000000810e+00 2.407445303341814169e-01 1.563803770128923548e-02
8.419999999999999929e+00 2.468393285704898188e-01 1.583475031075097517e-02
8.428000000000000824e+00 2.417603300401791333e-01 1.567099461392442925e-02
8.435999999999999943e+00 2.376971312159744387e-01 1.553874756917023731e-02
8.444000000000000838e+00 2.458235288644384231e-01 1.580213493047739892e-02
8.451999999999999957e+00 2.275391341555132452e-01 1.520309789452005227e-02
8.460000000000000853e+00 2.326181326857185705e-01 1.537183888818529319e-02
8.467999999999999972e+00 2.265233344494115564e-01 1.516912444894047765e-02
8.476000000000000867e+00 2.265233344494618495e-01 1.516912444894384648e-02
8.483999999999999986e+00 1.899545450316115214e-01 1.389085206192327594e-02
8.492000000000000881e+00 2.123021385646951253e-01 1.468524599548991921e-02
8.500000000000000000e+00 2.387129309220256124e-01 1.557191462413044271e-02
8.508000000000000895e+00 2.275391341555132452e-01 1.520309789452005227e-02
8.516000000000000014e+00 1.950335435618684998e-01 1.407533360955642160e-02
8.524000000000000909e+00 2.112863388586439517e-01 1.465007170307500682e-02
8.532000000000000028e+00 2.244917350373092091e-01 1.510094826366266581e-02
8.540000000000000924e+00 2.214443359192048710e-01 1.499810292448599744e-02
8.548000000000000043e+00 2.183969368010506562e-01 1.489454746560072915e-02
8.556000000000000938e+00 2.062073403283880835e-01 1.447291800885953938e-02
8.564000000000000057e+00 2.316023329796674246e-01 1.533823920016610075e-02
8.572000000000000952e+00 2.072231400344852759e-01 1.450852179700185506e-02
8.580000000000000071e+00 2.244917350373590581e-01 1.510094826366601903e-02
8.588000000000000966e+00 2.133179382707462990e-01 1.472033623905603245e-02
8.596000000000000085e+00 2.214443359191556882e-01 1.499810292448266677e-02
8.604000000000000981e+00 2.112863388586908864e-01 1.465007170307825943e-02
8.612000000000000099e+00 1.980809426800226869e-01 1.418487093169165658e-02
8.620000000000000995e+00 2.305865332736162510e-01 1.530456574747217011e-02
8.628000000000000114e+00 2.346497320978209178e-01 1.543881889556169944e-02
8.636000000000001009e+00 2.082389397405366716e-01 1.454403842737264120e-02
8.644000000000000128e+00 2.316023329797188557e-01 1.533823920016950601e-02
8.652000000000001023e+00 2.265233344494115564e-01 1.516912444894047765e-02
8.660000000000000142e+00 2.011283417981769017e-01 1.429356885026245895e-02
8.667999999999999261e+00 2.255075347433603827e-01 1.513507474393932864e-02
8.676000000000000156e+00 2.214443359192048710e-01 1.499810292448599744e-02
8.683999999999999275e+00 1.940177438558171041e-01 1.403863124301990215e-02
8.692000000000000171e+00 1.919861444436716802e-01 1.396493713168017389e-02
8.699999999999999289e+00 2.346497320978209178e-01 1.543881889556169944e-02
8.708000000000000185e+00 1.777649485589947176e-01 1.343776702032256631e-02
8.715999999999999304e+00 2.234759353313076624e-01 1.506674448642120016e-02
8.724000000000000199e+00 1.858913462073646383e-01 1.374148372028645947e-02
8.731999999999999318e+00 2.082389397404904308e-01 1.454403842736941115e-02
8.740000000000000213e+00 2.082389397405366716e-01 1.454403842737264120e-02
8.747999999999999332e+00 2.021441415042282974e-01 1.432961826148929259e-02
8.756000000000000227e+00 2.112863388586439517e-01 1.465007170307500682e-02
8.763999999999999346e+00 2.204285362131045145e-01 1.496366406634958707e-02
8.772000000000000242e+00 2.051915406223824845e-01 1.443722641813342637e-02
8.779999999999999361e+00 1.828439470892517238e-01 1.362838316553138980e-02
8.788000000000000256e+00 2.305865332736162510e-01 1.530456574747217011e-02
8.795999999999999375e+00 1.869071459134158120e-01 1.377897760640140780e-02
8.804000000000000270e+00 1.919861444437143128e-01 1.396493713168327558e-02
8.811999999999999389e+00 1.889387453255600979e-01 1.385366095887379315e-02
8.820000000000000284e+00 1.726859500286993809e-01 1.324440777378589965e-02
8.827999999999999403e+00 1.940177438557740275e-01 1.403863124301678485e-02
8.836000000000000298e+00 2.183969368010506562e-01 1.489454746560072915e-02
8.843999999999999417e+00 2.041757409163310888e-01 1.440144637200151470e-02
8.852000000000000313e+00 1.797965479710575964e-01 1.351433611310655196e-02
8.859999999999999432e+00 2.112863388586439517e-01 1.465007170307500682e-02
8.868000000000000327e+00 2.102705391526394907e-01 1.461481275495927351e-02
8.875999999999999446e+00 2.011283417981769017e-01 1.429356885026245895e-02
8.884000000000000341e+00 1.990967423860298680e-01 1.422119588471642063e-02
8.891999999999999460e+00 1.737017497347505546e-01 1.328330479666615244e-02
8.900000000000000355e+00 2.123021385647422821e-01 1.468524599549318049e-02
8.907999999999999474e+00 1.990967423860740826e-01 1.422119588471957782e-02
8.916000000000000369e+00 1.635437526742388181e-01 1.288905333579613670e-02
8.923999999999999488e+00 1.757333491468529019e-01 1.336075912539258850e-02
8.932000000000000384e+00 1.919861444437143128e-01 1.396493713168327558e-02
8.939999999999999503e+00 1.879229456195087022e-01 1.381636974464022817e-02
8.948000000000000398e+00 1.665911517923923391e-01 1.300858343638685612e-02
8.955999999999999517e+00 1.838597467952622910e-01 1.366618735234046561e-02
8.964000000000000412e+00 1.960493432679198955e-01 1.411194052081862771e-02
8.971999999999999531e+00 1.787807482650461133e-01 1.347610594850318436e-02
8.980000000000000426e+00 2.092547394465416044e-01 1.457946853693960036e-02
8.987999999999999545e+00 1.980809426799786943e-01 1.418487093168850632e-02
8.996000000000000441e+00 2.173811370949992605e-01 1.485986861187604813e-02
9.003999999999999559e+00 2.133179382707936778e-01 1.472033623905930240e-02
9.012000000000000455e+00 1.757333491468529019e-01 1.336075912539258850e-02
9.019999999999999574e+00 1.919861444436716802e-01 1.396493713168017389e-02
9.028000000000000469e+00 1.787807482650461133e-01 1.347610594850318436e-02
9.035999999999999588e+00 2.082389397405366716e-01 1.454403842737264120e-02
9.044000000000000483e+00 2.255075347433603827e-01 1.513507474393932864e-02
9.051999999999999602e+00 2.376971312159744387e-01 1.553874756917023731e-02
9.060000000000000497e+00 2.204285362131534476e-01 1.496366406635290906e-02
9.067999999999999616e+00 2.234759353313076624e-01 1.506674448642120016e-02
9.076000000000000512e+00 1.686227512044946864e-01 1.308766369934167423e-02
9.083999999999999631e+00 2.112863388586439517e-01 1.465007170307500682e-02
9.092000000000000526e+00 1.970651429739712912e-01 1.414845271773337160e-02
9.099999999999999645e+00 2.041757409163310888e-01 1.440144637200151470e-02
9.108000000000000540e+00 1.899545450315693329e-01 1.389085206192018987e-02
9.115999999999999659e+00 1.990967423860298680e-01 1.422119588471642063e-02
9.124000000000000554e+00 1.869071459134573066e-01 1.377897760640446785e-02
9.131999999999999673e+00 2.031599412102796931e-01 1.436557720952491048e-02
9.140000000000000568e+00 2.011283417981322152e-01 1.429356885025928441e-02
9.147999999999999687e+00 1.818281473831599437e-01 1.359047382042448231e-02
9.156000000000000583e+00 1.930019441497657084e-01 1.400183267057139233e-02
9.163999999999999702e+00 2.143337379768450734e-01 1.475534303341595119e-02
9.172000000000000597e+00 2.031599412102345625e-01 1.436557720952172032e-02
9.179999999999999716e+00 2.295707335675650773e-01 1.527081804213136114e-02
9.188000000000000611e+00 2.356655318039244384e-01 1.547220016458140772e-02
9.195999999999999730e+00 1.899545450316115214e-01 1.389085206192327594e-02
9.204000000000000625e+00 1.930019441497228538e-01 1.400183267056828371e-02
9.211999999999999744e+00 1.858913462073646383e-01 1.374148372028645947e-02
9.220000000000000639e+00 1.787807482650461133e-01 1.347610594850318436e-02
9.227999999999999758e+00 2.133179382707936778e-01 1.472033623905930240e-02
9.236000000000000654e+00 1.879229456194669856e-01 1.381636974463716118e-02
9.243999999999999773e+00 2.316023329796674246e-01 1.533823920016610075e-02
9.252000000000000668e+00 2.011283417981769017e-01 1.429356885026245895e-02
9.259999999999999787e+00 1.848755465013545152e-01 1.370388725114766656e-02
9.268000000000000682e+00 1.970651429739275207e-01 1.414845271773023001e-02
9.275999999999999801e+00 2.041757409162857362e-01 1.440144637199831761e-02
9.284000000000000696e+00 1.858913462074059109e-01 1.374148372028951084e-02
9.291999999999999815e+00 1.919861444437143128e-01 1.396493713168327558e-02
9.300000000000000711e+00 1.879229456194669856e-01 1.381636974463716118e-02
9.307999999999999829e+00 2.102705391525927781e-01 1.461481275495602784e-02
9.316000000000000725e+00 2.041757409163310888e-01 1.440144637200151470e-02
9.323999999999999844e+00 2.163653373889478648e-01 1.482510863769317781e-02
9.332000000000000739e+00 2.102705391525927781e-01 1.461481275495602784e-02
9.339999999999999858e+00 2.173811370949509936e-01 1.485986861187274868e-02
9.348000000000000753e+00 2.112863388586908864e-01 1.465007170307825943e-02
9.355999999999999872e+00 2.387129309220786255e-01 1.557191462413390001e-02
9.364000000000000767e+00 1.980809426799786943e-01 1.418487093168850632e-02
9.371999999999999886e+00 2.448077291583326542e-01 1.576945209314798910e-02
9.380000000000000782e+00 2.519183271007467972e-01 1.599682976773518853e-02
9.387999999999999901e+00 2.275391341555132452e-01 1.520309789452005227e-02
9.396000000000000796e+00 2.427761297462303069e-01 1.570388236177481731e-02
9.403999999999999915e+00 2.336339323917697441e-01 1.540536529418044462e-02
9.412000000000000810e+00 2.366813315099758341e-01 1.550550956839816426e-02
9.419999999999999929e+00 2.041757409163310888e-01 1.440144637200151470e-02
9.428000000000000824e+00 2.285549338615139037e-01 1.523699559076759254e-02
9.435999999999999943e+00 2.397287306280767860e-01 1.560501118564229690e-02
9.444000000000000838e+00 2.529341268067982207e-01 1.602904899427014598e-02
9.451999999999999957e+00 2.224601356252562667e-01 1.503246288458047475e-02
9.460000000000000853e+00 2.549657262188443907e-01 1.609329393711013759e-02
9.467999999999999972e+00 2.681711223975096203e-01 1.650479164675529645e-02
9.476000000000000867e+00 2.580131253370552269e-01 1.618918332945746066e-02
9.483999999999999986e+00 2.630921238673121776e-01 1.634774914441905133e-02
9.492000000000000881e+00 2.925503153427377878e-01 1.723869265142606230e-02
9.500000000000000000e+00 2.387129309220256124e-01 1.557191462413044271e-02
9.508000000000000895e+00 3.098189103456765459e-01 1.774017920028720177e-02
9.516000000000000014e+00 2.945819147549055272e-01 1.729844566474373138e-02
9.524000000000000909e+00 3.220085068182217958e-01 1.808579958342806590e-02
9.532000000000000028e+00 3.169295082879659553e-01 1.794260018386015926e-02
9.540000000000000924e+00 3.372455024090642572e-01 1.850875150339113817e-02
9.548000000000000043e+00 3.250559059364475090e-01 1.817117755404185075e-02
9.556000000000000938e+00 3.717826924147292766e-01 1.943339264435820640e-02
9.564000000000000057e+00 3.717826924147292766e-01 1.943339264435820640e-02
9.572000000000000952e+00 4.103830812447649690e-01 2.041732140357543218e-02
9.580000000000000071e+00 4.195252785992275579e-01 2.064348940179993805e-02
9.588000000000000966e+00 4.276516762475437994e-01 2.084246739291071432e-02
9.596000000000000085e+00 4.327306747777996399e-01 2.096586969907555595e-02
9.604000000000000981e+00 4.520308691928723310e-01 2.142831827401016354e-02
9.612000000000000099e+00 4.327306747778957297e-01 2.096586969908021195e-02
9.620000000000000995e+00 4.814890606682559193e-01 2.211552500606010080e-02
9.628000000000000114e+00 4.997734553771770449e-01 2.253152744632097582e-02
9.636000000000001009e+00 4.743784627260030917e-01 2.195161732069389471e-02
9.644000000000000128e+00 5.038366542014935945e-01 2.262293361250474963e-02
9.652000000000001023e+00 5.424370430313263380e-01 2.347354657614585463e-02
9.660000000000000142e+00 5.109472521437399273e-01 2.278201195099470444e-02
9.668000000000001037e+00 5.424370430314467972e-01 2.347354657615106574e-02
9.676000000000000156e+00 5.536108397980121776e-01 2.371408291150405370e-02
9.683999999999999275e+00 5.698636350948345086e-01 2.405966153167400992e-02
9.692000000000000171e+00 6.064324245125501944e-01 2.481962688196074490e-02
9.699999999999999289e+00 5.769742330370661865e-01 2.420930102911178147e-02
9.708000000000000185e+00 5.901796292158625334e-01 2.448477677813290856e-02
9.715999999999999304e+00 6.084640239247877114e-01 2.486116603551913676e-02
9.724000000000000199e+00 5.718952345068103460e-01 2.410251047306244052e-02
9.731999999999999318e+00 6.247168192214712645e-01 2.519101350343797355e-02
9.740000000000000213e+00 5.729110342129887234e-01 2.412390640313372830e-02
9.747999999999999332e+00 5.830690312735027359e-01 2.433683115311641512e-02
9.756000000000000227e+00 6.206536203972665700e-01 2.510895786684783082e-02
9.763999999999999346e+00 5.556424392099915677e-01 2.375755514397611887e-02
9.772000000000000242e+00 5.617372374464233431e-01 2.388749716224371211e-02
9.779999999999999361e+00 5.139946512620076069e-01 2.284984935757648425e-02
9.788000000000000256e+00 5.200894494982004623e-01 2.298492353523475321e-02
9.795999999999999375e+00 5.119630518497910732e-01 2.280464684177501561e-02
9.804000000000000270e+00 4.957102565530824290e-01 2.243974894898078873e-02
9.811999999999999389e+00 4.692994641957460855e-01 2.183378706913021230e-02
9.820000000000000284e+00 4.642204656653859951e-01 2.171531746408137536e-02
9.827999999999999403e+00 4.632046659593348492e-01 2.169154589979755202e-02
9.836000000000000298e+00 4.611730665473348645e-01 2.164392444631067433e-02
9.843999999999999417e+00 4.459360709565639014e-01 2.128336744491795066e-02
9.852000000000000313e+00 4.174936791870320629e-01 2.059344450538592650e-02
9.859999999999999432e+00 4.205410783051855561e-01 2.066846640960210910e-02
9.868000000000000327e+00 4.042882830084565948e-01 2.026514048902732998e-02
9.875999999999999446e+00 3.870196880055827848e-01 1.982761925477123308e-02
9.884000000000000341e+00 3.799090900631386658e-01 1.964463137888580388e-02
9.891999999999999460e+00 3.595930959421151929e-01 1.911215741762378392e-02
9.900000000000000355e+00 3.240401062303960855e-01 1.814276287277382174e-02
9.907999999999999474e+00 3.504508985877324845e-01 1.886764213596566625e-02
9.916000000000000369e+00 3.463876997634499633e-01 1.875794561244525926e-02
9.923999999999999488e+00 3.331823035847846781e-01 1.839691512300029724e-02
9.932000000000000384e+00 3.433403006453726869e-01 1.867525037238238275e-02
9.939999999999999503e+00 3.209927071122419262e-01 1.805725055287371247e-02
9.948000000000000398e+00 3.098189103456077120e-01 1.774017920028326395e-02
9.955999999999999517e+00 2.874713168124818918e-01 1.708839603696797257e-02
9.964000000000000412e+00 2.803607188701859876e-01 1.687573215646342301e-02
9.971999999999999531e+00 2.305865332736674322e-01 1.530456574747556843e-02
9.980000000000000426e+00 2.834081179882772528e-01 1.696720020937479700e-02
9.987999999999999545e+00 2.681711223975096203e-01 1.650479164675529645e-02
9.996000000000000441e+00 2.671553226915178159e-01 1.647350291407720727e-02
