# metal tau age EBVgal Tdust fracPAH incl EBVbbb GA SB TO BB logMstar SFR_opt LIR(8-1000) Lbb(0.1-1) Lbbdered(0.1-1) Lga(01-1) AGNfrac(0.1-1) Ltor(1-30) LAGN(0.1-30) AGNfrac(8-1000) Lgal(0.4-0.5) Lbbb(0.4-0.5) AGNfrac(0.4-0.5) Ltor(6) Lsb(1-30) SFR_IR log_like logz
0.4557 11.3815 12.6503 0.0646 38.2926 0.0091 40.2883 0.1798 7.3144 4.6872 6.8795 4.1806 10.0108 0.8584 43.9259 43.6869 44.2417 43.5579 0.5737 44.1519 44.2939 0.5216 42.6160 42.7972 0.6028 43.7433 43.0490 3.2715 -267.4884 -306.7364
0.5564 3.4855 12.5776 0.0869 20.7976 0.0318 36.7449 0.1186 7.5214 5.8568 6.8858 4.1614 9.8500 1.2125 42.9790 43.7539 44.2703 43.4884 0.6483 44.1494 44.3107 0.9095 42.5693 42.8471 0.6546 43.7532 42.3727 0.3697 -267.6246 -299.7022
0.6880 11.4683 11.3437 0.0909 41.3402 0.0035 8.9658 0.1446 7.3596 5.6812 6.7000 4.1277 10.0066 0.7466 44.1407 43.7754 44.2004 43.4264 0.6907 44.0926 44.2770 0.3513 42.5587 42.8242 0.6483 43.6723 43.3881 5.3648 -271.6301 -305.1529
0.8823 10.7830 9.8567 0.1735 41.7672 0.0023 31.0884 0.1490 7.3519 5.2329 6.7966 4.1768 9.9611 1.0347 43.1851 43.7513 44.2587 43.4465 0.6686 44.1495 44.3097 0.8565 42.5655 42.8403 0.6531 43.7409 42.3124 0.5943 -270.5843 -298.9687
0.6966 10.5302 12.1590 0.0730 41.8290 0.0011 10.6789 0.1858 7.3316 5.6794 6.7251 4.1805 9.7679 1.5608 44.0933 43.6686 44.2399 43.5987 0.5401 44.1098 44.2591 0.3878 42.6559 42.7860 0.5743 43.6897 43.2742 4.8096 -267.3353 -299.2679
0.2854 5.9253 8.8770 0.3382 36.0110 0.0491 42.4361 0.1174 6.9920 4.5593 6.8772 4.0234 9.9155 0.9862 44.1671 43.7364 44.2625 43.4838 0.6414 44.1047 44.2750 0.3456 42.5664 42.8339 0.6493 43.6847 43.2881 5.7012 -282.0443 -298.9140
0.4150 12.9668 11.1534 0.1081 35.8860 0.0012 44.7670 0.1548 7.3833 5.3500 6.8558 4.1363 9.8772 0.8227 43.5277 43.7080 44.2428 43.5167 0.6084 44.1246 44.2801 0.7192 42.5980 42.8095 0.6194 43.7160 42.8715 1.3078 -270.5506 -298.9253
0.5645 12.1520 8.7592 0.3382 25.7862 0.0277 44.4813 0.1378 6.8982 5.5636 6.8841 4.0699 9.9855 0.8222 43.9356 43.6632 44.2054 43.5850 0.5449 44.1209 44.2647 0.4830 42.6529 42.7680 0.5659 43.7008 43.0571 3.3455 -278.3412 -299.0341
0.5108 1.1634 9.0605 0.3646 18.7681 0.0143 36.1777 0.1720 7.0752 5.9426 6.8491 4.2450 10.0143 0.7599 43.8549 43.7161 44.2382 43.5457 0.5969 44.1142 44.2749 0.5407 42.6205 42.8119 0.6084 43.7057 42.9926 2.7782 -271.6942 -299.1870
0.6452 8.4146 9.4678 0.1926 41.5102 0.0003 29.4068 0.1598 7.0954 5.6038 6.7761 4.1535 9.9662 1.1084 44.0522 43.6934 44.2046 43.5834 0.5630 44.1204 44.2721 0.4312 42.6903 42.7842 0.5538 43.7118 43.1518 4.3759 -271.5670 -299.0027
0.9834 11.3804 9.8893 0.1578 35.1871 0.0143 44.1063 0.1252 7.3400 5.7477 6.8472 4.0947 10.0053 1.0462 44.0115 43.7082 44.2406 43.5153 0.6093 44.1171 44.2749 0.4435 42.6001 42.8086 0.6178 43.7012 43.1378 3.9839 -268.0022 -299.9111
0.7378 11.7922 10.1557 0.0545 41.1244 0.0012 32.4971 0.1817 7.3344 5.5734 6.7776 4.2002 10.1415 1.0030 43.0472 43.7226 44.2224 43.5231 0.6129 44.1388 44.2933 0.8934 42.6085 42.8081 0.6129 43.7425 42.2997 0.4325 -274.3895 -299.1701
0.2334 13.0280 11.9972 0.1342 38.6771 0.0048 36.1102 0.1632 7.3631 4.9344 6.8354 4.1849 9.9227 0.9878 43.4604 43.7146 44.1993 43.5049 0.6184 44.1673 44.3108 0.7855 42.5781 42.7930 0.6212 43.7861 42.4720 1.1200 -268.7727 -304.1917
1.3704 11.5808 10.2938 0.0781 40.3068 0.0001 26.4716 0.1565 7.4147 5.0695 6.7854 4.1163 9.1125 13.0234 43.5114 43.7831 44.2634 43.3724 0.7202 44.1447 44.3158 0.7359 42.4518 42.8593 0.7188 43.7362 42.7295 1.2595 -273.9020 -299.4397
0.6463 9.2652 11.6654 0.0952 41.9981 0.0134 33.5576 0.1470 7.4015 5.2653 6.7981 4.1271 9.6549 2.4904 43.6928 43.6892 44.1985 43.6006 0.5508 44.1069 44.2613 0.6271 42.6647 42.7791 0.5655 43.6983 42.8228 1.9125 -283.9958 -299.1851
0.9672 10.4641 9.8212 0.1536 41.2523 0.0026 26.6472 0.1557 7.3740 5.2234 6.7781 4.1417 9.9430 0.9430 43.5673 43.7359 44.2609 43.4844 0.6409 44.1293 44.2916 0.7027 42.5990 42.8330 0.6315 43.7208 42.7136 1.4326 -270.1041 -303.3377
1.3575 10.8831 9.3670 0.1761 38.7121 0.0135 36.0476 0.2020 7.0681 4.8744 6.8478 4.1811 9.9855 0.8222 42.3844 43.7790 44.1885 43.4004 0.7051 44.1463 44.3135 0.9765 42.5444 42.8198 0.6534 43.7652 41.5841 0.0940 -282.4936 -299.1641
1.4132 9.0076 11.4735 0.0592 41.8919 0.0071 23.3806 0.1627 7.4283 5.5700 6.7436 4.1313 9.7679 1.5608 44.1988 43.7228 44.2395 43.5253 0.6118 44.1045 44.2702 0.3346 42.6101 42.8161 0.6164 43.6886 43.3417 6.1327 -267.8121 -299.2919
1.5926 2.6738 9.5523 0.1359 15.2393 0.0521 53.4646 0.1519 7.2307 7.3097 6.8929 4.1379 10.0143 0.7599 42.9459 43.7021 44.1502 43.5484 0.5875 44.1590 44.3004 0.9216 42.6800 42.7626 0.5474 43.7778 42.0469 0.3426 -273.8560 -300.1649
0.9099 12.3747 11.8252 0.0652 39.1413 0.0020 33.8639 0.1483 7.4480 5.7674 6.7850 4.0750 10.0857 1.2295 43.1443 43.7059 44.2757 43.5083 0.6119 44.1430 44.2935 0.8660 42.5680 42.8227 0.6425 43.7345 41.8135 0.5409 -267.4369 -298.8986
1.0845 8.2615 11.6914 0.1060 37.1944 0.0043 27.8021 0.1637 7.4090 5.6753 6.7978 4.2118 10.0857 1.2295 42.7601 43.7568 44.1300 43.5210 0.6325 44.1514 44.3093 0.9435 42.6651 42.7784 0.5649 43.7552 41.3161 0.2233 -267.8064 -299.0304
0.5566 8.4232 12.9223 0.0615 40.9761 0.0054 25.1490 0.1326 7.4203 5.5070 6.7864 4.0351 9.6289 5.1596 43.3157 43.7251 44.2093 43.5376 0.6063 44.1144 44.2766 0.8190 42.6130 42.8032 0.6078 43.7333 42.5415 0.8026 -273.0468 -299.6940
0.6769 11.5032 12.6625 0.1047 37.4856 0.0104 25.3108 0.1655 7.3764 5.6415 6.7905 4.1612 9.9566 1.0487 43.8379 43.7093 44.1096 43.5780 0.5750 44.1319 44.2821 0.5604 42.6800 42.7453 0.5375 43.7233 43.1457 2.6716 -269.9145 -299.2884
0.6678 6.7066 11.8036 0.0798 40.7523 0.0065 43.0216 0.1415 7.4097 4.6182 6.8581 4.1144 9.8772 0.8227 43.1894 43.6463 44.0435 43.6266 0.5114 44.1356 44.2673 0.8513 42.7349 42.6807 0.4688 43.7270 42.3088 0.6002 -273.1674 -300.8488
0.7525 7.2602 10.7743 0.0926 41.4128 0.0121 39.9465 0.1536 7.4584 5.4720 6.8214 4.1433 9.9430 0.9430 43.3510 43.7615 44.1992 43.4795 0.6569 44.1199 44.2908 0.7920 42.5538 42.8168 0.6469 43.7114 42.5391 0.8706 -275.5553 -298.9072
0.8466 11.3668 13.0034 0.1516 38.8267 0.0052 38.3338 0.1515 7.4756 4.3661 6.8706 4.1881 9.8796 1.9910 43.1063 43.7992 44.2673 43.3419 0.7413 44.1413 44.3184 0.8803 42.4251 42.8695 0.7356 43.7451 42.0945 0.4956 -268.3031 -299.1436
0.2064 11.0528 12.1930 0.0625 40.2987 0.0028 23.2958 0.1745 7.3186 5.7454 6.7277 4.1268 9.9662 1.1084 44.1195 43.6861 44.1894 43.5851 0.5579 44.1064 44.2599 0.3861 42.6358 42.7732 0.5784 43.6979 43.2760 5.1088 -281.8093 -298.9556
0.5525 8.7566 12.3361 0.1235 41.9349 0.0213 28.3153 0.1415 7.4131 5.4185 6.8103 4.1454 9.9510 0.9232 42.5634 43.7796 44.1464 43.4593 0.6765 44.1384 44.3074 0.9606 42.6650 42.7978 0.5758 43.7298 41.0983 0.1420 -270.4111 -300.0521
1.0428 7.3191 9.4926 0.1786 40.8623 0.0010 42.2870 0.1667 7.2208 5.4476 6.8455 4.1288 9.9437 0.8376 42.9898 43.7350 44.3732 43.5141 0.6245 44.1376 44.3007 0.9100 42.5688 42.8791 0.6714 43.7565 42.2644 0.3790 -277.3389 -305.8258
1.3160 12.1818 10.5380 0.0827 41.3956 0.0062 33.0396 0.1581 7.3871 5.5059 6.7820 4.1502 9.3095 10.3455 44.0110 43.6845 44.1995 43.5971 0.5501 44.1124 44.2640 0.4501 42.6737 42.7770 0.5592 43.7039 43.1218 3.9795 -269.6807 -299.2012
0.5195 12.4990 11.6266 0.0787 39.8426 0.0397 7.0878 0.1558 7.2437 4.5277 6.7197 4.1737 9.7171 0.8673 44.0066 43.7575 44.2313 43.4645 0.6625 44.1233 44.2928 0.4588 42.5375 42.8306 0.6626 43.7147 43.1235 3.9394 -267.0007 -299.1813
0.2558 11.5703 12.1106 0.1295 41.5187 0.0009 31.4596 0.1267 7.4059 5.5512 6.8004 4.0657 10.1415 1.0030 43.1381 43.7409 44.2254 43.5172 0.6260 44.0973 44.2700 0.8675 42.5650 42.8191 0.6422 43.7161 42.3217 0.5333 -266.7957 -298.9266
0.4825 7.6280 10.7575 0.0520 41.1467 0.0002 34.6687 0.1148 7.4320 5.6074 6.7818 3.9959 9.9566 1.0487 42.8411 43.6629 44.2108 43.5811 0.5470 44.1511 44.2867 0.9297 42.7046 42.7702 0.5377 43.7426 41.8826 0.2691 -266.5597 -300.0059
0.3705 11.8267 12.4299 0.0671 40.0620 0.0050 34.7827 0.1748 7.3405 5.5481 6.7907 4.1409 9.6549 2.4904 44.0085 43.6924 44.2738 43.5427 0.5854 44.1151 44.2702 0.4531 42.6112 42.8140 0.6147 43.7066 43.1390 3.9565 -270.4156 -299.8110
0.6322 9.2532 11.6971 0.0809 40.9573 0.0075 34.3180 0.1721 7.3632 5.5375 6.7830 4.1696 10.1052 1.2857 43.1305 43.7418 44.1652 43.5476 0.6100 44.1233 44.2865 0.8644 42.6928 42.7898 0.5556 43.7147 42.3314 0.5240 -267.8264 -299.4548
0.6721 12.3274 10.7339 0.1847 32.2593 0.0318 36.7410 0.1880 7.2836 5.6143 6.8555 4.2991 9.9335 0.9448 43.0708 43.8354 44.2972 43.3225 0.7651 44.1666 44.3472 0.8943 42.4525 42.9026 0.7382 43.7704 42.1811 0.4567 -271.9922 -300.9558
1.3018 12.0249 9.5472 0.1405 14.3212 0.0276 48.7439 0.1645 7.1360 7.4732 6.9079 4.1698 9.9973 1.0849 42.8426 43.7720 44.3142 43.4654 0.6695 44.1496 44.3173 0.9358 42.5013 42.8768 0.7036 43.7685 42.1726 0.2700 -267.1772 -298.9803
1.2852 8.7801 7.1008 0.5951 29.4278 0.0016 64.8305 0.1573 6.3951 5.6275 6.9240 4.1643 9.7614 1.4483 43.8098 43.6925 44.2616 43.5728 0.5685 44.1401 44.2875 0.5809 42.6192 42.8089 0.6075 43.7315 42.9486 2.5040 -268.6368 -305.2078
0.5679 12.9559 12.7866 0.2463 41.0671 0.0057 35.7800 0.0925 7.5067 5.8029 6.8277 4.0945 9.7614 1.4483 43.1842 43.6983 44.2599 43.5496 0.5848 44.1462 44.2933 0.8558 42.6005 42.8116 0.6192 43.7376 42.0570 0.5930 -271.8988 -298.9233
0.4976 4.0571 13.1212 0.0535 36.3768 0.0451 35.8316 0.1471 7.4566 4.4969 6.8628 4.1518 10.0857 1.2295 42.8755 43.7035 44.1331 43.5464 0.5895 44.1329 44.2818 0.9247 42.6921 42.7547 0.5360 43.7367 42.1715 0.2913 -270.9092 -298.8990
0.2744 5.3343 11.1074 0.0826 41.3651 0.0063 19.7559 0.1237 7.3981 5.4456 6.7478 4.0963 9.9452 1.0403 44.1083 43.7244 44.2532 43.5160 0.6177 44.1139 44.2775 0.3963 42.5765 42.8232 0.6383 43.7054 43.2726 4.9786 -276.6845 -298.9172
1.5077 10.6802 9.2028 0.1322 27.4111 0.0060 40.8749 0.2052 6.9073 5.8771 6.7915 4.1817 9.9336 0.9369 43.9688 43.7958 44.2112 43.4328 0.6976 44.0999 44.2886 0.4580 42.5289 42.8397 0.6717 43.6840 43.1869 3.6114 -271.5984 -299.4416
0.4762 11.7667 12.2010 0.1057 41.0715 0.0066 26.4048 0.1699 7.3353 5.1294 6.8074 4.2201 9.9677 1.1014 43.5277 43.7080 44.2428 43.5167 0.6084 44.1246 44.2801 0.7192 42.5980 42.8095 0.6194 43.7160 42.8715 1.3078 -269.9457 -306.8375
0.4981 4.4461 8.3820 0.4669 15.1300 0.0477 53.1032 0.1207 6.8693 6.7367 6.9047 4.1184 9.8500 1.2125 43.0555 43.7105 44.2337 43.6004 0.5630 44.1421 44.2927 0.8923 42.6501 42.8068 0.5893 43.7459 42.3843 0.4409 -270.2505 -307.1314
0.4395 12.8395 10.5142 0.0576 41.8682 0.0009 16.5513 0.1708 7.3149 5.6984 6.7210 4.1354 9.9109 0.8969 42.8958 43.7596 44.1434 43.4874 0.6517 44.1733 44.3256 0.9316 42.6040 42.7869 0.6037 43.7921 41.6506 0.3052 -270.8387 -299.0631
0.4610 7.1431 8.2966 0.4031 38.9208 0.0189 38.0367 0.1728 6.6875 4.4211 6.8402 4.1802 10.0447 0.8151 43.9185 43.7018 44.3085 43.5576 0.5823 44.1252 44.2809 0.5105 42.6204 42.8337 0.6204 43.7166 43.0573 3.2164 -279.3726 -302.7372
0.5679 12.9559 12.7866 0.2463 41.0671 0.0057 35.7800 0.0925 7.5067 5.8029 6.8277 4.0945 9.7614 1.4483 42.8280 43.7400 44.2693 43.5008 0.6343 44.1037 44.2754 0.9314 42.5338 42.8391 0.6688 43.7225 42.1871 0.2611 -274.9419 -299.5423
1.4454 4.3038 10.1077 0.1041 29.5949 0.0232 49.5473 0.1121 7.5612 5.1035 6.9467 4.1064 9.7794 1.6026 43.7867 43.7104 44.1965 43.5502 0.5912 44.1533 44.2998 0.6012 42.6265 42.7894 0.5927 43.7448 42.7847 2.3742 -273.5897 -298.9649
0.8311 7.4994 10.6223 0.0568 41.9241 0.0071 29.9583 0.1765 7.3818 5.5298 6.7880 4.1804 10.0634 0.9689 42.4401 43.8361 44.1747 43.3366 0.7596 44.1608 44.3404 0.9727 42.5246 42.8388 0.6734 43.7646 40.8782 0.1069 -271.4058 -300.4202
0.9936 10.2833 10.3690 0.0647 40.6619 0.0004 29.1676 0.1613 7.3703 5.6009 6.7892 4.1507 9.9160 0.9914 43.9874 43.6931 44.2050 43.5817 0.5637 44.1286 44.2778 0.4729 42.6349 42.7842 0.5851 43.7200 43.1350 3.7690 -275.6697 -302.8692
0.4667 11.5801 10.7281 0.0688 41.9401 0.0041 18.2736 0.1519 7.3400 5.4601 6.7392 4.1194 9.2093 16.3632 44.0311 43.6898 44.1709 43.5817 0.5619 44.1101 44.2630 0.4205 42.6561 42.7664 0.5631 43.6898 43.1610 4.1681 -271.3102 -300.0747
0.6999 9.0365 12.8912 0.0667 41.8332 0.0032 33.2270 0.1923 7.2972 5.5112 6.7880 4.2335 9.9854 1.1108 44.0457 43.7574 44.1986 43.4110 0.6895 44.0846 44.2660 0.4148 42.5124 42.8144 0.6671 43.6761 43.3126 4.3103 -270.0382 -299.3236
1.4906 3.8258 9.8672 0.1201 33.5820 0.0095 46.3494 0.1696 7.3160 5.1558 6.9183 4.2701 9.8806 0.8727 42.7365 43.7865 44.2746 43.4033 0.7073 44.1355 44.3109 0.9445 42.4818 42.8665 0.7080 43.7393 41.9142 0.2115 -274.2395 -306.7364
0.8471 9.2220 8.8029 0.2727 41.6207 0.0081 33.4778 0.1710 6.8787 5.2014 6.7869 4.0624 10.0572 1.0620 43.1940 43.7133 44.2025 43.5207 0.6091 44.1504 44.2985 0.8599 42.6089 42.7938 0.6048 43.7542 42.4609 0.6065 -273.3215 -299.1391
0.2340 10.0446 12.2996 0.1224 40.0023 0.0008 32.7400 0.1206 7.3942 5.6558 6.8025 4.0617 10.0598 1.3301 43.8901 43.7524 44.1941 43.4688 0.6577 44.0988 44.2738 0.5117 42.5835 42.8097 0.6273 43.6903 42.9754 3.0127 -271.8709 -300.5000
1.0406 8.5275 12.0127 0.0645 35.0154 0.0329 43.7206 0.2183 7.3578 4.7643 6.9067 4.2898 9.9700 1.0035 43.9524 43.7080 44.2885 43.5118 0.6111 44.1200 44.2783 0.4880 42.5660 42.8293 0.6471 43.7114 43.0674 3.4770 -267.3361 -299.2928
1.2611 7.9026 11.9413 0.0555 41.5229 0.0001 31.6001 0.1875 7.4107 5.5741 6.7780 4.2044 9.9801 1.0428 43.1671 43.7285 44.2164 43.4854 0.6364 44.1245 44.2848 0.8545 42.6059 42.8083 0.6145 43.7159 42.2045 0.5701 -278.5969 -306.9819
1.3212 8.0262 10.0798 0.0675 36.9397 0.0185 38.5435 0.1365 7.4380 5.7488 6.8133 4.0903 9.8500 1.2125 44.0049 43.6640 44.2381 43.6282 0.5206 44.1311 44.2732 0.4552 42.6940 42.7826 0.5508 43.7152 43.0931 3.9242 -266.8309 -301.2543
1.1354 11.2766 9.8241 0.0854 41.9917 0.0016 32.9596 0.1804 7.2442 5.4547 6.7783 4.1960 10.1415 1.0030 42.9891 43.7638 44.1963 43.5080 0.6431 44.1799 44.3327 0.9178 42.6015 42.8164 0.6213 43.7988 42.2245 0.3784 -269.9676 -298.9484
0.4566 0.8325 8.8314 0.4424 39.4315 0.0142 35.2311 0.1199 7.1225 4.9662 6.8481 4.1341 9.9430 0.9430 42.9643 43.7860 44.3045 43.3507 0.7315 44.1516 44.3225 0.9089 42.4315 42.8801 0.7375 43.7430 41.6675 0.3574 -269.2008 -298.9256
0.6888 11.7265 12.4284 0.0925 41.0242 0.0009 34.4491 0.1482 7.3738 5.7109 6.7884 4.1148 9.2093 16.3632 43.9700 43.7136 44.2186 43.5610 0.5870 44.1230 44.2798 0.4705 42.6347 42.8015 0.5948 43.7071 43.1088 3.6208 -267.2481 -298.9525
0.5555 9.7766 11.4922 0.0635 41.4929 0.0134 27.2576 0.1633 7.3165 5.1524 6.7792 4.1385 10.0399 0.9180 43.9018 43.6804 44.1444 43.5616 0.5680 44.1260 44.2711 0.5206 42.6455 42.7487 0.5591 43.7174 43.0578 3.0947 -280.5418 -299.6498
0.9274 10.6988 10.9377 0.0687 41.7104 0.0111 33.3849 0.1671 7.4249 5.3509 6.7881 4.1254 9.9452 1.0403 43.5056 43.7502 44.2818 43.5082 0.6358 44.1314 44.2977 0.7324 42.5917 42.8503 0.6446 43.7228 42.8512 1.2429 -276.8980 -299.0676
0.3084 13.0636 11.1147 0.1281 41.7694 0.0058 24.4341 0.1643 7.3879 5.2802 6.7575 4.1545 10.0108 0.8584 44.0320 43.6414 44.1791 43.6170 0.5141 44.1341 44.2682 0.4504 42.6868 42.7442 0.5330 43.7255 43.1708 4.1769 -276.5721 -301.7732
1.1987 12.3098 9.7981 0.0817 41.8119 0.0125 36.9721 0.1505 7.3276 5.0125 6.8628 4.0247 9.9350 1.0162 43.1989 43.6305 44.2685 43.6168 0.5079 44.1529 44.2821 0.8489 42.7033 42.7746 0.5409 43.7370 42.3199 0.6134 -267.4225 -299.0653
0.4462 8.7878 12.2219 0.0772 38.1135 0.0013 28.5813 0.1122 7.4189 5.5134 6.7947 4.0151 9.9430 0.9430 43.4686 43.7368 44.1542 43.5558 0.6027 44.1513 44.3042 0.7657 42.6430 42.7817 0.5792 43.7550 42.5767 1.1415 -270.4337 -299.3086
0.2228 4.5899 9.5150 0.4159 33.5503 0.0396 39.1354 0.1310 7.2473 5.0238 6.8279 4.1967 9.9092 0.9576 43.9133 43.6574 44.2130 43.6143 0.5248 44.1404 44.2776 0.5131 42.6657 42.7680 0.5586 43.7245 43.0432 3.1779 -274.9344 -299.0707
0.6221 6.4262 8.8703 0.3158 37.0295 0.0376 36.8657 0.1288 6.9976 4.9058 6.8588 4.0376 9.9858 1.8656 43.1224 43.7643 44.2446 43.4890 0.6533 44.1534 44.3157 0.8794 42.5813 42.8405 0.6449 43.7572 42.4874 0.5143 -270.2446 -299.2210
1.1663 9.1476 8.9491 0.3385 37.3319 0.0492 50.6735 0.1210 6.9905 4.8401 6.9329 4.0599 9.4115 9.3386 43.6285 43.6991 44.2389 43.6046 0.5541 44.1299 44.2813 0.6728 42.6658 42.8028 0.5783 43.7214 42.8324 1.6494 -267.4170 -299.2703
1.3456 8.7233 10.7945 0.0728 39.9894 0.0007 5.5464 0.1415 7.3953 5.7425 6.6845 4.1130 9.9350 1.0162 43.9551 43.6348 44.2218 43.6456 0.4938 44.1414 44.2732 0.4988 42.7125 42.7587 0.5266 43.7329 43.1360 3.4985 -268.6882 -303.1360
0.6557 5.7496 9.4942 0.1198 41.5096 0.0003 19.3906 0.1755 7.1092 5.5031 6.7482 4.0842 9.9705 0.8831 43.1130 43.6916 44.3245 43.5203 0.5974 44.1451 44.2929 0.8678 42.6191 42.8338 0.6211 43.7251 42.0476 0.5034 -268.9289 -301.3181
1.4274 12.6960 10.0431 0.0729 39.5437 0.0023 25.9164 0.1741 7.3469 5.5028 6.8120 4.2120 9.9833 1.0889 43.0624 43.7549 44.1288 43.4986 0.6434 44.1148 44.2836 0.8797 42.6359 42.7769 0.5805 43.7062 42.1729 0.4479 -280.3220 -299.3049
0.7925 5.9297 9.6739 0.0891 41.7857 0.0080 32.9379 0.1927 7.1954 5.3908 6.7513 4.1890 9.9566 1.0487 43.9321 43.7320 44.3043 43.5151 0.6223 44.1255 44.2892 0.5029 42.5713 42.8498 0.6551 43.7169 43.0552 3.3185 -268.0136 -299.2435
0.8218 11.4527 9.0378 0.3286 39.8713 0.0483 32.7950 0.1223 7.0518 5.0284 6.7975 4.0937 10.0870 1.0388 43.7061 43.5640 44.0413 43.6213 0.4671 44.1773 44.2813 0.6676 42.7303 42.6388 0.4475 43.7810 42.8704 1.9722 -269.6388 -298.9073
0.9519 6.2701 9.2369 0.1721 35.4444 0.0180 44.7308 0.1706 6.9835 5.0924 6.8729 4.1164 9.6282 3.5134 43.8835 43.7853 44.3555 43.4952 0.6611 44.1290 44.3088 0.5443 42.5171 42.9023 0.7082 43.7327 43.0465 2.9671 -268.9971 -301.4559
0.2112 8.1716 11.6405 0.1212 28.2597 0.0284 35.1980 0.1221 7.4021 5.4991 6.8714 4.0847 10.0399 0.9180 43.9175 43.6782 44.0673 43.6520 0.5151 44.1139 44.2601 0.5046 42.7378 42.7083 0.4831 43.7053 43.0200 3.2085 -277.7496 -301.6322
0.5048 6.3325 9.5575 0.1608 41.8027 0.0023 26.5531 0.1586 7.1099 5.5153 6.8065 4.1482 10.1415 1.0030 43.0276 43.6979 44.2010 43.5965 0.5581 44.1451 44.2907 0.8989 42.6400 42.7850 0.5827 43.7489 42.1823 0.4134 -270.0863 -298.9030
0.4020 12.5555 12.3114 0.1268 41.9191 0.0092 30.1399 0.1565 7.3958 5.2139 6.8014 4.1612 9.9339 1.0585 44.1407 43.7754 44.2004 43.4264 0.6907 44.0926 44.2770 0.3513 42.5587 42.8242 0.6483 43.6723 43.3881 5.3648 -272.9782 -301.2811
1.0737 1.0478 9.2068 0.1317 24.6367 0.0058 39.4425 0.1834 6.9828 6.1382 6.8690 4.2472 9.9448 0.9022 43.1875 43.7235 44.1862 43.5364 0.6061 44.1404 44.2937 0.8589 42.6789 42.7912 0.5643 43.7441 42.4777 0.5975 -270.4744 -304.8029
1.8218 11.6783 11.4944 0.0610 35.9715 0.0282 38.1852 0.1687 7.3552 5.3012 6.8466 4.1787 9.9163 0.9474 42.9143 43.7716 44.1909 43.4013 0.7011 44.1265 44.2980 0.9171 42.5308 42.8175 0.6593 43.7303 41.7110 0.3185 -267.0890 -299.0499
1.3174 8.0477 13.1420 0.2334 34.9687 0.0258 53.1358 0.1253 7.6009 4.5145 6.9498 4.1547 9.9448 0.9022 42.7510 43.7227 44.1444 43.4957 0.6277 44.1494 44.2988 0.9444 42.6105 42.7698 0.5907 43.7532 41.5652 0.2187 -274.4639 -299.2280
1.0735 12.4628 10.0125 0.0830 38.5845 0.0138 37.0773 0.1522 7.4452 4.7385 6.8580 4.1083 9.9858 1.8656 44.1331 43.6383 44.2169 43.6376 0.5004 44.1144 44.2541 0.3830 42.7301 42.7587 0.5165 43.7058 43.2652 5.2714 -267.7115 -299.2986
1.3822 10.2294 7.0479 0.6958 21.4647 0.0410 46.5096 0.1249 6.4755 5.5381 6.8739 4.1297 9.5174 8.5120 42.9812 43.6450 44.1514 43.6141 0.5178 44.1440 44.2756 0.9080 42.7141 42.7335 0.5112 43.7478 42.1260 0.3715 -275.2407 -299.0642
0.6877 6.9754 12.7487 0.0745 40.9218 0.0042 16.1709 0.1394 7.3971 5.6713 6.7265 4.1156 10.0005 1.0348 43.3477 43.6870 44.1744 43.5818 0.5603 44.1290 44.2757 0.8040 42.6673 42.7666 0.5569 43.7328 41.9739 0.8640 -266.8524 -299.2720
1.8746 12.1117 12.5262 0.0781 22.5515 0.0043 48.8861 0.1778 7.4278 6.5142 6.8900 4.1291 9.5006 11.5498 43.6828 43.7505 44.1809 43.4631 0.6597 44.1406 44.3013 0.6503 42.5635 42.8021 0.6340 43.7321 42.7642 1.8691 -266.9131 -305.0572
0.9016 7.5231 9.6660 0.1127 40.4250 0.0068 26.9436 0.1539 7.2755 5.2783 6.7989 4.0946 9.9430 0.9430 43.8928 43.7435 44.2629 43.4925 0.6406 44.1259 44.2915 0.5257 42.5589 42.8380 0.6554 43.7174 43.1181 3.0313 -270.8072 -302.5390
0.6034 10.3379 11.2591 0.0797 41.4361 0.0093 31.6762 0.1624 7.3804 4.7549 6.8174 4.1499 9.9368 1.0258 42.9604 43.7854 44.3915 43.3403 0.7359 44.1100 44.2977 0.9103 42.4175 42.9171 0.7596 43.7288 42.2386 0.3542 -267.3502 -298.9188
1.4783 9.4332 11.0866 0.0534 41.4810 0.0017 27.1941 0.1886 7.3777 5.3184 6.7972 4.2181 9.9160 0.9914 43.5578 43.7019 44.2049 43.5312 0.5970 44.1350 44.2846 0.7194 42.5640 42.7889 0.6266 43.7388 42.6659 1.4017 -272.1391 -298.9206
0.3122 4.6967 12.2506 0.0822 40.3332 0.0300 33.7960 0.1460 7.4561 5.6282 6.7873 4.1585 10.0514 0.8277 44.0760 43.7138 44.2335 43.5327 0.6028 44.1285 44.2842 0.4135 42.6321 42.8085 0.6002 43.7126 43.1827 4.6224 -268.7815 -298.9090
1.3373 4.9481 9.3644 0.1515 28.6145 0.0110 11.6369 0.1452 7.1174 5.4671 6.6797 4.0598 9.5006 11.5498 43.4631 43.6990 44.1875 43.5863 0.5645 44.1492 44.2936 0.7588 42.6608 42.7792 0.5677 43.7407 42.7090 1.1270 -276.2103 -304.6112
0.9735 11.1344 9.3010 0.2290 39.6795 0.0079 28.3669 0.1686 7.0990 5.1947 6.7950 4.1895 9.9155 0.9862 42.7689 43.7643 44.2804 43.4702 0.6631 44.1729 44.3302 0.9451 42.5546 42.8573 0.6675 43.7767 41.8512 0.2279 -282.0684 -298.9875
1.4071 13.0677 11.6104 0.1014 40.2066 0.0044 35.3346 0.2069 7.4004 5.6915 6.8318 4.2725 9.9227 0.9878 43.9981 43.7676 44.2529 43.4902 0.6545 44.1067 44.2853 0.4542 42.5573 42.8462 0.6605 43.6981 43.1375 3.8627 -271.3911 -298.9121
0.3477 8.5007 10.5970 0.0678 38.6393 0.0045 38.2449 0.1365 7.3480 5.4233 6.8617 4.1010 10.0399 0.9180 44.0692 43.7410 44.2701 43.5068 0.6316 44.1007 44.2739 0.4107 42.5643 42.8399 0.6535 43.6921 43.0712 4.5498 -269.6532 -302.1804
1.2261 9.9604 12.9394 0.1350 32.7414 0.0266 44.8408 0.1581 7.4190 4.9749 6.8526 4.2092 9.8538 1.7916 43.0715 43.6677 44.1740 43.6075 0.5346 44.1313 44.2724 0.8862 42.7100 42.7562 0.5266 43.7351 42.2440 0.4574 -268.1190 -303.5487
0.9458 5.7337 9.2242 0.4144 30.3632 0.0136 38.2344 0.1486 7.2235 4.8670 6.8472 4.1567 9.9335 0.9448 43.3477 43.7365 44.3454 43.4560 0.6561 44.1543 44.3117 0.8130 42.5695 42.8693 0.6660 43.7581 42.3699 0.8641 -267.0859 -298.9043
1.4948 9.6387 12.8682 0.0770 41.7162 0.0057 30.0530 0.1742 7.4282 5.1767 6.8105 4.1419 10.0065 1.1081 44.1013 43.7596 44.2535 43.4397 0.6763 44.1286 44.2977 0.3995 42.5489 42.8423 0.6628 43.7127 43.2074 4.8996 -269.5188 -299.1038
0.6347 10.4202 11.7212 0.1846 27.4823 0.0008 28.6374 0.1411 7.4986 5.2534 6.8139 4.1616 9.7794 1.6026 44.0873 43.7165 44.2464 43.5574 0.5905 44.1207 44.2799 0.3971 42.6294 42.8158 0.6057 43.7007 43.2136 4.7440 -265.9722 -298.9371
0.6382 11.6753 10.8413 0.1169 40.3465 0.0014 25.0408 0.1468 7.3658 5.5231 6.7822 4.1509 10.0021 1.0386 43.6842 43.7711 44.2426 43.3695 0.7160 44.1108 44.2889 0.6177 42.4710 42.8431 0.7020 43.6905 42.6851 1.8751 -268.2912 -299.7247
1.0230 3.8102 7.9599 0.3703 38.3483 0.0113 40.8166 0.1797 6.5519 5.2301 6.8575 4.1088 8.8206 25.6301 43.5154 43.7191 44.2296 43.5548 0.5935 44.1357 44.2904 0.7299 42.6162 42.8096 0.6095 43.7271 42.7194 1.2713 -279.7568 -298.9003
0.3028 12.2306 12.3909 0.1607 39.0162 0.0096 39.4314 0.1311 7.4521 5.3052 6.8381 4.1289 9.9430 0.9430 43.3510 43.7911 44.3050 43.3583 0.7304 44.1451 44.3195 0.8174 42.4714 42.8831 0.7207 43.7639 42.6629 0.8707 -268.8248 -298.9175
