# metal tau age EBVgal Tdust fracPAH incl EBVbbb GA SB TO BB logMstar SFR_opt LIR(8-1000) Lbb(0.1-1) Lbbdered(0.1-1) Lga(01-1) AGNfrac(0.1-1) Ltor(1-30) LAGN(0.1-30) AGNfrac(8-1000) Lgal(0.4-0.5) Lbbb(0.4-0.5) AGNfrac(0.4-0.5) Ltor(6) Lsb(1-30) SFR_IR log_like logz
1.7518 4.2923 12.4712 0.7650 28.5105 0.0007 18.2421 0.0009 8.0731 6.5303 7.0616 4.5167 10.8670 7.9588 44.2745 44.8400 44.8430 43.1886 0.9782 44.6891 45.0819 0.6187 41.9093 43.6351 0.9815 44.2732 42.9977 7.3002 -344.6886 -381.8588
1.8129 3.5126 13.0534 0.7664 31.0342 0.0100 13.6885 0.0046 8.1151 6.3755 7.0352 4.5271 10.9940 0.6442 44.1794 44.8436 44.8514 43.1719 0.9791 44.6924 45.0855 0.6652 41.9793 43.6419 0.9787 44.2724 43.0046 5.8648 -345.9093 -388.3780
1.5629 5.8608 10.1249 0.7598 29.0415 0.0054 16.4691 0.0044 8.0123 6.4794 7.0558 4.5186 11.0378 0.7126 44.2703 44.8416 44.8446 43.2430 0.9754 44.6807 45.0795 0.6250 41.9670 43.6367 0.9791 44.2721 43.0129 7.2307 -353.4098 -388.9027
1.8997 3.5105 10.4151 0.7794 28.2362 0.0043 17.9322 0.0012 8.1045 6.5156 7.0422 4.5189 10.9469 2.0825 44.2832 44.8194 44.8339 43.3937 0.9638 44.6524 45.0552 0.5939 42.3435 43.6221 0.9500 44.2365 43.2130 7.4475 -346.0382 -382.0717
1.7533 12.4665 11.5109 0.7555 29.7885 0.0036 20.8657 0.0010 7.9503 6.4422 7.0114 4.5264 11.0659 0.7601 44.1902 44.8195 44.8508 43.1589 0.9786 44.6771 45.0655 0.6756 41.6297 43.6335 0.9902 44.2808 43.1166 6.0123 -345.0937 -382.3986
1.8484 4.0107 10.6706 0.7614 29.4020 0.0039 42.8657 0.0051 8.0882 6.4507 7.1365 4.5421 10.8402 7.0218 44.1726 44.8509 44.8626 43.1546 0.9803 44.6935 45.0904 0.6826 41.7999 43.6518 0.9861 44.2849 42.8677 5.7728 -343.9251 -381.8323
1.0860 5.0579 12.5381 0.6958 29.0836 0.0097 39.5787 0.0010 8.0327 6.5365 7.1899 4.5128 11.0243 0.6907 44.2445 44.8491 44.8520 43.1157 0.9819 44.6922 45.0886 0.6365 41.6526 43.6441 0.9899 44.2763 43.0479 6.8135 -348.2495 -381.9223
1.9252 5.5556 10.3861 0.7891 28.8889 0.0048 29.9731 0.0011 8.0173 6.5127 7.0818 4.5267 10.6189 4.9342 44.2529 44.8378 44.8435 43.2193 0.9765 44.6932 45.0823 0.6411 41.9519 43.6346 0.9797 44.2846 42.9664 6.9453 -345.4230 -381.8458
1.6979 3.4695 12.9170 0.7967 28.3751 0.0041 19.7673 0.0001 8.1647 6.4780 7.0523 4.5298 10.9469 2.0825 44.2500 44.8507 44.8541 43.1692 0.9796 44.6777 45.0839 0.6344 41.8334 43.6460 0.9848 44.2692 43.0937 6.9000 -344.1915 -387.4475
1.9754 1.5915 9.9010 0.7897 28.9724 0.0046 30.7376 0.0020 8.0655 6.5124 7.0847 4.5233 11.1327 0.0000 44.2899 44.8455 44.8462 43.1933 0.9782 44.6725 45.0786 0.6012 41.9437 43.6390 0.9802 44.2566 43.0377 7.5642 -343.9798 -381.9046
1.8302 3.4116 12.6541 0.7734 29.8788 0.0093 8.5987 0.0000 8.1402 6.4426 7.0040 4.5135 10.9756 0.6175 44.2879 44.8410 44.8456 43.1726 0.9790 44.6953 45.0851 0.6234 41.6706 43.6371 0.9893 44.2867 43.0619 7.5292 -344.2694 -382.6790
1.8612 10.9642 12.5246 0.7891 30.9585 0.0023 29.4493 0.0011 7.9726 6.3615 7.0777 4.5238 10.9469 2.0825 44.2864 44.8247 44.8342 43.2257 0.9754 44.6966 45.0762 0.6249 41.8997 43.6241 0.9815 44.2880 43.2226 7.5038 -343.9431 -388.9027
1.9606 7.2206 12.2624 0.7895 31.0862 0.0104 33.7076 0.0008 8.0126 6.3934 7.0966 4.5275 11.1048 0.0111 44.2832 44.8525 44.8528 43.1672 0.9798 44.6603 45.0781 0.6070 41.7496 43.6458 0.9875 44.2517 43.0333 7.4474 -344.8673 -387.1853
1.7105 2.8499 11.1676 0.6310 29.5730 0.0159 23.0602 0.0022 7.9341 6.4703 7.0567 4.5390 11.0364 2.5592 44.3659 44.8631 44.8736 43.2246 0.9775 44.6716 45.0892 0.5581 41.8639 43.6632 0.9844 44.2557 43.2775 9.0106 -353.7823 -388.3200
1.7704 12.6787 11.0770 0.7987 27.7013 0.0023 27.7066 0.0011 8.0101 6.5737 7.0857 4.5131 11.1327 0.0000 44.2516 44.8395 44.8552 43.2390 0.9755 44.6398 45.0627 0.5985 41.9724 43.6431 0.9791 44.2198 42.9980 6.9260 -350.8623 -382.6185
1.6946 2.9636 11.8162 0.6504 30.5564 0.0006 44.8809 0.0013 8.0797 6.3845 7.1540 4.5150 11.0944 0.8117 44.2159 44.8448 44.8477 43.1326 0.9810 44.6981 45.0885 0.6548 41.6653 43.6398 0.9895 44.2822 42.9006 6.3782 -353.6644 -381.8512
0.8938 2.7278 12.2031 0.6361 29.4606 0.0197 14.6516 0.0023 8.0528 6.4112 7.0108 4.5432 11.0431 0.7212 44.2849 44.8615 44.8627 43.1748 0.9798 44.6411 45.0766 0.5866 41.6442 43.6553 0.9903 44.2252 43.0529 7.4764 -351.7317 -383.9886
1.6250 3.5147 12.4130 0.7751 29.7113 0.0097 23.6008 0.0005 8.1027 6.4493 7.0500 4.5260 10.8699 4.3708 44.2390 44.8526 44.8579 43.1297 0.9814 44.6840 45.0875 0.6435 41.6163 43.6492 0.9908 44.2754 43.0280 6.7266 -358.7303 -388.5622
1.7288 12.8047 11.6723 0.7679 27.8086 0.0027 28.1087 0.0002 7.9779 6.5405 7.0937 4.5153 10.9940 0.6441 44.2695 44.8394 44.8395 43.2582 0.9744 44.6667 45.0726 0.6180 41.9964 43.6325 0.9774 44.2582 42.9897 7.2159 -346.1111 -382.4217
1.2270 1.7032 10.3694 0.7786 28.2797 0.0105 19.6076 0.0015 8.1954 6.5293 7.0580 4.5255 10.8385 6.9945 44.2425 44.8429 44.8525 43.1883 0.9783 44.7007 45.0886 0.6366 41.8736 43.6424 0.9833 44.2807 43.0080 6.7816 -344.1751 -381.8972
1.5634 5.4007 11.9187 0.7981 29.9067 0.0043 23.3411 0.0012 8.0680 6.4167 7.0169 4.5214 10.3901 14.5822 44.2695 44.8629 44.8634 43.1591 0.9806 44.6538 45.0822 0.5945 41.7680 43.6562 0.9872 44.2336 43.0428 7.2169 -351.2593 -384.1099
1.5190 3.6148 9.7962 0.7994 28.3405 0.0198 30.9180 0.0000 7.9491 6.5184 7.0591 4.5198 10.8293 7.2969 44.2777 44.8269 44.8317 43.1916 0.9774 44.7091 45.0827 0.6279 41.8971 43.6231 0.9816 44.2933 43.1998 7.3534 -356.5722 -383.4068
0.8683 0.0525 11.0454 0.7858 29.0293 0.0164 36.2986 0.0055 8.2699 6.4807 7.1580 4.5376 10.7399 5.5736 44.2627 44.8695 44.8798 43.1740 0.9802 44.7031 45.1054 0.6517 41.9145 43.6695 0.9827 44.3069 43.1657 7.1037 -349.5283 -383.1817
1.9606 7.2206 12.2624 0.7895 31.0862 0.0104 33.7076 0.0008 8.0126 6.3934 7.0966 4.5275 11.1048 0.0111 44.2827 44.8547 44.8662 43.1067 0.9824 44.6906 45.0915 0.6151 41.6279 43.6555 0.9907 44.2747 43.5302 7.4399 -343.7570 -384.5934
1.6596 3.1323 11.8781 0.7941 29.0615 0.0068 37.8786 0.0009 8.2299 6.5035 7.1302 4.5360 10.9715 0.6116 44.2474 44.8570 44.8608 43.2177 0.9776 44.6839 45.0901 0.6306 41.9923 43.6525 0.9786 44.2680 42.9990 6.8590 -343.9009 -381.9163
1.7303 10.7215 12.5696 0.7894 30.6976 0.0097 24.9399 0.0010 8.0150 6.3595 7.0557 4.5154 10.9715 0.6116 44.3102 44.8561 44.8562 43.2213 0.9773 44.6524 45.0774 0.5876 41.9312 43.6492 0.9812 44.2438 43.2727 7.9263 -348.6452 -381.8839
1.9764 6.6786 11.1413 0.7909 30.4120 0.0135 16.2095 0.0007 7.9882 6.4006 7.0435 4.5242 10.9756 0.6175 44.3046 44.8485 44.8573 43.1173 0.9818 44.6924 45.0885 0.6041 41.6850 43.6474 0.9892 44.2765 43.0934 7.8234 -357.7301 -383.1859
1.8610 12.3211 11.5494 0.7909 27.6595 0.0076 26.6681 0.0001 7.9971 6.5427 7.0911 4.5261 10.9526 2.1099 44.2726 44.8452 44.8457 43.1754 0.9791 44.6760 45.0798 0.6126 41.7904 43.6386 0.9860 44.2601 43.0298 7.2689 -349.4787 -381.9159
1.9753 2.5726 11.2398 0.7379 26.4837 0.0056 32.4964 0.0000 8.1224 6.6694 7.0961 4.5374 10.8769 7.0487 44.2107 44.8314 44.8316 43.1956 0.9774 44.6709 45.0694 0.6432 41.9466 43.6245 0.9794 44.2550 43.0585 6.3022 -344.7899 -384.1745
1.6179 4.0100 12.6398 0.7731 32.0435 0.0044 32.7066 0.0001 8.0882 6.3117 7.0750 4.5229 11.1226 0.0000 44.2479 44.8444 44.8473 43.2417 0.9756 44.6894 45.0847 0.6333 42.0334 43.6393 0.9758 44.2735 42.9470 6.8667 -347.3940 -381.8433
1.6500 3.8206 11.5317 0.7861 25.5933 0.0062 22.9188 0.0009 8.0204 6.6922 7.0586 4.5205 11.0944 0.8117 44.2538 44.8589 44.8668 43.2123 0.9779 44.6502 45.0785 0.6175 41.9532 43.6572 0.9806 44.2417 43.0816 6.9600 -344.1451 -383.8085
1.9224 7.7557 10.2975 0.5485 26.8295 0.0148 11.0388 0.0001 7.9235 6.6713 7.0336 4.4951 11.0431 0.7212 44.2952 44.8520 44.8521 43.1433 0.9808 44.6871 45.0883 0.6006 41.7795 43.6451 0.9866 44.2671 43.1039 7.6557 -343.9847 -383.7267
1.7102 11.0250 13.0616 0.7354 30.4045 0.0133 13.7253 0.0039 7.9444 6.4435 7.0168 4.5370 10.9255 4.9673 44.2627 44.8362 44.8403 43.2252 0.9761 44.6588 45.0677 0.6029 42.0664 43.6320 0.9735 44.2388 43.0684 7.1048 -344.7994 -383.9150
1.6064 1.2651 12.6902 0.7364 28.1374 0.0000 9.9847 0.0012 8.1937 6.5373 7.0021 4.5337 10.8742 5.0105 44.2515 44.8559 44.8601 43.1906 0.9788 44.6826 45.0889 0.6362 41.7512 43.6517 0.9876 44.2740 42.9803 6.9236 -355.3151 -382.0345
1.5541 5.8284 9.8030 0.7821 29.5484 0.0024 33.7643 0.0008 7.8748 6.4253 7.0959 4.5266 10.9756 0.6175 44.3080 44.8566 44.8579 43.1985 0.9785 44.6491 45.0764 0.5870 41.8747 43.6505 0.9835 44.2405 43.4412 7.8854 -353.8481 -381.8365
1.8324 6.7788 10.5252 0.7739 30.1165 0.0068 31.6417 0.0001 8.0046 6.4013 7.1006 4.5123 10.6301 5.0631 44.2123 44.8413 44.8468 43.2683 0.9740 44.6596 45.0711 0.6363 42.0958 43.6380 0.9721 44.2437 43.0941 6.3266 -351.6934 -382.6633
1.9563 3.1768 10.9256 0.7771 28.2729 0.0046 29.7169 0.0009 8.1383 6.5032 7.0829 4.5245 10.8202 4.8122 44.1831 44.8180 44.8401 43.2505 0.9736 44.7067 45.0768 0.6760 42.0434 43.6258 0.9745 44.2908 43.0610 5.9149 -344.0665 -382.8549
1.5309 0.5471 13.0610 0.7955 28.4013 0.0100 34.5787 0.0001 8.3114 6.5439 7.0699 4.5227 11.1327 0.0000 44.2412 44.8262 44.8506 43.2499 0.9742 44.6977 45.0778 0.6601 41.8214 43.6355 0.9849 44.3015 43.1584 6.7608 -346.9415 -387.7288
1.8046 1.0953 10.5030 0.6368 26.7100 0.0074 5.7602 0.0000 8.1403 6.6360 7.0599 4.5432 10.8262 5.6418 44.2966 44.8367 44.8375 43.3138 0.9709 44.6958 45.0827 0.6190 42.1405 43.6302 0.9686 44.2872 43.0391 7.6807 -344.4299 -384.2000
1.5525 2.0957 10.6247 0.7272 31.0924 0.0133 29.6695 0.0014 8.2513 6.3789 7.0762 4.5221 10.8769 7.0487 44.3036 44.8278 44.8335 43.2950 0.9715 44.6879 45.0742 0.6354 42.0363 43.6247 0.9748 44.3067 43.0870 7.8057 -344.8941 -381.8495
1.6587 4.7370 11.1136 0.6980 29.6705 0.0031 26.8261 0.0004 8.0225 6.3892 7.0941 4.5060 11.1347 0.0000 44.2603 44.8538 44.8604 43.1951 0.9785 44.6689 45.0824 0.6155 41.8434 43.6512 0.9847 44.2530 43.2878 7.0650 -344.4354 -381.9354
1.5006 3.6904 10.7489 0.7502 25.6637 0.0510 30.7636 0.0017 8.0421 6.6681 7.0218 4.5170 10.8316 6.3509 44.2709 44.8639 44.8680 43.2030 0.9786 44.6831 45.0940 0.6260 41.8702 43.6597 0.9840 44.2746 42.9731 7.2407 -350.0179 -381.8612
1.3693 8.8369 13.0677 0.6220 27.7100 0.0089 8.0390 0.0004 7.8280 6.5015 7.0383 4.5214 10.7483 6.7718 44.1865 44.8639 44.8752 43.1224 0.9822 44.7149 45.1068 0.6713 41.7666 43.6645 0.9875 44.2946 42.9138 5.9616 -348.1985 -381.8883
1.9764 9.4114 11.7747 0.7785 31.6495 0.0019 40.5828 0.0078 8.0010 6.3385 7.0960 4.5504 10.8279 7.6548 44.2291 44.8437 44.8455 43.1409 0.9806 44.6926 45.0855 0.6532 41.6918 43.6380 0.9888 44.2840 42.9332 6.5760 -346.8647 -384.5814
1.8858 6.8005 11.5621 0.7852 30.4411 0.0097 17.4203 0.0004 7.9396 6.3892 7.0249 4.5291 10.8769 7.0487 44.2351 44.8383 44.8419 43.1631 0.9793 44.6884 45.0807 0.6480 41.8666 43.6338 0.9832 44.2798 43.1130 6.6663 -345.4701 -381.8478
1.3167 11.6889 10.2550 0.7263 29.6443 0.0263 28.2377 0.0029 7.8725 6.3970 7.0956 4.5224 10.7735 4.9966 44.2480 44.8350 44.8408 43.1852 0.9781 44.6733 45.0727 0.6438 41.7026 43.6319 0.9884 44.2771 43.0841 6.8679 -354.1636 -382.7890
1.6353 4.4868 12.3780 0.7193 32.1721 0.0149 26.2052 0.0027 8.0446 6.2419 7.1120 4.5423 10.8046 3.7409 44.2590 44.8545 44.8582 43.2055 0.9781 44.6669 45.0820 0.6237 41.7534 43.6500 0.9875 44.2584 42.9337 7.0438 -345.7247 -381.8862
0.8662 8.5193 10.9052 0.6844 27.7377 0.0148 10.2140 0.0020 7.8589 6.5209 7.0708 4.5280 10.9238 1.9748 44.2466 44.8540 44.8572 43.1941 0.9786 44.6752 45.0849 0.6348 41.8105 43.6492 0.9857 44.2666 42.9864 6.8463 -347.0054 -381.8382
1.4509 0.4900 12.9788 0.7239 29.3034 0.0107 30.7589 0.0004 8.2634 6.4571 7.0994 4.5126 11.0109 0.6697 44.3246 44.8147 44.8478 43.2119 0.9756 44.6815 45.0645 0.5958 42.0120 43.6298 0.9765 44.2730 43.3306 8.1922 -348.7842 -381.8412
1.5431 3.6622 11.5195 0.7876 28.3302 0.0142 30.3179 0.0016 8.0828 6.5028 7.0935 4.5120 11.0375 0.7120 44.2772 44.8515 44.8574 43.1309 0.9813 44.6838 45.0868 0.6230 41.6739 43.6485 0.9895 44.2752 43.0988 7.3454 -346.5130 -389.2892
1.9896 9.2083 10.6034 0.7483 29.0532 0.0059 15.5160 0.0006 7.9497 6.4904 7.0664 4.5293 11.0282 0.6932 44.2761 44.8418 44.8442 43.1877 0.9783 44.6829 45.0805 0.6088 41.8893 43.6364 0.9824 44.2628 43.0923 7.3267 -345.4134 -382.2031
1.7322 8.8414 12.8704 0.7873 30.0704 0.0026 10.8125 0.0015 8.0075 6.4173 7.0303 4.5133 10.8491 6.6120 44.2698 44.8382 44.8476 43.2093 0.9770 44.6798 45.0772 0.6356 41.7188 43.6375 0.9881 44.2835 43.0097 7.2223 -360.3038 -382.0693
1.6346 1.6040 10.9560 0.7004 29.7887 0.0066 6.2931 0.0071 8.1274 6.4230 7.0465 4.5471 10.9367 6.2587 44.2647 44.8422 44.8533 43.2029 0.9776 44.6964 45.0864 0.6365 41.9612 43.6426 0.9796 44.2879 43.1280 7.1369 -344.1087 -381.8776
1.5006 5.1516 12.3910 0.7939 28.1862 0.0088 31.8608 0.0001 8.0597 6.5347 7.0772 4.5191 11.0492 0.7315 44.2975 44.8399 44.8408 43.2540 0.9747 44.6823 45.0791 0.6111 41.9828 43.6336 0.9781 44.2737 43.0520 7.6980 -345.2194 -382.8615
1.8279 4.7227 12.9367 0.7692 30.2970 0.0045 14.1163 0.0025 8.0574 6.3801 7.0004 4.5131 10.9830 0.6281 44.2821 44.8453 44.8502 43.1529 0.9801 44.6705 45.0778 0.6045 41.7272 43.6416 0.9880 44.2546 43.1501 7.4291 -344.7374 -381.8455
1.4406 2.4636 10.4135 0.6046 31.1960 0.0001 18.9294 0.0077 8.1228 6.3521 7.0852 4.4968 11.0431 0.7212 44.2128 44.8359 44.8381 43.1272 0.9808 44.6909 45.0803 0.6527 41.6668 43.6304 0.9892 44.2750 43.0673 6.3327 -348.7267 -389.0578
1.8745 5.8852 9.8747 0.7750 29.5837 0.0043 31.9455 0.0024 7.9209 6.4506 7.0988 4.5255 10.5759 10.4587 44.3997 44.8364 44.8448 43.2573 0.9743 44.6275 45.0559 0.5226 42.0039 43.6351 0.9772 44.2189 43.3935 9.7397 -349.6936 -384.6469
1.8670 3.4972 12.5217 0.7868 30.5001 0.0041 29.7335 0.0005 8.1923 6.4013 7.0727 4.5292 11.1843 0.0000 44.2292 44.8590 44.8595 43.1441 0.9811 44.6957 45.0959 0.6465 41.6974 43.6524 0.9890 44.2798 42.8849 6.5775 -344.2379 -386.6459
1.5534 6.9058 12.1597 0.7211 29.9446 0.0014 23.8908 0.0001 7.9559 6.4386 7.0593 4.5238 10.7011 5.7157 44.2724 44.8483 44.8533 43.2662 0.9745 44.6840 45.0849 0.6257 42.0382 43.6447 0.9759 44.2755 43.0066 7.2644 -343.7616 -381.8620
1.5756 8.4763 13.0299 0.7611 28.9232 0.0009 24.6170 0.0018 8.0136 6.4587 7.0859 4.5117 10.7181 6.1999 44.3601 44.8373 44.8399 43.2719 0.9735 44.6762 45.0751 0.5730 42.0160 43.6321 0.9764 44.2676 43.2948 8.8906 -343.7185 -384.9945
1.6731 3.1578 12.9760 0.7916 29.8048 0.0016 13.9156 0.0007 8.1066 6.4511 7.0334 4.5177 10.9672 2.1820 44.2766 44.8274 44.8364 43.2548 0.9739 44.6892 45.0747 0.6263 42.0331 43.6265 0.9751 44.2807 43.1175 7.3359 -359.9690 -383.2253
1.5863 8.6569 10.6359 0.7901 28.6468 0.0001 34.7209 0.0015 7.9791 6.5156 7.0850 4.5389 10.9672 2.1820 44.2271 44.8560 44.8572 43.1045 0.9826 44.6784 45.0873 0.6385 41.6423 43.6499 0.9903 44.2625 42.9371 6.5454 -344.0666 -387.2463
1.5719 1.0582 12.8575 0.7194 27.9328 0.0072 21.7350 0.0005 8.1881 6.5472 7.0758 4.5269 10.7775 3.5331 44.2527 44.8355 44.8357 43.2232 0.9762 44.6591 45.0672 0.6143 41.9527 43.6286 0.9793 44.2432 42.9687 6.9434 -345.6457 -382.3252
1.4248 2.7501 12.9760 0.7300 29.3952 0.0023 21.8881 0.0089 8.0317 6.5037 7.0723 4.5350 10.8046 3.7409 44.2573 44.8374 44.8469 43.2759 0.9733 44.6845 45.0787 0.6256 42.0839 43.6368 0.9728 44.2686 43.1533 7.0169 -344.3119 -383.9680
1.4375 0.4000 13.1029 0.7453 30.8247 0.0322 30.3140 0.0019 8.2576 6.3672 7.0398 4.5309 11.0423 2.5941 44.2909 44.8386 44.8414 43.2113 0.9770 44.6702 45.0735 0.6082 41.7441 43.6335 0.9873 44.2616 43.0933 7.5806 -355.3496 -381.8382
1.5833 1.5432 11.1350 0.7091 28.2803 0.0136 16.5139 0.0031 8.1119 6.4773 7.0498 4.5358 10.7757 6.5126 44.1299 44.8659 44.8675 43.2618 0.9757 44.6685 45.0895 0.7011 41.9873 43.6600 0.9792 44.2723 42.8587 5.2323 -346.0657 -381.8511
1.7122 5.7278 10.4064 0.7925 31.8612 0.0025 2.6653 0.0012 8.0060 6.3210 6.9996 4.5261 11.0375 0.7120 44.2604 44.8268 44.8289 43.2141 0.9762 44.6944 45.0763 0.6217 41.9817 43.6212 0.9776 44.2741 43.0082 7.0672 -344.6264 -383.3854
1.6469 3.8910 11.8033 0.7377 29.0040 0.0319 9.9089 0.0018 8.0285 6.5223 6.9957 4.4959 10.8699 4.3704 44.2831 44.8421 44.8434 43.2725 0.9738 44.6775 45.0786 0.6164 42.0149 43.6360 0.9766 44.2690 43.1214 7.4462 -355.5026 -382.0333
1.3038 2.1846 12.4624 0.7828 32.4434 0.0241 16.7915 0.0005 8.2164 6.2318 7.0708 4.5095 10.8046 3.7409 44.2368 44.8429 44.8430 43.1739 0.9790 44.6715 45.0766 0.6487 41.7805 43.6360 0.9862 44.2753 43.1607 6.6930 -350.0324 -381.9004
1.5662 6.5300 11.3658 0.7498 30.8015 0.0093 41.5893 0.0002 7.9903 6.3529 7.1404 4.5168 10.8402 7.0218 44.1926 44.8513 44.8662 43.2426 0.9760 44.6716 45.0821 0.6613 41.9012 43.6543 0.9826 44.2631 43.0903 6.0449 -343.8146 -382.0802
1.9604 11.6643 11.0059 0.7946 30.3101 0.0154 34.4013 0.0000 7.9043 6.3718 7.1000 4.4922 11.0423 2.5941 44.2266 44.8469 44.8489 43.1491 0.9803 44.6800 45.0824 0.6480 41.6360 43.6413 0.9902 44.2714 43.0355 6.5375 -347.7196 -383.0769
1.9312 6.8233 11.6978 0.7020 27.9593 0.0387 7.9475 0.0015 7.9657 6.5957 7.0295 4.5221 11.0841 0.0000 44.2584 44.8579 44.8681 43.0885 0.9833 44.6575 45.0807 0.6103 41.6139 43.6578 0.9910 44.2416 43.3043 7.0349 -350.9649 -388.5177
1.9645 7.9062 11.0758 0.6816 29.3166 0.0074 42.7223 0.0084 7.9491 6.4888 7.1229 4.5396 11.0746 0.0000 44.2633 44.8463 44.8466 43.1823 0.9788 44.6832 45.0833 0.6217 41.8709 43.6395 0.9832 44.2673 43.0180 7.1137 -346.3409 -389.9561
1.8317 2.1345 11.0627 0.7962 26.6600 0.0101 27.8305 0.0008 8.2399 6.6342 7.0798 4.5338 10.3901 14.5822 44.2517 44.8566 44.8571 43.1668 0.9800 44.6696 45.0842 0.6205 41.8343 43.6499 0.9849 44.2537 42.9980 6.9268 -345.1384 -381.8564
1.9143 7.2185 10.9460 0.7502 29.0137 0.0010 28.2063 0.0002 7.9792 6.4742 7.0963 4.5193 11.0492 0.7315 44.2572 44.8497 44.8506 43.2484 0.9756 44.6676 45.0792 0.6251 41.9921 43.6433 0.9782 44.2591 42.9970 7.0144 -346.6619 -387.1408
1.7344 12.4315 12.2073 0.7858 29.9085 0.0157 24.1838 0.0005 7.9753 6.4142 7.0269 4.5159 10.7965 7.4266 44.2092 44.8450 44.8621 43.0754 0.9833 44.6706 45.0779 0.6522 41.6624 43.6495 0.9898 44.2621 42.8850 6.2809 -346.1472 -382.1238
1.5961 2.0520 11.8496 0.7608 27.2491 0.0002 24.7450 0.0001 8.1950 6.5819 7.0657 4.5339 10.7614 6.8499 44.2310 44.8435 44.8465 43.1993 0.9778 44.6931 45.0857 0.6525 41.9562 43.6385 0.9796 44.2845 42.9708 6.6047 -346.7458 -382.6375
1.6876 5.2982 10.5061 0.7815 30.9100 0.0112 28.5687 0.0009 8.1009 6.3473 7.0942 4.5243 11.0595 2.6991 44.3044 44.8519 44.8527 43.2133 0.9775 44.6756 45.0837 0.5949 41.9264 43.6455 0.9813 44.2598 43.1322 7.8209 -346.5434 -381.8912
1.7233 0.8744 9.7423 0.6235 28.6020 0.0021 1.6157 0.0011 7.8458 6.4954 7.0150 4.5407 11.0944 0.8117 44.3563 44.8461 44.8494 43.2628 0.9746 44.6308 45.0631 0.5403 42.1528 43.6413 0.9686 44.2149 43.2971 8.8133 -359.4770 -384.0441
1.9661 8.6235 11.9173 0.7359 27.4379 0.0291 21.5580 0.0003 7.9621 6.5974 7.0449 4.5399 10.9367 6.2587 44.2820 44.8309 44.8484 43.0977 0.9819 44.6871 45.0761 0.6136 41.8367 43.6356 0.9844 44.2712 43.2908 7.4281 -347.1070 -381.8428
1.6960 5.5855 9.0795 0.7718 26.3279 0.0159 8.0662 0.0044 7.4196 6.6161 7.0050 4.4966 10.8279 7.6548 44.2470 44.8355 44.8393 43.3134 0.9708 44.6673 45.0705 0.6304 42.0840 43.6310 0.9724 44.2587 43.2807 6.8523 -348.8227 -382.3657
1.2882 4.7968 12.5250 0.7581 31.9503 0.0024 16.0826 0.0167 8.0084 6.3073 7.0571 4.5475 10.7698 6.3620 44.2213 44.8500 44.8586 43.0935 0.9828 44.6721 45.0814 0.6466 41.5838 43.6488 0.9915 44.2635 42.9932 6.4586 -349.2063 -381.8339
1.5070 0.5022 11.6500 0.5982 31.4300 0.0194 7.0642 0.0015 8.2247 6.2442 7.0437 4.5027 11.0243 0.6907 44.1936 44.8332 44.8433 43.2692 0.9734 44.6986 45.0820 0.6594 42.0258 43.6330 0.9759 44.2784 42.9714 6.0600 -345.4617 -384.4643
1.5825 12.3343 12.1205 0.7676 28.5110 0.0005 29.7141 0.0000 7.9570 6.4887 7.0848 4.5313 10.3901 14.5822 44.2321 44.8381 44.8438 43.2469 0.9750 44.6553 45.0675 0.6177 41.8501 43.6350 0.9839 44.2353 43.0153 6.6217 -352.7726 -384.1640
1.0031 1.7892 11.9996 0.7035 25.5282 0.0160 30.8331 0.0121 8.1089 6.6929 7.1078 4.5448 10.9808 2.2514 44.2258 44.8431 44.8693 43.2299 0.9762 44.6842 45.0823 0.6506 41.9317 43.6537 0.9814 44.2756 43.2090 6.5256 -348.4657 -382.5827
1.7287 2.0262 12.9078 0.7147 27.6471 0.0168 13.1311 0.0022 8.0918 6.5721 7.0018 4.5341 11.0307 0.7010 44.2698 44.8411 44.8423 43.1496 0.9801 44.6787 45.0784 0.6156 41.7063 43.6349 0.9884 44.2628 43.0722 7.2221 -346.0085 -386.7434
1.8438 8.1661 11.2805 0.6908 28.2377 0.0101 34.7531 0.0002 7.9000 6.5510 7.1115 4.5136 10.8467 5.9145 44.2099 44.8188 44.8238 43.3411 0.9678 44.6655 45.0597 0.6595 42.1182 43.6152 0.9691 44.2692 42.9885 6.2916 -355.6436 -381.8452
1.8119 0.2117 11.1626 0.7875 29.2103 0.0074 21.5394 0.0013 8.2570 6.5151 7.0343 4.5225 10.8769 7.0487 44.3111 44.8320 44.8550 43.2317 0.9755 44.6983 45.0814 0.5980 42.2509 43.6404 0.9608 44.2783 43.0851 7.9413 -350.2371 -381.8564
1.6614 7.5479 12.9865 0.5575 32.3693 0.0216 7.6388 0.0039 7.7962 6.2300 7.0226 4.4998 11.0243 0.6907 44.2138 44.8489 44.8491 43.2175 0.9772 44.6358 45.0667 0.6171 41.9088 43.6421 0.9819 44.2158 43.4483 6.3473 -344.5506 -381.8583
1.6230 2.3336 10.3849 0.7375 27.0607 0.0036 39.1945 0.0018 8.1895 6.6087 7.1514 4.5255 10.9715 0.6116 44.2739 44.8497 44.8510 43.1842 0.9789 44.6785 45.0835 0.6219 41.8063 43.6436 0.9857 44.2699 43.0772 7.2907 -349.9012 -382.1502
1.5029 1.9185 10.2763 0.7670 28.3363 0.0012 31.6341 0.0010 8.2028 6.4812 7.0891 4.5338 10.9715 2.2039 44.2258 44.8393 44.8393 43.2131 0.9769 44.7066 45.0886 0.6540 42.0143 43.6323 0.9765 44.2907 43.2447 6.5251 -349.4652 -382.0502
1.8879 10.4932 11.5598 0.7922 29.8004 0.0170 29.7304 0.0006 8.0140 6.4560 7.0546 4.5091 11.0378 0.7126 44.2109 44.8540 44.8621 43.1593 0.9802 44.6900 45.0909 0.6476 41.8833 43.6525 0.9833 44.2700 42.9311 6.3054 -346.3599 -381.8307
1.5091 7.7522 11.2086 0.7882 29.6473 0.0018 15.5001 0.0008 7.9953 6.4452 7.0287 4.5191 10.6909 4.5937 44.2269 44.8364 44.8510 43.2196 0.9764 44.6596 45.0683 0.6285 41.8728 43.6392 0.9832 44.2437 43.0452 6.5429 -345.0537 -382.7381
1.9065 9.7477 11.6835 0.6684 31.0580 0.0190 25.8177 0.0017 7.9483 6.3216 7.0907 4.5224 10.6986 5.3997 44.2083 44.8438 44.8459 43.2398 0.9757 44.6826 45.0816 0.6589 41.9883 43.6383 0.9781 44.2741 42.9655 6.2681 -354.5786 -382.3100
1.6794 6.1142 9.9067 0.7553 28.6548 0.0248 17.9767 0.0089 7.7506 6.4953 7.0807 4.5502 10.6534 5.3411 44.3517 44.8631 44.8634 43.2324 0.9771 44.6543 45.0825 0.5504 41.9856 43.6564 0.9791 44.2343 43.4953 8.7194 -347.7166 -381.8827
1.6577 1.1955 10.6575 0.7397 31.1250 0.0029 26.6364 0.0000 8.3189 6.3973 7.0678 4.5126 10.8742 5.0105 44.3535 44.8152 44.8350 43.1973 0.9765 44.6756 45.0622 0.5595 41.9331 43.6215 0.9799 44.2554 43.3087 8.7573 -355.2626 -381.8801
1.3392 5.0714 12.3668 0.7221 28.6410 0.0052 23.0167 0.0002 7.9861 6.4875 7.0586 4.5329 10.7181 6.1999 44.1347 44.8320 44.8455 43.2726 0.9732 44.6553 45.0639 0.6691 41.9552 43.6341 0.9795 44.2353 43.2453 5.2908 -344.8280 -382.8780
1.6043 3.0435 9.9971 0.7772 30.1271 0.0013 31.7292 0.0013 8.1414 6.4240 7.0990 4.5247 10.8612 8.2652 44.2499 44.8358 44.8385 43.2095 0.9769 44.6585 45.0672 0.6349 41.7845 43.6306 0.9859 44.2623 43.0634 6.8988 -349.9927 -381.8497
1.8883 2.2145 12.2059 0.7771 29.2791 0.0253 16.4984 0.0006 8.2377 6.4704 7.0575 4.5150 10.8769 7.0487 44.1832 44.8195 44.8241 43.2861 0.9715 44.6718 45.0627 0.6764 42.0624 43.6156 0.9728 44.2756 43.3118 5.9160 -359.1712 -382.7273
1.8236 0.5009 11.5485 0.7961 29.3123 0.0055 27.0107 0.0005 8.2868 6.4703 7.0732 4.5300 10.8670 7.9588 44.2742 44.8500 44.8505 43.1438 0.9807 44.6905 45.0884 0.6197 41.9293 43.6433 0.9810 44.2746 43.0997 7.2946 -345.4366 -382.2561
