0.0 0.33102157711982727 0.08962129056453705
0.23232000321149826 0.4408922791481018 0.10618917644023895
0.4646399952471256 0.39663803577423096 0.07173789292573929
0.6972000002861023 0.4542473554611206 0.09196258336305618
0.9295200034976006 0.46764183044433594 0.07280295342206955
1.161839995533228 0.4187195301055908 0.08167833834886551
1.3944000005722046 0.4098731279373169 0.0815279558300972
1.6267200037837029 0.40104302763938904 0.08616476505994797
1.859519999474287 0.4542473554611206 0.05324149504303932
2.092319995164871 0.5125528573989868 0.05388285219669342
2.3246399983763695 0.5487747192382812 0.0641506239771843
2.5574399940669537 0.5396913886070251 0.07880928367376328
2.7899999991059303 0.6082189083099365 0.07990572601556778
3.02208000048995 0.5806922316551208 0.07449871301651001
3.2551199980080128 0.5533198118209839 0.07902733981609344
3.4883999973535538 0.4542473554611206 0.08228231966495514
3.7214399948716164 0.5351587533950806 0.08857884258031845
3.9542400017380714 0.5396913886070251 0.11821391433477402
4.18656000494957 0.5761244297027588 0.119088314473629
4.418639995157719 0.6823527216911316 0.1115013062953949
4.651200000196695 0.7292507886886597 0.10741792619228363
4.883520003408194 0.6963787078857422 0.1016453430056572
5.116079997271299 0.7861030697822571 0.1034398302435875
5.348640002310276 0.8435782790184021 0.09413039684295654
5.580959994345903 0.6776890158653259 0.1063351258635521
5.81351999938488 0.8051925301551819 0.11420378088951111
6.046319995075464 0.7908666729927063 0.10353510081768036
6.278880000114441 0.5806922316551208 0.12416451424360275
6.511200003325939 0.5806922316551208 0.11423136293888092
6.743759997189045 0.5080373287200928 0.1272420883178711
6.9765600040555 0.5170619487762451 0.11276786029338837
7.208639994263649 0.5125528573989868 0.0930703803896904
7.440959997475147 0.5035337805747986 0.09778844565153122
7.6732800006866455 0.47211194038391113 0.11173401027917862
7.905360002070665 0.43645089864730835 0.08197977393865585
