0.0 0.43074724078178406 0.17683714628219604
0.2330399975180626 0.26493728160858154 0.12314039468765259
0.46536000072956085 0.547942042350769 0.1596546769142151
0.6974400021135807 0.4273570477962494 0.11042150855064392
0.9300000071525574 0.4819944202899933 0.08964850753545761
1.1623199991881847 0.38020095229148865 0.09810614585876465
1.3944000005722046 0.38354772329330444 0.10183341801166534
1.6269600056111813 0.36350148916244507 0.09403840452432632
1.859519999474287 0.4579894542694092 0.06309294700622559
2.0918400026857853 0.4443431794643402 0.07765176147222519
2.3253600038588047 0.43413856625556946 0.07374996691942215
2.5574400052428246 0.5269916653633118 0.08316773921251297
2.7902400009334087 0.5690083503723145 0.07262499630451202
3.0228000059723854 0.5972750186920166 0.06546080112457275
3.2548800073564053 0.5795863270759583 0.06899303197860718
3.4876800030469894 0.6079291701316833 0.08108706772327423
3.7209600023925304 0.5937314629554749 0.08848310261964798
3.9542400017380714 0.561970591545105 0.06486062705516815
4.186800006777048 0.5026974678039551 0.0676090270280838
4.419360000640154 0.4716940224170685 0.07077602297067642
4.651440002024174 0.5972750186920166 0.08856460452079773
4.88400000706315 0.7015092372894287 0.08305224776268005
5.116319999098778 0.763919472694397 0.09239742159843445
5.348400000482798 0.7528350949287415 0.0921424850821495
5.581200007349253 0.9223660826683044 0.09604169428348541
5.81351999938488 0.7787472009658813 0.10886690020561218
6.046080004423857 0.857494056224823 0.08221707493066788
6.279120001941919 1.0 0.08932055532932281
6.511680006980896 0.7124518752098083 0.10311111062765121
6.743999999016523 0.7344298958778381 0.11165811866521835
6.9765600040555 0.5901851058006287 0.09993217140436172
7.209119997918606 0.558459460735321 0.0991073027253151
7.441440001130104 0.5130897760391235 0.0941612496972084
7.673760004341602 0.5937314629554749 0.0923301950097084
7.906080007553101 0.530471682548523 0.10216345638036728
8.138399999588728 0.5096239447593689 0.10912653058767319
8.370480000972748 0.46826016902923584 0.10048374533653259
