1 0.24252966473067702 0.004917495601160977
2 0.24252938073953859 0.00491749272207898
3 0.24252936020504395 0.004917492513901666
4 0.24252933823547773 0.004917492291175684
5 0.24252931468138667 0.0049174920523858846
6 0.24252928942854848 0.004917491796374288
7 0.24252926235452213 0.004917491521899592
8 0.24252923332805235 0.004917491227631135
9 0.24252920220843738 0.00491749091214249
10 0.24252916884485007 0.004917490573904575
11 0.2425291330756122 0.004917490211278304
12 0.24252909472741627 0.004917489822506688
13 0.24252905361449129 0.004917489405706389
14 0.242529009537711 0.004917488958858668
15 0.2425289622836364 0.004917488479799685
16 0.2425289116234922 0.00491748796621012
17 0.2425288573120697 0.004917487415604049
18 0.2425287990865521 0.004917486825317042
19 0.24252873666525732 0.004917486192493403
20 0.24252866974629098 0.004917485514072527
21 0.24252859800610538 0.004917484786774286
22 0.24252852109795697 0.00491748400708339
23 0.24252843865025445 0.0049174831712326394
24 0.24252835026479275 0.0049174822751850205
25 0.24252825551486176 0.004917481314614532
26 0.2425281539432248 0.00491748028488569
27 0.24252804505995457 0.004917479181031589
28 0.24252792834012046 0.004917477997730451
29 0.2425278032213154 0.004917476729280557
30 0.24252766910101134 0.004917475369573429
31 0.24252752533373448 0.004917473912065199
32 0.2425273712280453 0.004917472349745982
33 0.24252720604331493 0.004917470675107201
34 0.24252702898628026 0.0049174688801066554
35 0.242526839207369 0.00491746695613126
36 0.2425266357967758 0.004917464893957268
37 0.24252641778027725 0.004917462683707834
38 0.2425261841147702 0.004917460314807781
39 0.24252593368351397 0.004917457775935357
40 0.2425256652910639 0.004917455054970869
41 0.24252537765787519 0.004917452138941971
42 0.24252506941456084 0.004917449013965439
43 0.24252473909578426 0.00491744566518525
44 0.24252438513376923 0.004917442076706776
45 0.24252400585140632 0.004917438231526881
46 0.24252359945493837 0.004917434111459759
47 0.24252316402620616 0.004917429697058301
48 0.24252269751443467 0.004917424967530811
49 0.24252219772754505 0.004917419900652905
50 0.24252166232297295 0.004917414472674403
51 0.24252108879798168 0.0049174086582211025
52 0.24252047447945668 0.0049174024301912814
53 0.24251981651317164 0.004917395759646845
54 0.2425191118525226 0.004917388615699075
55 0.24251835724672888 0.0049173809653889665
56 0.2425175492285074 0.004917372773562218
57 0.2425166841012343 0.004917364002739022
58 0.2425157579256176 0.004917354612978885
59 0.24251476650591702 0.00491734456174085
60 0.24251370537576078 0.004917333803739623
61 0.2425125697836287 0.00491732229079831
62 0.24251135467809204 0.004917309971698663
63 0.2425100546929267 0.004917296792030041
64 0.24250866413225158 0.004917282694038605
65 0.24250717695588123 0.004917267616478661
66 0.2425055867651325 0.004917251494468604
67 0.24250388678938287 0.004917234259354444
68 0.24250206987375217 0.004917215838584702
69 0.24250012846836652 0.00491719615560133
70 0.24249805461977308 0.004917175129752401
71 0.2424958399652045 0.004917152676233657
72 0.2424934757305594 0.004917128706067716
73 0.2424909527331598 0.004917103126131656
74 0.24248826139059915 0.004917075839246335
75 0.24248539173729586 0.0049170467443437815
76 0.24248233345074566 0.004917015736732906
77 0.24247907588993683 0.00491698270848848
78 0.2424756081489692 0.004916947548994253
79 0.24247191912964752 0.0049169101456784286
80 0.24246799763771776 0.004916870384988848
81 0.24246383250854442 0.004916828153666712
82 0.24245941276943386 0.0049167833403918875
83 0.24245472784757 0.004916735837890786
84 0.2424497678347271 0.004916685545620052
85 0.2424445238226786 0.004916632373167281
86 0.24243898832665037 0.00491657624454475
87 0.2424331558184445 0.004916517103595598
88 0.24242702339616506 0.0049164549207856845
89 0.24242059162403579 0.004916389701720932
90 0.24241386558384503 0.004916321497811607
91 0.24240685618934257 0.00491625041960429
92 0.24239958182666566 0.004916176653421625
93 0.24239207039774896 0.004916100482090645
94 0.2423843618596353 0.004916022310702507
95 0.24237651137029317 0.004915942698525882
96 0.24236859316997772 0.004915862398383089
97 0.24236070534429952 0.004915782404971734
98 0.24235297562723973 0.004915704013736576
99 0.24234556840281027 0.00491562889190036
100 0.2423386930420344 0.004915559163037559
101 0.24233261364993433 0.004915497505943951
102 0.24232766016808 0.004915447267241527
103 0.24232424054101173 0.004915412584746312
104 0.2423228532501485 0.004915398514513981
105 0.2423240988648683 0.004915411147835175
106 0.2423286882530233 0.0049154576942228335
107 0.24233744361643725 0.004915546491447063
108 0.24235128647988138 0.004915686883014545
109 0.2423712041853493 0.0049158888773867225
110 0.24239818363663834 0.004916162474851205
111 0.2424330989147168 0.004916516526594969
112 0.2424765399280173 0.004916956996345144
113 0.24252857604776448 0.004917484564161756
114 0.24258846696145606 0.00491809169769761
115 0.24265436822033795 0.004918759673445814
116 0.24272313188135217 0.004919456565833404
117 0.24279035933207357 0.004920137793914683
118 0.24285088358089865 0.004920751016549734
119 0.24289977645181599 0.00492124633600778
120 0.24293374080019298 0.00492159038960238
121 0.24295240754154623 0.004921779470562929
122 0.24295882712941533 0.004921844494794198
123 0.24295861675570501 0.004921842363925104
124 0.24295788009788552 0.004921834902332548
125 0.24296080510194995 0.004921864529574435
126 0.24296817641876445 0.004921939192538221
127 0.24297760377966113 0.004922034679214036
128 0.24298533466454075 0.004922112981453041
129 0.24298869338809298 0.004922146999884012
130 0.24298793132401475 0.004922139281429492
131 0.24298664174157658 0.004922126220054874
132 0.2429906061880549 0.00492216637334525
133 0.24300560907628946 0.004922318324841013
134 0.2430351015423773 0.004922617015275353
135 0.2430785399494701 0.004923056912818376
136 0.24313087707732092 0.004923586874845295
137 0.2431832397602238 0.0049241170385614826
138 0.24322446486677615 0.004924534395956988
139 0.2432429890840103 0.004924721921106098
140 0.24322861068342552 0.004924576365685858
141 0.24317380665098945 0.004924021534067813
142 0.24307450240240297 0.004923016026534164
143 0.24293036016846858 0.004921556145403871
144 0.24274471829293134 0.004919675315180445
145 0.24252427908220225 0.004917441001552015
146 0.24227856674890083 0.004914949329168059
147 0.24201914002381678 0.004912317212886306
148 0.2417585921425945 0.0049096723012123054
149 0.24150947503452777 0.004907142094127303
150 0.2412833523366765 0.004904844304235274
151 0.24109013093354248 0.0049028799940148745
152 0.24093764486712602 0.00490132924796445
153 0.24083128363298906 0.004900247289656161
154 0.24077342609045896 0.0048996586342045225
155 0.240762633522142 0.004899548820397427
156 0.24079287710516062 0.004899856541027068
157 0.24085331191371362 0.004900471391676989
158 0.24092907487996035 0.004901242078725504
159 0.24100325471030085 0.004901996544173754
160 0.2410597141036535 0.004902570701448304
161 0.2410860676410584 0.00490283867768373
162 0.2410759970546608 0.004902736276544159
163 0.24103025155297023 0.0049022710938343905
164 0.24095605517444127 0.0049015165023349435
165 0.240865094669302 0.004900591257893585
166 0.24077065481283008 0.004899630436837284
167 0.2406846903047546 0.004898755679232392
168 0.2406156070497451 0.004898052588655619
169 0.24056727354262336 0.004897560617348093
170 0.24053937786429294 0.0048972766536684795
171 0.24052882715539325 0.004897169248578637
172 0.24053160072068883 0.004897197483405372
173 0.2405444100042586 0.004897327879486271
174 0.24056569063133598 0.004897544504564712
175 0.2405957592509327 0.0048978505702404465
176 0.24063626526512885 0.004898262846948596
177 0.24068923612686124 0.004898801940518655
178 0.24075602959735723 0.004899481624601104
179 0.24083643726431866 0.00490029972041281
180 0.24092812421460347 0.004901232408980064
181 0.24102656792704072 0.004902233633387426
182 0.24112561333257818 0.004903240771005863
183 0.2412186103696759 0.004904186217862251
184 0.24129985409307098 0.00490501202646154
185 0.24136584182451679 0.0049056826619499295
186 0.24141587557141356 0.004906191095463244
187 0.24145183726319358 0.004906556498860087
188 0.2414774074114612 0.004906816298199607
189 0.2414972955034638 0.00490701835686378
190 0.24151696396959307 0.004907218175994505
191 0.24154286536725456 0.004907481305340952
192 0.2415826683689266 0.004907885632001417
193 0.24164472547554222 0.0049085159537609665
194 0.24173636201335652 0.004909446569506382
195 0.24186130453475507 0.0049107151403348995
196 0.24201727148592 0.004912298249781593
197 0.24219494791923446 0.004914101095286886
198 0.24237907855619123 0.004915968732619042
199 0.24255148252133543 0.0049177167833345265
200 0.2426949384700013 0.004919170848750539
201 0.24279658141096394 0.004920200838611878
202 0.24284982426480986 0.004920740284374648
203 0.2428545942709655 0.00492078861022018
204 0.24281637010342533 0.004920401340523566
205 0.24274474167312182 0.004919675552102064
206 0.24265195593584724 0.0049187352241081604
207 0.24255145921158267 0.004917716547032601
208 0.24245619771735777 0.004916750741602033
209 0.24237659449892412 0.004915943541543938
210 0.24231854989359705 0.004915354868596914
211 0.24228216059854135 0.004914985782090028
212 0.24226181421912713 0.004914779402336613
213 0.24224785437209945 0.0049146377981856395
214 0.24222937198760858 0.004914450312607535
215 0.24219721159193905 0.004914124060032063
216 0.24214621512366905 0.0049136066796645625
217 0.24207605252459485 0.0049128947618835885
218 0.24199051654030285 0.004912026715638054
219 0.24189565830516668 0.004911063884816124
220 0.24179745806254588 0.004910066933023319
221 0.2416998121470705 0.00490907540813586
222 0.2416034832961798 0.0049080970608317565
223 0.2415063386942797 0.00490711023095254
224 0.2414047528806518 0.0049060780733291235
225 0.2412956075968746 0.004904968866040593
226 0.2411780573385147 0.004903773961163464
227 0.24105429899276018 0.004902515636019386
228 0.24092900093671094 0.004901241326608323
229 0.2408076411687621 0.004900006754533413
230 0.24069448993824089 0.004898855406226858
231 0.24059110596111608 0.004897803206088117
232 0.24049593832040977 0.00489683442863353
233 0.2404050998490105 0.00489590954198282
234 0.2403138844709757 0.004894980641953288
235 0.24021837824458195 0.004894007856738335
236 0.24011662657447133 0.004892971245341961
237 0.24000914355613368 0.004891876006349191
238 0.2398988647096772 0.004890752023283602
239 0.23979077994984302 0.004889650152057706
240 0.23969141445703285 0.004888636950380419
241 0.23960816892936024 0.0048877879577205316
242 0.23954844898205307 0.004887178803552189
243 0.2395185886809878 0.004886874194653546
244 0.23952275168637177 0.004886916663163605
245 0.2395621337001616 0.004887318396835767
246 0.2396347736696932 0.004888059306398915
247 0.2397360979384793 0.004889092601116615
248 0.23986006437686797 0.004890356501445848
249 0.24000056385834492 0.004891788569695266
250 0.24015264889047994 0.004893338253551554
251 0.24031320357500924 0.0048949737073249715
252 0.240480822499148 0.004896680536560321
253 0.24065490329757638 0.004898452536175393
254 0.2408342418692783 0.004900277385507133
255 0.24101567211817657 0.00490212282733645
256 0.24119339180916805 0.00490392985341893
257 0.2413594544512872 0.00490561775087308
258 0.2415054769145882 0.004907101475795768
259 0.24162505882798382 0.004908316205934209
260 0.24171599050537063 0.004909239701709761
261 0.2417812849577097 0.004909902720471556
262 0.24182848777942845 0.004910381975828854
263 0.2418674383096321 0.004910777409556184
264 0.24190733651603885 0.004911182431275077
265 0.24195426676726337 0.0049116587951820835
266 0.242010087016199 0.004912225336555725
267 0.24207293878472685 0.004912863165355721
268 0.24213890929044363 0.0049135325544883875
269 0.24220393949391306 0.004914192313326863
270 0.24226510603423673 0.004914812792844712
271 0.24232084597232809 0.004915378156155872
272 0.24237028584328893 0.004915879564251088
273 0.2424122792742879 0.004916305412055707
274 0.24244484787999318 0.004916635659012071
275 0.24246544035343467 0.004916844456064962
276 0.24247194041618916 0.0049169103615055035
277 0.242463930292473 0.004916829145127417
278 0.24244357866342459 0.0049166227895210066
279 0.24241573138331066 0.004916340417629479
280 0.2423871963304182 0.0049160510548854315
281 0.24236557146939675 0.0049158317543331114
282 0.2423580622767445 0.004915755600336909
283 0.2423705558036929 0.004915882301988635
284 0.2424069382767961 0.00491625125201153
285 0.24246848788629544 0.004916875355722137
286 0.24255325503299138 0.004917734752085539
287 0.24265558260731498 0.004918771981631858
288 0.24276612498162908 0.004919892233672028
289 0.24287272732946596 0.004920972315376074
290 0.2429622887120759 0.0049218795569301935
291 0.24302335377049428 0.00492249803970299
292 0.24304882695558058 0.004922756015770016
293 0.24303803031652219 0.0049226466759908485
294 0.24299741192654162 0.0049222353034637685
295 0.24293955357491737 0.0049216492697007124
296 0.24288063525046283 0.004921052428001247
297 0.2428370261540481 0.004920610621919449
298 0.24282198578277928 0.004920458237915723
299 0.24284341691427028 0.004920675369532771
300 0.24290319952118178 0.004921281012260824
301 0.24299801940758003 0.004922241456127537
302 0.24312107557783383 0.004923487629901197
303 0.24326385929938396 0.004924933186809999
304 0.24341741352731322 0.004926487312056664
305 0.24357294290016257 0.004928060928172845
306 0.24372206227183033 0.004929569217435261
307 0.243857109258086 0.004930934771431363
308 0.24397176236956322 0.004932093812026403
309 0.24406186326733809 0.004933004460567691
310 0.24412608122000629 0.004933653407943276
311 0.2441660392437385 0.004934057156229437
312 0.2441857351106408 0.004934256157232257
313 0.24419039377589213 0.004934303225784506
314 0.24418511643331495 0.0049342499064282605
315 0.2441737554633285 0.004934135119503561
316 0.24415835104216493 0.004933979474819017
317 0.24413927723354212 0.004933786748217816
318 0.2441160304763813 0.004933551846906296
319 0.24408840168492543 0.004933272651943418
320 0.24405764490504633 0.004932961829388776
321 0.2440272294374664 0.004932654436814486
322 0.24400286481411274 0.004932408183009574
323 0.2439917072195731 0.004932295408842346
324 0.24400092668231343 0.004932388593739306
325 0.24403603457451833 0.004932743427511676
326 0.2440994496946495 0.0049333842963868585
327 0.24418968981177003 0.004934296113352915
328 0.24430136434545804 0.00493542427775565
329 0.24442590903295308 0.004936682155612685
330 0.2445528298539669 0.004937963702314972
331 0.24467114859252972 0.004939158092471593
332 0.2447707615423461 0.004940163429722882
333 0.24484351284476882 0.004940897538281715
334 0.24488391126064338 0.004941305137810038
335 0.24488953245790987 0.004941361850175085
336 0.2448611883609958 0.004941075879413754
337 0.24480288513357346 0.004940487591365322
338 0.24472148193584234 0.004939666104055857
339 0.24462591423485971 0.004938701500077398
340 0.24452594720579526 0.0049376922902253815
341 0.24443065620166024 0.004936730094780328
342 0.24434705144712773 0.004935885746094729
343 0.2442793031632353 0.004935201430550474
344 0.24422881314324976 0.004934691376500418
345 0.24419501861323548 0.004934349952114356
346 0.2441765126703264 0.004934162977520998
347 0.2441719974092563 0.004934117356554513
348 0.24418077044947592 0.004934205996573965
349 0.24420274001150266 0.004934427963083236
350 0.24423817307920956 0.004934785935271235
351 0.24428739867273172 0.004935283207104037
352 0.24435055752604642 0.004935921157905059
353 0.24442734994181317 0.004936696706644942
354 0.24451670280960852 0.004937598953678228
355 0.2446163667525593 0.004938605123073781
356 0.244722579994004 0.004939677186112394
357 0.24482999306770364 0.004940761123077964
358 0.24493199234907703 0.0049417902077913845
359 0.2450214224512772 0.004942692304053897
360 0.24509156105976074 0.004943399688639274
361 0.24513711124525997 0.004943859031896017
362 0.24515497998472174 0.004944039214567542
363 0.24514470508890923 0.004943935606596551
364 0.24510853509098646 0.004943570865418186
365 0.245051281660256 0.004942993462183079
366 0.24498007052545093 0.004942275200790293
367 0.24490398932669083 0.00494150770280684
368 0.2448334483650205 0.0049407959875531135
369 0.24477899359729352 0.0049402465020527255
370 0.24474947616555112 0.004939948625623098
371 0.24474987543440938 0.004939952654981759
372 0.24477948948572284 0.004940251506178695
373 0.24483135540230885 0.00494077486927059
374 0.24489345250158434 0.0049414013991842904
375 0.24495154694393156 0.004941987472296866
376 0.244992786709367 0.004942403468499488
377 0.24500876030818372 0.004942564588923564
378 0.24499692671445492 0.004942445227869916
379 0.24496002095837902 0.004942072954735281
380 0.24490388267755894 0.0049415066268595565
381 0.24483473279892973 0.004940808947623774
382 0.24475700065578881 0.004940024561045116
383 0.24467241865575148 0.004939170911790371
384 0.2445804980671064 0.0049382430300335105
385 0.24447996544262024 0.004937228015422025
386 0.24437046384933991 0.0049361222093007645
387 0.24425384288105836 0.004934944235418487
388 0.24413459381335734 0.004933739424600894
389 0.24401930473120748 0.004932574342976308
390 0.24391530938603806 0.0049315231568068454
391 0.2438289231153076 0.004930649792969469
392 0.24376377283883305 0.0049299910223566884
393 0.24371971903312167 0.004929545519980332
394 0.2436927231796854 0.004929272499450426
395 0.24367574779499837 0.004929100812431902
396 0.24366045325053098 0.004928946120109758
397 0.24363919062409212 0.0049287310572525295
398 0.24360669841841204 0.004928402393619792
399 0.24356104178786428 0.004927940532774552
400 0.24350362866913036 0.004927359682265688
401 0.24343845988765053 0.004926700284466003
402 0.24337097805281535 0.0049260173894580955
403 0.24330690372216435 0.004925368889692445
404 0.2432513168947766 0.004924806223230009
405 0.24320805392435083 0.004924368258036301
406 0.2431793476204132 0.004924077633237615
407 0.24316560303953258 0.00492393847598537
408 0.2431652728918675 0.004923935133351128
409 0.24317491751550177 0.004924032780991585
410 0.24318961587499677 0.004924181591796373
411 0.24320385749840678 0.004924325774172129
412 0.2432128719630735 0.004924417034544862
413 0.24321411012628916 0.00492442956929317
414 0.24320840931447246 0.004924371855925365
415 0.24320037274948256 0.004924290494920002
416 0.2431977056640543 0.004924263493441174
417 0.2432095985017731 0.004924383894969024
418 0.24324458154027398 0.004924738041594223
419 0.24330845413815122 0.00492538458254453
420 0.24340285157269867 0.004926339951281289
421 0.24352478758618068 0.004927573755728641
422 0.2436672065058091 0.004929014424589045
423 0.2438203155695298 0.004930562762341953
424 0.24397332620044 0.004932109619077505
425 0.24411622242604897 0.004933553786544282
426 0.24424124533921412 0.0049348169723887995
427 0.24434387009039796 0.004935853613796926
428 0.24442312828635357 0.004936654074094617
429 0.24448121678136228 0.004937240650683931
430 0.24452247153629406 0.004937657198146851
431 0.24455196831142928 0.004937955004256707
432 0.2445741696922655 0.004938179142570385
433 0.24459206897512326 0.0049383598408187564
434 0.2446071262410575 0.0049385118429939754
435 0.2446199863733475 0.004938641661535777
436 0.2446316387864606 0.004938759285627776
437 0.24464447904626777 0.004938888897072467
438 0.24466276609468943 0.004939073483319877
439 0.24469222878823024 0.0049393708600521625
440 0.24473894238894953 0.0049398423192154785
441 0.24480789362281458 0.004940538130500863
442 0.24490174223798816 0.004941485032633857
443 0.24502014288262164 0.0049426793979938065
444 0.24515971788847415 0.004944086988976965
445 0.24531453644820603 0.0049456478400583025
446 0.24547688074499094 0.004947284035248466
447 0.2456381633142899 0.004948908994105248
448 0.245789984630365 0.004950438141298513
449 0.245925342710527 0.00495180107228736
450 0.24603987151957982 0.004952953978816644
451 0.24613277650678247 0.00495388901160761
452 0.24620702992723134 0.004954636200726984
453 0.24626853023226902 0.0049552549739025585
454 0.24632431506069546 0.004955816175116325
455 0.24638036935363228 0.004956380023166404
456 0.2464398331877064 0.004956978097556936
457 0.24650231205894876 0.0049576064188091165
458 0.24656454638674802 0.004958232201644646
459 0.2466221197996734 0.00495881104741144
460 0.24667145933183846 0.004959307055599146
461 0.24671129915346884 0.004959707527408897
462 0.24674305592883475 0.00496002672488828
463 0.24677004439732633 0.004960297978448424
464 0.24679591971064924 0.004960558030069175
465 0.2468229814729688 0.004960829991134754
466 0.24685094276518588 0.004961110976495088
467 0.2468765166292199 0.00496136795645686
468 0.24689384847499984 0.004961542108612541
469 0.24689557302370746 0.004961559436719626
470 0.24687417238486517 0.004961344400780944
471 0.24682333612168267 0.004960833555128945
472 0.246739100660816 0.004959986970347623
473 0.24662061630387253 0.004958795932054075
474 0.24647045010449636 0.004957286007748434
475 0.24629440731599175 0.00495551530797661
476 0.24610094845430056 0.004953568701287139
477 0.24590035501010718 0.004951549497432188
478 0.24570380160604138 0.004949570162204091
479 0.2455224133385662 0.004947742840631236
480 0.24536627925861978 0.004946169391348562
481 0.24524334919838497 0.00494493020502024
482 0.24515822374360116 0.0049440719228936265
483 0.24511103273243007 0.004943596052701065
484 0.2450967774251591 0.004943452294371127
485 0.24510555062540954 0.0049435407686245735
486 0.24512387044014516 0.004943725511602836
487 0.24513700504379315 0.004943857960974656
488 0.24513177525686966 0.004943805224217076
489 0.24509908508503006 0.004943475566361383
490 0.24503547227625647 0.004942834012002598
491 0.2449432830888803 0.00494190410843756
492 0.24482951888763116 0.004940756338509757
493 0.24470378501222206 0.004939487495963309
494 0.24457595407215957 0.0049381971566793866
495 0.2444541121929283 0.004936966957704837
496 0.2443431686694251 0.0049358465292858094
497 0.2442442927222531 0.00493484775799713
498 0.2441551713405447 0.004933947346830066
499 0.24407096626127825 0.004933096455053027
500 0.24398575258143484 0.004932235221932959
501 0.24389412800988108 0.0049313090277407
502 0.24379261900961208 0.004930282712861724
503 0.24368053372945253 0.004929149217408163
504 0.24356004999315073 0.0049279304993342515
505 0.2434355429523933 0.0049266707679532515
506 0.2433123669215338 0.004925424186358412
507 0.24319543601237956 0.0049242405154510446
508 0.24308797975042287 0.004923152503786979
509 0.24299080601007567 0.004922168397203383
510 0.24290230025225876 0.004921271902543083
511 0.24281921334364212 0.004920430147975913
512 0.2427380356876408 0.004919607596972632
513 0.24265648931966205 0.004918781171420681
514 0.24257453399021295 0.004917950461358166
515 0.24249440999427693 0.004917138178261774
516 0.2424196329584248 0.004916379980644094
517 0.24235334271416517 0.004915707736591607
518 0.2422967272238893 0.004915133530649432
519 0.24224820453888504 0.004914641350213587
520 0.24220366546854316 0.004914189533409761
521 0.24215757366170984 0.004913721921469764
522 0.24210437313676678 0.004913182134625698
523 0.24203964155041835 0.004912525270540963
524 0.24196071134901972 0.004911724207080607
525 0.24186684144501353 0.004910771350305062
526 0.24175921447218574 0.004909678620392863
527 0.2416409577931905 0.004908477687250113
528 0.24151714659860243 0.004907220031351185
529 0.24139456643628368 0.0049059745624869125
530 0.24128104809077439 0.004904820883650592
531 0.24118441106047134 0.00490383855454196
532 0.24111128290353653 0.004903095065647155
533 0.24106612763662366 0.004902635918877549
534 0.2410506912382162 0.004902478948975604
535 0.24106387920178332 0.004902613055269084
536 0.2411019685349645 0.0049030003590139655
537 0.24115907164051284 0.004903580943181543
538 0.24122783834601227 0.004904280023397166
539 0.2413003990666182 0.0049050175654211554
540 0.24136947966906003 0.004905719630817447
541 0.24142951118872116 0.0049063296489022835
542 0.24147749919776557 0.004906817230747492
543 0.24151344825388057 0.004907182459151788
544 0.24154023286217688 0.004907454562666033
545 0.24156291888295142 0.00490768501703145
546 0.24158763951235854 0.004907936127506909
547 0.24162021708828468 0.0049082670286911744
548 0.24166479710455596 0.004908719806473358
549 0.24172280323908363 0.004909308884363112
550 0.2417924950966279 0.004910016542460732
551 0.2418692895783017 0.0049107962032206584
552 0.24194680743355065 0.004911583082558969
553 0.24201838811089765 0.004912309582007105
554 0.2420786618288697 0.004912921239518667
555 0.24212474649110347 0.004913388855168374
556 0.24215676363865118 0.004913713703202358
557 0.24217758862443278 0.004913924983318101
558 0.2421919700878217 0.004914070885305808
559 0.24220529061884813 0.004914206020119834
560 0.24222227101717994 0.004914378278357901
561 0.2422458794960312 0.00491461776535526
562 0.2422766437058852 0.004914929823361455
563 0.24231249681577993 0.004915293475832431
564 0.2423492039035692 0.004915665762196079
565 0.24238129660863764 0.004915991226003358
566 0.24240331168829685 0.004916214476482203
567 0.2424110327414553 0.004916292771722454
568 0.24240241756673497 0.0049162054095734445
569 0.24237796279022816 0.0049159574175399266
570 0.2423403869235448 0.004915576342217914
571 0.2422936747725211 0.004915102570154226
572 0.2422417040815951 0.004914575410343003
573 0.24218684598502616 0.004914018901052287
574 0.2421290353124863 0.004913432371071176
575 0.24206575913189476 0.004912790309394089
576 0.24199315783515843 0.004912053522629661
577 0.241908019070073 0.004911189359847532
578 0.24181003341266794 0.004910194612215039
579 0.2417034789400808 0.00490911264543233
580 0.24159763736318088 0.004908037681348183
581 0.24150567363442857 0.0049071034743509035
582 0.24144223494726516 0.004906458933286371
583 0.24142041105969841 0.0049062371816364775
584 0.24144882079948418 0.00490652584989918
585 0.24152948425535625 0.004907345369912096
586 0.24165692839631586 0.0049086398908239305
587 0.24181874066150766 0.004910283016118017
588 0.24199752336748606 0.004912097828906604
589 0.24217387715028324 0.004913887329182702
590 0.2423297043574913 0.00491546799967475
591 0.2424509386871878 0.004916697417577017
592 0.24252894838401268 0.004917488338886121
593 0.24256034437505197 0.004917806619290686
594 0.2425455470555543 0.004917656612359776
595 0.24248690793444522 0.004917062116817459
596 0.24238722453767114 0.004916051340932495
597 0.24224915201383887 0.004914650961213682
598 0.2420755360030678 0.00491288952051991
599 0.24187033271018427 0.0049108067928299755
600 0.24163966333082698 0.004908464539958785
601 0.2413926078584231 0.00490595465990005
602 0.24114144145159638 0.004903401699170755
603 0.2409010896605195 0.004900957417527094
604 0.24068768079534877 0.00489878611248774
605 0.24051629417909418 0.004897041661157233
606 0.2403983382182658 0.004895840690354299
607 0.24033929591458905 0.004895239439393818
608 0.24033764154824971 0.004895222591268219
609 0.24038544521849872 0.004895709402177125
610 0.24047061586187476 0.004896576621470799
611 0.24058012716318308 0.004897691455063587
612 0.24070320101919704 0.0048989440537483345
613 0.24083345947742857 0.004900269425799718
614 0.24096947814299627 0.004901653025124498
615 0.24111378542509124 0.0049031205104730895
616 0.24127087769180905 0.004904717509367117
617 0.24144504375568934 0.0049064874727486295
618 0.24163866333489878 0.004908454383410882
619 0.24185129601011016 0.004910613533502683
620 0.24207953068029567 0.0049129300560635915
621 0.2423173848582352 0.004915343052396455
622 0.24255704483257728 0.004917773170774921
623 0.24278981778721137 0.004920132306718164
624 0.24300721138326606 0.004922334552968466
625 0.24320203169137103 0.004924307289914495
626 0.24336934293198093 0.004926000841373238
627 0.24350711851394397 0.00492739499110095
628 0.2436164439869882 0.0049285009738383465
629 0.24370118703668253 0.00492935809965781
630 0.24376712031716744 0.004930024872713711
631 0.2438205933665063 0.0049305655711625275
632 0.24386701308470052 0.004931034901026404
633 0.24390955627020994 0.004931464997703793
634 0.24394858674377135 0.004931859549105753
635 0.243982080470919 0.004932198105460415
636 0.24400698184340303 0.004932449794781875
637 0.24402097648825177 0.004932591239286603
638 0.24402390467273413 0.004932620834065714
639 0.24401813389758703 0.0049325625094232
640 0.24400766407825505 0.004932456690254248
641 0.24399635590798158 0.004932342395265662
642 0.2439861418430446 0.004932239156443552
643 0.24397613966437093 0.004932138057170981
644 0.2439631805510361 0.004932007066933731
645 0.24394357358879157 0.0049318088738720695
646 0.24391530022321806 0.0049315230641790815
647 0.24387958467230939 0.004931161999270593
648 0.24384104422904582 0.00493077234656862
649 0.2438062542307515 0.004930420585278443
650 0.24378125531270478 0.004930167805996342
651 0.24376896490236258 0.00493004352542142
652 0.24376746191765394 0.0049300283270317154
653 0.24376974328695517 0.004930051396535897
654 0.24376501712037996 0.00493000360480271
655 0.24374114292879123 0.004929762178173926
656 0.24368759555763414 0.004929220639922177
657 0.24359830780589092 0.0049283175177293
658 0.24347383254746074 0.0049270582068812315
659 0.24332236594517379 0.004925525391503732
660 0.24315928472293233 0.004923874504757698
661 0.24300504454127048 0.0049223126072308445
662 0.24288162533950838 0.004921062458185685
663 0.24280815529501984 0.004920318107881249
664 0.24279673955747733 0.004920202441007753
665 0.24284965393458322 0.004920738558717737
666 0.24295879712022922 0.004921844190832096
667 0.24310765647510765 0.004923351751722364
668 0.24327524707720452 0.004925048459561018
669 0.243440849962699 0.0049267244695403835
670 0.24358817385206533 0.00492821500498599
671 0.2437078791341767 0.004929425779916014
672 0.24379808232824998 0.004930337955622233
673 0.24386319096614678 0.004930996258912422
674 0.24391188450046097 0.004931488534212092
675 0.24395508678492625 0.004931925253680901
676 0.24400442388800578 0.004932423940973215
677 0.24407116700440382 0.00493309848373553
678 0.2441653173682071 0.004934049862467833
679 0.24429448412061633 0.004935354779437671
680 0.24446251032601243 0.004937051760838398
681 0.2446681965127426 0.004939128295675291
682 0.24490468286793743 0.0049415146997059
683 0.2451599324651938 0.004944089152639382
684 0.24541837427376234 0.004946694437199827
685 0.24566333565213871 0.004949162563046087
686 0.24587963663572757 0.004951340896234302
687 0.24605571903677634 0.004953113487027617
688 0.24618488514568926 0.0049544133764567524
689 0.24626550546696138 0.004955224542630351
690 0.24630032762207954 0.004955574866761285
691 0.24629522703021658 0.0049555235544143875
692 0.24625784443956047 0.004955147466455654
693 0.24619651336134002 0.004954530382638614
694 0.2461196790627544 0.004953757204401451
695 0.24603571277590713 0.004952912119436425
696 0.2459527695144823 0.004952077189196138
697 0.24587827592222117 0.004951327195698044
698 0.2458178340146281 0.004950718589562567
699 0.24577371516058524 0.004950274297485459
700 0.24574350323543323 0.004949970029974887
701 0.24571960595799755 0.004949729344704517
702 0.2456901601182116 0.004949432760100651
703 0.24564135447919414 0.0049489411404403105
704 0.24556059738152716 0.004948127566159377
705 0.2454395495974745 0.0049469078393074364
706 0.24527603767470546 0.004945259748815166
707 0.2450742794144861 0.004943225403597608
708 0.24484350223767054 0.004940897431257057
709 0.24459561276267236 0.00493839561555749
710 0.24434282139926428 0.004935843021774557
711 0.24409595661980038 0.004933348997777462
712 0.24386374874049735 0.004931001898102273
713 0.24365287939012029 0.00492886951465432
714 0.2434683178968978 0.004927002407952274
715 0.24331349471760563 0.004925435601453507
716 0.24319011688974485 0.004924186664147674
717 0.2430977313769863 0.004923251250469796
718 0.24303332628827576 0.004922599036571968
719 0.24299126874130464 0.0049221730838826545
720 0.2429637604190659 0.00492189446367481
721 0.24294183650461243 0.004921672394286037
722 0.24291679772325003 0.004921418761860688
723 0.24288185608478757 0.004921064795768159
724 0.2428336864587016 0.004920576785652472
725 0.24277352718414566 0.0049199672395260656
726 0.24270750396581436 0.004919298191786697
727 0.24264598639540838 0.00491867472022863
728 0.24260200391061273 0.004918228915738825
729 0.24258898724353442 0.004918096971636702
730 0.2426182924504082 0.004918394020357691
731 0.2426970518249563 0.004919192266443717
732 0.242826847064263 0.004920507491307522
733 0.24300351250763064 0.00492229709076204
734 0.2432180880427972 0.004924469840167194
735 0.24345863254394773 0.004926904407045399
736 0.24371238027285477 0.004929471301477871
737 0.24396765621212566 0.004932052307143409
738 0.2442150887711291 0.004934552722728651
739 0.24444792843190155 0.004936904514048932
740 0.24466160018115685 0.004939061714999823
741 0.24485286183327795 0.0049409918678247665
742 0.24501900902002308 0.004942667961534493
743 0.2451574385510263 0.004944064005452367
744 0.24526563816427477 0.004945154910148557
745 0.24534146289473885 0.0049459192570522085
746 0.24538350587486873 0.004946343018031884
747 0.2453914705537394 0.004946423291793373
748 0.2453665732595659 0.0049461723546287036
749 0.24531200336969225 0.004945622306009645
750 0.24523331323132763 0.004944829024571253
751 0.2451384287362363 0.004943872317279202
752 0.2450369515944906 0.0049428489323187835
753 0.24493865730893624 0.004941857444024982
754 0.24485148949374125 0.004940978021288644
755 0.24477969404178326 0.004940253570400205
756 0.24472281952623764 0.004939679603567335
757 0.24467606000464745 0.004939207665376511
758 0.24463192759897986 0.004938762200980625
759 0.24458272513287488 0.004938265512952345
760 0.24452297166916653 0.004937662247751085
761 0.244450959266574 0.004936935119534304
762 0.24436897713638536 0.0049361071939673234
763 0.24428226530094307 0.004935231352655513
764 0.24419721732618238 0.0049343721663158676
765 0.24411955578937716 0.004933587469826301
766 0.2440531087082606 0.004932915985732492
767 0.2439995077797764 0.00493237425242315
768 0.2439587534207615 0.00493196231686774
769 0.24393027092125613 0.004931674401979119
770 0.24391390005667857 0.004931508909750298
771 0.24391027676428917 0.0049314722813231055
772 0.24392030985536337 0.00493157370673737
773 0.24394388232893083 0.004931811994771822
774 0.24397835823906494 0.004932160482092984
775 0.2440177240998672 0.004932558367612742
776 0.2440530602359762 0.004932915495860186
777 0.24407451846702757 0.004933132353034052
778 0.24407428480730256 0.0049331299917170415
779 0.24404946055485527 0.004932879116500219
780 0.24400369312287287 0.004932416554947015
781 0.24394682336014187 0.004931841724087327
782 0.24389261838064316 0.004931293766078048
783 0.2438554570262166 0.004930918066850963
784 0.2438472383358543 0.0049308349724827795
785 0.24387559407157555 0.004931121654812858
786 0.24394381788367217 0.004931811343327076
787 0.24405213725555394 0.0049329061679936805
788 0.24419944433623436 0.004934394666308867
789 0.24438457226370341 0.004936264697577075
790 0.24460658381701686 0.004938506367337819
791 0.24486407491728412 0.004941105003367028
792 0.24515392448742138 0.004944028571451784
793 0.24547010409337094 0.004947215747245836
794 0.2458030968225399 0.0049505701853902895
795 0.24614024749415464 0.0049539641949333125
796 0.2464670692586716 0.0049572520079785454
797 0.2467692374539612 0.004960289868301131
798 0.24703476884470074 0.004962957864032112
799 0.2472557762149277 0.004965177399887623
800 0.2474292682149923 0.004966919052835095
801 0.24755675493795964 0.004968198478453314
802 0.24764284819013158 0.004969062302959041
803 0.24769343324310747 0.004969569782676069
804 0.2477141277772773 0.004969777379587934
805 0.24770953170899968 0.0049697312749464335
806 0.24768330904866281 0.004969468218810893
807 0.24763869543379477 0.004969020639346247
808 0.24757885729519657 0.004968420258801709
809 0.24750672665561937 0.004967696446111665
810 0.24742435184454964 0.004966869706742167
811 0.2473321667674424 0.004965944345273668
812 0.2472286778270012 0.004964905309196605
813 0.2471108706717659 0.004963722252541925
814 0.24697529253144168 0.004962360384966738
815 0.24681946707570637 0.004960794673537308
816 0.2466431746398464 0.00495902271687939
817 0.24644919263785608 0.0049570722263110115
818 0.24624327305773885 0.004955000863178909
819 0.24603335872531287 0.0049528884248404735
820 0.24582825251787696 0.004950823501664263
821 0.245636112421551 0.004948888334240001
822 0.24546320609318317 0.004947146235451259
823 0.24531328472897848 0.004945635222439957
824 0.24518773009344927 0.004944369439176022
825 0.24508635203432158 0.004943347156370427
826 0.24500847096728257 0.004942561670484011
827 0.24495381297333485 0.004942010331231955
828 0.24492282824035178 0.004941697758605923
829 0.2449162957702293 0.004941631856810556
830 0.2449344042557007 0.004941814539253923
831 0.24497576193656317 0.004942231739447511
832 0.24503685707531458 0.004942847979005314
833 0.2451123091512722 0.004943608924604185
834 0.24519588229427053 0.004944451635698557
835 0.24528184980515866 0.004945318340605842
836 0.2453661044691425 0.00494616762961806
837 0.24544652068020273 0.004946978090941678
838 0.24552244362743303 0.004947743145820318
839 0.2455936136214212 0.004948460199076737
840 0.24565909947482756 0.004949119891598015
841 0.24571677994558774 0.004949700881292495
842 0.2457636098172009 0.004950172527579338
843 0.24579650633220718 0.0049505038174232656
844 0.2458133954657031 0.004950673893647897
845 0.24581389799681938 0.004950678954125586
846 0.24579932108510563 0.00495053216283241
847 0.24577195103754396 0.004950256531328867
848 0.2457339643957453 0.004949873959421322
849 0.24568645044069026 0.004949395394198914
850 0.24562899879371203 0.00494881667375742
851 0.2455600707492997 0.004948122260249417
852 0.24547804216971056 0.0049472957387766345
853 0.24538251914822012 0.004946333073000415
854 0.24527540614380097 0.004945253382342513
855 0.2451612978496993 0.004944102920332283
856 0.24504702460758404 0.00494295052693546
857 0.24494049125976447 0.004941875944793066
858 0.24484918290149313 0.004940954748306997
859 0.24477878554139282 0.004940244402510524
860 0.24473227968780736 0.004939775078349057
861 0.24470967496412577 0.00493954694164927
862 0.24470835903401073 0.004939533660385841
863 0.24472390689580217 0.004939690577720263
864 0.24475115064049283 0.0049399655241394265
865 0.24478530598277168 0.004940310201430629
866 0.24482294531457918 0.004940690009414961
867 0.24486259595990975 0.004941090081425703
868 0.2449047726030501 0.00494151560501186
869 0.24495136979223203 0.004941985685246224
870 0.24500453346567252 0.004942521954667963
871 0.24506532654629826 0.0049431351116874245
872 0.24513261516203008 0.0049438136937921835
873 0.24520258062513375 0.0049445191722054796
874 0.24526911150832767 0.0049451899255785955
875 0.2453250830772723 0.004945754151232134
876 0.2453642368749578 0.004946148805804765
877 0.24538310956234838 0.004946339023675269
878 0.2453823408644758 0.004946331276110106
879 0.24536682086213366 0.004946174850251172
880 0.24534453039205062 0.004945950176299253
881 0.24532445218882376 0.004945747791871871
882 0.24531434255241194 0.004945645885546111
883 0.24531922694971112 0.004945695121108353
884 0.24534114575648205 0.004945916060403953
885 0.24538007426035807 0.0049463084313514155
886 0.2454353778898947 0.004946865798119177
887 0.24550694018656904 0.004947586931477777
888 0.24559534099694907 0.004948477601471474
889 0.24570103119729444 0.004949542257932699
890 0.2458230261153917 0.004950770873185808
891 0.2459579019039502 0.004952128857360457
892 0.24609969801084972 0.00495355611668426
893 0.2462408362777536 0.004954976346211091
894 0.24637366159663177 0.004956312553466665
895 0.24649196424702663 0.004957502361129561
896 0.2465919500045909 0.004958507727317997
897 0.2466724607012873 0.004959317121809372
898 0.24673459291763844 0.004959941662470831
899 0.24678104279691213 0.00496040851603718
900 0.24681548231853195 0.004960754628798972
901 0.24684212192804367 0.00496102233688444
902 0.24686544325508775 0.004961256686862629
903 0.2468899697077569 0.004961503134894262
904 0.2469199166254959 0.004961804032539227
905 0.2469586332762064 0.004962193018787115
906 0.24700789293213074 0.004962687886550176
907 0.24706723779197487 0.00496328400582057
908 0.24713364983882302 0.004963951030119551
909 0.2472017394893997 0.004964634810765674
910 0.24726445596530877 0.004965264548756047
911 0.2473141401681436 0.004965763372614081
912 0.24734366708728198 0.004966059795854099
913 0.247347471103172 0.004966097983404975
914 0.2473223310370582 0.004965845603213696
915 0.24726782382820728 0.004965298363307453
916 0.24718633270395154 0.0049644800985550255
917 0.24708250360505982 0.004963437339375101
918 0.2469621697578892 0.0049622285483040636
919 0.24683099717146126 0.004960910543185471
920 0.24669331342061843 0.004959526737958322
921 0.24655160328078063 0.0049581020617523635
922 0.24640691190475095 0.0049566469913253555
923 0.24625997404090488 0.004955168892099812
924 0.24611249686333955 0.004953684924257504
925 0.2459678838717365 0.00495222934506347
926 0.24583090217603562 0.0049508501828011975
927 0.24570629209789432 0.004949595246946059
928 0.24559687266450939 0.004948493032160767
929 0.24550203391251385 0.0049475374943037075
930 0.24541743101641336 0.004946684930963022
931 0.2453362000225517 0.004945866208781882
932 0.24525131503045686 0.004945010513342341
933 0.24515814968475347 0.004944071176126311
934 0.24505619060203906 0.0049430429717091185
935 0.24494924892033998 0.004941964290507286
936 0.24484421740773887 0.004940904647252869
937 0.24474904429187033 0.004939944267217984
938 0.2446708141141928 0.004939154716425912
939 0.24461456093212217 0.004938586894018546
940 0.24458290213929632 0.0049382672998826115
941 0.2445761367089165 0.004938199000475005
942 0.24459237640113604 0.004938362944312269
943 0.2446275740844101 0.004938718255226959
944 0.24467570791531415 0.004939204111610443
945 0.2447295293241326 0.0049397473210460036
946 0.24478203039125587 0.004940277146970409
947 0.24482828690834843 0.004940743907579991
948 0.24486694000245351 0.004941133910517372
949 0.24490058365737344 0.00494147334403686
950 0.2449347554258576 0.004941818081870099
951 0.2449758432013673 0.004942232559180569
952 0.24502868969420616 0.004942765602704684
953 0.24509477828943663 0.004943432133656798
954 0.24517160950764375 0.004944206895475447
955 0.24525338823330517 0.00494503141432755
956 0.24533266172449653 0.0049458305434135355
957 0.24540225903745255 0.004946532023813441
958 0.24545686454011595 0.004947082330164773
959 0.2454937774871782 0.004947454298827244
960 0.24551274560747968 0.00494764542810278
961 0.24551506933629244 0.004947668842282366
962 0.24550235746482998 0.004947540754534718
963 0.24547535793859449 0.004947268690081469
964 0.2454332284017285 0.004946844136097863
965 0.24537348865396819 0.0049462420554260795
966 0.2452927199464299 0.004945427920082413
967 0.2451878474601566 0.004944370622563728
968 0.2450576096346753 0.004943057283384183
969 0.24490368238468752 0.004941504606171393
970 0.2447309873384585 0.004939762035681489
971 0.24454698865164387 0.004937904729745931
972 0.24436017289561138 0.004936018272967253
973 0.24417823781131492 0.004934180407763712
974 0.2440066341142959 0.0049324462802165115
975 0.2438479529631205 0.0049308421977164105
976 0.24370229446939867 0.004929369299698101
977 0.24356834600214666 0.004928014424854128
978 0.24344462687103388 0.004926762687683605
979 0.24333034805670628 0.004925606180975028
980 0.24322559522065126 0.004924545839008314
981 0.24313092818209076 0.0049235873923006756
982 0.24304678229236143 0.0049227353092324505
983 0.24297309516455792 0.004921989013147506
984 0.24290936850932407 0.004921343504503647
985 0.24285507190479003 0.004920793449193754
986 0.24281010696007335 0.004920337882327447
987 0.24277507769991918 0.0049199829506184544
988 0.24275129458800715 0.004919741955183277
989 0.2427406134102513 0.004919633718445591
990 0.24274524222529845 0.004919680624411806
991 0.24276753035078175 0.004919906474239516
992 0.24280959825566417 0.004920332728096189
993 0.24287262757577618 0.004920971304794933
994 0.24295578065089551 0.004921813637013247
995 0.24305499577325315 0.004922818487562209
996 0.24316213923120078 0.004923903405976201
997 0.24326502070658745 0.004924944943274912
998 0.24334853921123878 0.004925790294443269
999 0.2433968200225031 0.004926278913272525
1000 0.24339582251232422 0.004926268818608194
