1 0.23887676371839725 0.004875163543709552
2 0.23887686175459566 0.004875164544104995
3 0.23887688795649945 0.004875164811478294
4 0.23887692124142199 0.004875165151129146
5 0.23887696342430317 0.00487516558157781
6 0.23887701687209217 0.004875166126977424
7 0.23887708457410783 0.004875166817831978
8 0.23887717030139255 0.0048751676926224105
9 0.23887727880409962 0.00487516879982079
10 0.2388774160543972 0.004875170200368963
11 0.2388775895426557 0.004875171970700893
12 0.2388778086341728 0.004875174206382734
13 0.23887808499153126 0.004875177026422577
14 0.23887843306268508 0.004875180578250856
15 0.23887887062502186 0.004875185043271833
16 0.2388794193579925 0.004875190642706449
17 0.23888010538693397 0.004875197643140987
18 0.23888095969211423 0.004875206360700096
19 0.23888201820131696 0.0048752171619901785
20 0.23888332127121545 0.004875230458805311
21 0.23888491210223173 0.004875246691949743
22 0.2388868334183128 0.004875266297355024
23 0.23888912148656027 0.004875289645053059
24 0.23889179629169927 0.004875316938914773
25 0.2388948465027518 0.004875348063253019
26 0.23889820789322175 0.0048753823626343385
27 0.23890173412280236 0.004875418343762487
28 0.23890515870175844 0.004875453287408438
29 0.23890804411200742 0.004875482729301792
30 0.23890970144202317 0.004875499640138522
31 0.23890902626106436 0.004875492750826728
32 0.23890411259174274 0.004875442613159866
33 0.23889138577327937 0.0048753127499717094
34 0.2388640132090691 0.0048750334313311374
35 0.2388101140576915 0.004874483379890058
36 0.2387136701739509 0.004873498996159223
37 0.23856388215330507 0.004871969744990979
38 0.23837519274632762 0.004870042649152025
39 0.2382046294385006 0.0048683000197810005
40 0.2381405595009685 0.004867645262030396
41 0.23825459015474215 0.004868810528339172
42 0.23854976493993696 0.004871825591455811
43 0.23895281093318962 0.004875939494248431
44 0.23935657424740558 0.004880057241463177
45 0.23967276929424175 0.004883279506547977
46 0.2398607921080648 0.004885194592587105
47 0.2399269804534571 0.004885868568189859
48 0.23990335353689982 0.0048856279932223325
49 0.23982487195585425 0.004884828789777288
50 0.23972200728488716 0.004883781087356653
51 0.2396218054893008 0.004882760290835061
52 0.23954352903177076 0.004881962708168749
53 0.239496121842437 0.004881479598515643
54 0.23948826328075817 0.004881399510113989
55 0.23953990446588944 0.004881925773206501
56 0.23968019072225105 0.00488335511093739
57 0.23993598568555416 0.004885960258518989
58 0.2403223695780684 0.004889892759340177
59 0.2408337834078075 0.004895092919810328
60 0.24143172771903773 0.004901165943253371
61 0.24204323253469756 0.004907368920859115
62 0.24258812524002296 0.0049128896004828745
63 0.24302112484436414 0.004917272195144544
64 0.2433491234763946 0.004920589426751644
65 0.24360643404854487 0.004923190186412406
66 0.24381452305768495 0.0049252924360735535
67 0.2439633761807932 0.004926795696188513
68 0.24402285396967371 0.004927396231114505
69 0.24396551420786872 0.004926817284673803
70 0.2437819072130284 0.004924962989033762
71 0.24347957238927445 0.004921908107364864
72 0.24306750738648317 0.004917741423289566
73 0.2425440953035622 0.004912443733577961
74 0.2419070734577019 0.004905988430249798
75 0.2411725036839668 0.0048985340579582055
76 0.24037476945681777 0.004890425826283917
77 0.23955436688524023 0.0048820731461301494
78 0.23876023741491212 0.0048739743236406955
79 0.2380581616697541 0.004866803074303584
80 0.23751584547561141 0.004861256423478414
81 0.23717159407179317 0.0048577322350856125
82 0.23702203922007645 0.004856200407483893
83 0.2370377232513373 0.004856361075114872
84 0.237181709061595 0.004857835821242987
85 0.23741445109406226 0.004860218689125458
86 0.23769408005470152 0.0048630800523490865
87 0.23798430092478623 0.00486604802019254
88 0.2382642813596429 0.004868909548804242
89 0.23852877361621372 0.004871611237193131
90 0.2387838961679598 0.004874215798728221
120 0.24120448118008578 0.004898858799915495
150 0.2416014739014673 0.004902888600077848
180 0.24037735425990925 0.0048904521201288175
210 0.24448646618415126 0.0049320747213730445
240 0.24378096447769762 0.004924953466298555
270 0.2392061938568247 0.004878524005497629
361 0.23924539137209005 0.0048789236987140236
362 0.2388320264666465 0.004874707007820619
363 0.23848306666600963 0.0048711444650785295
364 0.23822043460402972 0.004868461525901904
365 0.23802993310680928 0.004866514516816495
366 0.23788349246977827 0.0048650172993861835
367 0.23776665271406822 0.004863822392497582
368 0.23768213825805562 0.004862957889772563
369 0.23761553378952882 0.004862276480933605
370 0.23749707495385255 0.004861064330773683
371 0.23721954869121792 0.004858223311867821
372 0.2367185020163383 0.004853089916739239
373 0.23604116215567636 0.004846141693300772
374 0.23533739206737023 0.004838911777266706
375 0.23478343335963536 0.004833213285016841
376 0.23449282627884138 0.004830221163971699
377 0.23446486800630684 0.00482993320491686
378 0.23460189517791274 0.0048313443660476406
379 0.23478225720446186 0.004833201178932848
380 0.23492939376874325 0.00483471541012407
381 0.23502940799569275 0.004835744419019507
382 0.23510549194050823 0.004836527071589281
383 0.2351834776580941 0.004837329155705285
384 0.23526458087033583 0.004838163162242894
385 0.2353130313699959 0.004838661323407492
386 0.23527867981245482 0.004838308130856949
387 0.2351528112446831 0.004837013767113265
388 0.23500023817405916 0.004835444324277402
389 0.2349138522990742 0.004834555490106366
390 0.23492704068059925 0.004834691197445069
391 0.23498009628012387 0.004835237096628422
392 0.23497730825778476 0.004835208411669056
393 0.23486991617684616 0.004834103363610505
394 0.23468644284276702 0.004832214866449765
395 0.2345039412136293 0.004830335638597467
396 0.2344050821708202 0.004829317377043538
397 0.23444679223646162 0.0048297470225594575
398 0.23463548226606987 0.004831690196548082
399 0.23491835816128614 0.004834601855478658
400 0.23521749081422325 0.004837678939807986
401 0.23549477578543634 0.004840529536852166
402 0.23578643618999878 0.004843526108523181
403 0.23616495721180325 0.004847412339780133
404 0.2366574661806629 0.00485246421259577
405 0.23719300804871 0.004857951529935029
406 0.2376292874582068 0.004862417198106001
407 0.23784232256692175 0.004864596292963453
408 0.23780432328516474 0.004864207677205268
409 0.2375866434469857 0.0048619808834595695
410 0.23730025281946715 0.004859049646244403
411 0.23703573856434046 0.004856340744222555
412 0.2368393128467205 0.004854328161807961
413 0.23671980171615364 0.0048531032396340636
414 0.2366708347421057 0.004852601266268595
415 0.236690412354646 0.004852801967768041
416 0.23678330451392618 0.004853754146245069
417 0.23695093312224008 0.004855471928047905
418 0.2371830209409335 0.004857849255849004
419 0.23745582872244336 0.004860642200753059
420 0.2377343754575343 0.004863492244914613
421 0.2379754396238092 0.0048659574261548195
422 0.2381318137383252 0.004867555878556514
423 0.23816403946092982 0.004867885223881119
424 0.2380601766378374 0.00486682367101836
425 0.23784952954954922 0.004864669994723116
426 0.2375951437349022 0.004862067857767351
427 0.23736806858273968 0.004859743907243678
428 0.23722706338160998 0.0048583002611646275
429 0.23722483898622485 0.0048582774838181915
430 0.23742388449922674 0.004860315245919802
431 0.23787632562681454 0.004864944013347595
432 0.23856316407025485 0.004871962412612129
433 0.23935576573285683 0.00488004899936533
434 0.24005481781558097 0.0048871700336844464
435 0.24048694089251071 0.004891566757390886
436 0.24059383666578837 0.004892653780487645
437 0.24046329525093574 0.004891326272237848
438 0.240285610572255 0.004889518773201007
439 0.2402563016976492 0.004889220564201967
440 0.24048060926502257 0.004891502363494306
441 0.24093428245319 0.0048961141653490374
442 0.24149326381297487 0.00490179050779451
443 0.24200681222059695 0.004906999700370176
444 0.24237494115169142 0.00491073042618095
445 0.2425840188223623 0.004912848018764938
446 0.24267081604248417 0.004913726855334853
447 0.2426503475681531 0.0049135196227253425
448 0.24249021006890836 0.004911898012423733
449 0.24215805370039492 0.004908532768748678
450 0.24167393614682284 0.004903623793609707
480 0.24354213699553387 0.004922540434463979
510 0.24085055322001625 0.004895263345152803
540 0.24020801128476016 0.004888729184073426
570 0.23441626187119147 0.004829432540241016
600 0.2342391247399423 0.004827607510079369
630 0.2346155370009713 0.004831484832489378
721 0.24384208350733444 0.0049255708022607906
722 0.24338730720492513 0.004920975454608443
723 0.2430719588407212 0.004917786453990934
724 0.24295089716749244 0.004916561652892917
725 0.2429922172540685 0.004916979729381646
726 0.24314824598476875 0.0049185581070728115
727 0.24340153468091022 0.004921119283055712
728 0.243736103951825 0.004924500300958194
729 0.24408743451135714 0.004928048204611065
730 0.24435697900935993 0.004930768462964234
731 0.24449123594024605 0.0049321228317635545
732 0.24452978461390443 0.004932511637724374
733 0.24455613951756164 0.00493277743840531
734 0.2446082488330069 0.004933302941394102
735 0.24465114485816583 0.004933735489787714
736 0.2446240792412201 0.004933462574064441
737 0.2444921368642023 0.004932131918926748
738 0.24426418359624888 0.004929832135821281
739 0.2439940389969151 0.0049271053014381455
740 0.2437665265584077 0.004924807624038781
741 0.24365216770710102 0.004923652294347742
742 0.24365882828490842 0.0049237195913995075
743 0.2437347396197275 0.004924486518299167
744 0.2438169745842293 0.00492531719763132
745 0.2438614457552037 0.004925766355522683
746 0.24382665360429223 0.004925414959017584
747 0.24365071957418724 0.0049236376626011725
748 0.24326343930335348 0.004919723071143635
749 0.24262988676306815 0.004913312459027245
750 0.24179005917688498 0.004904801734593852
751 0.2408548861135249 0.00489530737776783
752 0.23994789639853598 0.004886081529506979
753 0.23913704215618256 0.004877818792536241
754 0.2384187342791797 0.004870487409022453
755 0.23775866410528973 0.004863740683182603
756 0.23713783245586664 0.004857386471235566
757 0.2365690511240062 0.004851557689374465
758 0.23608939184504185 0.004846636767906229
759 0.23573978271899193 0.004843046906904782
760 0.23554201171084482 0.004841014973157357
761 0.23549115683454483 0.00484049234344538
762 0.23556818996811987 0.004841283982098744
763 0.23575492164622622 0.004843202411751696
764 0.2360352398946847 0.0048460808981926826
765 0.23638368301074758 0.0048496565524113085
766 0.23675660280526512 0.00485348046313342
767 0.23710530164496912 0.004857053289181394
768 0.23740829974980418 0.004860155725241317
769 0.23768596588065724 0.0048629970460438935
770 0.23797029309143714 0.004865904809500656
771 0.23825724209785729 0.004868837624926529
772 0.23849359102863227 0.004871251946766585
773 0.23861133176652283 0.004872454230706426
774 0.23857777330956098 0.004872111586050986
775 0.23842459217535725 0.004870547242060355
776 0.2382361656704329 0.004868622269516026
777 0.23809969906878714 0.00486722764601849
778 0.2380515797707316 0.004866735794468294
779 0.23806996811223227 0.0048669237568244855
780 0.2381226060724468 0.0048674617725638645
781 0.23821439256695884 0.0048683997855822995
782 0.23838085628464661 0.004870100502297344
783 0.2386448824127824 0.004872796771525987
784 0.2389912503285657 0.004876331665046122
785 0.23937182294974257 0.004880212686023978
786 0.2397126511994415 0.0048836857821330844
787 0.23991349349743807 0.0048857312421991825
788 0.2398654931534618 0.004885242464956796
789 0.239503068689703 0.004881550394332794
790 0.23886128171877338 0.004875005557428328
791 0.23808512303482332 0.004867078662291153
792 0.23736585714967035 0.0048597212693558605
793 0.23683986950000052 0.004854333866469222
794 0.23652215356637238 0.004851076778024031
795 0.2363246871005835 0.004849051333488236
796 0.23614337669152624 0.004847190858847025
797 0.23593913913443607 0.004845094266976975
798 0.23574493629493362 0.004843099844243844
799 0.23560490432482614 0.004841661235288203
800 0.23551895956692692 0.0048407780759184725
801 0.23544580123629508 0.004840026181571095
802 0.23534281728218714 0.004838967552475962
803 0.23519649132364875 0.004837462988476238
804 0.23502621025348627 0.004835711522037043
805 0.2348623635603879 0.004834025638836864
806 0.2347124390315389 0.004832482490965737
807 0.23455026460727466 0.00483081270198714
808 0.23434311066814492 0.004828678952664369
809 0.23408132538800527 0.004825981134298885
810 0.2337804403486205 0.004822878510802878
840 0.24169797976677404 0.004903867713033697
870 0.2413568171805876 0.004900405526494696
900 0.23305851355157658 0.0048154260965645925
930 0.24222341481451304 0.004909195157465007
960 0.2344412195212428 0.004829689621550854
990 0.24116368942609934 0.004898444542494772
