1 0.23380498284881648 0.004828590900457245
2 0.23380715114426032 0.004828613290457766
3 0.23380986661226436 0.004828641330461588
4 0.2338159695376199 0.0048287043488571295
5 0.23382968727985604 0.004828845994336284
6 0.23386047018296807 0.004829163834658984
7 0.23392925295913747 0.0048298739565418814
8 0.23408108711610215 0.00483144114165094
9 0.23440387174295677 0.004834771136600215
10 0.2350140104127945 0.004841059351281937
11 0.2358403852900995 0.004849563140576959
12 0.23628052958652673 0.00485408635356415
13 0.23593997599400965 0.004850586969531637
14 0.23546742607686622 0.004845727061177698
15 0.23520724054429631 0.004843049118469488
16 0.2349699324279311 0.004840605348248943
17 0.23484655188870177 0.00483933430281491
18 0.23481353268489397 0.004838994087935528
19 0.23481598523390027 0.0048390193587089314
20 0.23485098392514925 0.004839379966684888
21 0.2347463834981473 0.004838302139418949
22 0.23440526304637624 0.004834785484963114
23 0.2343228927262321 0.004833935935309319
24 0.23496719506184927 0.004840577151987083
25 0.2361136795159909 0.004852372188454066
26 0.23705454941750148 0.004862030484977803
27 0.237531310144572 0.004866917252328392
28 0.23762716157866481 0.004867899131191984
29 0.23744876367757994 0.004866071507542718
30 0.23749885027809858 0.004866584696419033
31 0.23774732147346603 0.00486912974034885
32 0.2376187475288028 0.00486781294763384
33 0.23724934989503693 0.004864027770763773
34 0.237210051955806 0.0048636249157425655
35 0.2371948921877365 0.004863469499470894
36 0.23640472495250486 0.004855361904778328
37 0.23529106161029037 0.004843912003000812
38 0.23452041166225862 0.00483597285272091
39 0.23396591875381534 0.004830252456079346
40 0.23356369331099228 0.0048260986755182585
41 0.23334583837930645 0.004823847395223313
42 0.23290797743913522 0.004819319424751313
43 0.2318232577861408 0.0048080838471012775
44 0.2301300706687082 0.004790493064271796
45 0.22816425231175275 0.004769988493676509
46 0.22632551093277722 0.0047507293036764394
47 0.22491242690583158 0.004735875275299942
48 0.22398667110190204 0.004726118622724484
49 0.22365911652955583 0.004722661657771646
50 0.22372756428145388 0.004723384254843217
51 0.22390761830942954 0.004725284542187567
52 0.2241096887645339 0.004727416280877419
53 0.22444428392170027 0.00473094397449862
54 0.22528645149584073 0.004739811469536966
55 0.22640836292268587 0.004751598784449716
56 0.22713334327795592 0.004759200231858003
57 0.22734035707510317 0.004761368552264336
58 0.22746925341137111 0.004762718149852587
59 0.22795610323231263 0.0047678122209911635
60 0.22860563141101212 0.004774599987341147
61 0.2289855902772608 0.00477856620287189
62 0.2295271564846774 0.004784213679715435
63 0.2305088790074943 0.004794434167144585
64 0.23159481533469795 0.004805714280749848
65 0.2326300945282664 0.004816443597534577
66 0.2332329850764643 0.004822680772858643
67 0.23298433523306988 0.00482010935570895
68 0.23230520775169866 0.004813079145566254
69 0.23179728820862663 0.004807814531148117
70 0.23149849294291824 0.004804714806659859
71 0.23148064302987312 0.004804529567020278
72 0.23227733793320646 0.004812790422668214
73 0.2337433349640746 0.004827954275787733
74 0.23485223939337926 0.004839392901865273
75 0.2354218602014043 0.0048452581842668195
76 0.2360780446451629 0.004852006008525116
77 0.23672976144088004 0.004858698614088529
78 0.23697354227699213 0.0048611996786483685
79 0.23684322658290438 0.004859862867543115
80 0.23630733436043405 0.004854361680941996
81 0.23562180685739476 0.004847315315995941
82 0.2355351853568223 0.004846424226310035
83 0.23618524347394593 0.004853107488186598
84 0.23682598933935797 0.004859686016033991
85 0.23701694550063185 0.00486164483821037
86 0.23700168312084893 0.004861488306228493
87 0.23720987708359434 0.004863623123000235
88 0.23804921997589765 0.004872220241236214
89 0.2395445801015955 0.004887499261974263
90 0.24108542754308668 0.004903193249062771
91 0.24177927663079893 0.004910243927947119
92 0.24116977855383423 0.004904050939094717
93 0.2399549009619933 0.004891683420190461
94 0.23944787111165172 0.004886512571245288
95 0.23984389238596687 0.004890551787482806
96 0.24051312371022684 0.004897370036038339
97 0.24127071861787652 0.004905077111265423
98 0.24214063776242864 0.004913911961105789
99 0.2429477789761346 0.0049220950591404725
100 0.24376889308879288 0.004930405883270242
101 0.24461306431859037 0.00493893549840868
102 0.24496488483885137 0.004942485992568684
103 0.24476527183010852 0.0049404718557971745
104 0.24452451600082883 0.004938041486438498
105 0.24444206668868376 0.004937208906425094
106 0.2442968453077103 0.004935742107305
107 0.2437083522855598 0.00492979360402545
108 0.24292642524325012 0.004921878742257056
109 0.2431192551385428 0.004923831796757546
110 0.24417516660457245 0.0049345127637584986
111 0.24468974556015569 0.004939709565875563
112 0.2443635587971916 0.004936415996690517
113 0.24379824729911134 0.004930702729624805
114 0.24343389178556923 0.0049270168941575885
115 0.24322597713854857 0.004924912384804367
116 0.24275816860424768 0.004920173941676446
117 0.24179747372582677 0.004910428704937606
118 0.24019319859633032 0.004894111766766133
119 0.23827517576970011 0.004874532043122677
120 0.23673328336959398 0.004858734756410499
121 0.23588534035366596 0.004850025321875524
122 0.23569177698431387 0.004848034990665288
123 0.23597263952062703 0.004850922715504289
124 0.23604462848545393 0.004851662602712458
125 0.23579273388944397 0.0048490731902448075
126 0.23590305567731004 0.004850207440346761
127 0.2362029638558302 0.004853289542966442
128 0.23642768033874265 0.004855597631882202
129 0.23673549140216116 0.004858757415285097
130 0.23704830543255828 0.004861966451941677
131 0.23689390880463965 0.004860382822188823
132 0.23610110018650587 0.0048522429278333255
133 0.2353147203927134 0.004844155527295146
134 0.23510283722973963 0.004841974137738956
135 0.23504523298095067 0.004841380917824668
136 0.23469672407851686 0.004837790353079926
137 0.23438063930694591 0.004834531536687601
138 0.2343495430076109 0.004834210816881096
139 0.23452063557511307 0.004835975161339208
140 0.23462043237188857 0.004837003990844382
141 0.23440678168007684 0.004834801146420935
142 0.23402441767518659 0.004830856276712309
143 0.23360383976502241 0.004826513428386746
144 0.23335687873975028 0.0048239615099305065
145 0.23333487826507857 0.004823734107281972
146 0.23321580246436274 0.004822503122644935
147 0.23309174670563634 0.004821220321785133
148 0.23305241615204383 0.0048208135522051256
149 0.2328340846234153 0.0048185548710082005
150 0.2325182417932809 0.004815285541944199
151 0.23191263413294635 0.0048090106038952566
152 0.23081078062555654 0.00479757281805495
153 0.2296382745984654 0.004785371600379364
154 0.22875009277994704 0.004776108341080762
155 0.2281799616960797 0.004770152700584363
156 0.22791071247634084 0.004767337512544674
157 0.22763455196689691 0.004764448334143936
158 0.226817861835464 0.00475589388973624
159 0.22568362260145686 0.004743987679822682
160 0.2251511512207032 0.004738387961583775
161 0.22530898577706998 0.004740048513471872
162 0.2251751024281073 0.004738639985822052
163 0.22435642360340416 0.004730017902952868
164 0.2237054707343897 0.004723151027236356
165 0.22342036218515887 0.00472014028265309
166 0.2231855686405356 0.0047176594215111375
167 0.22391757949157814 0.004725389650037159
168 0.22590068232903834 0.0047462684859916745
169 0.22750909783906487 0.004763135260004196
170 0.22799324965680495 0.004768200672889673
171 0.22786976367383815 0.0047669092186536175
172 0.22797818945308276 0.004768043187394968
173 0.22869488284543724 0.004775531937945646
174 0.22949130413774016 0.004783840015897353
175 0.229965587554359 0.0047887807802963435
176 0.23041867424192122 0.004793495975238928
177 0.23131135881612383 0.004802772444365646
178 0.23242594853514265 0.004814329783597009
179 0.23312994547315127 0.004821615353210023
180 0.2328960466991127 0.0048191959880529885
181 0.2319925448391068 0.004809839058835559
182 0.23129945848088287 0.0048026488980391765
183 0.2313233947326283 0.004802897395030602
184 0.23218040785691238 0.00481178612146177
185 0.2334660127812407 0.004825089389426895
186 0.23438496072074982 0.004834576105033949
187 0.2347273009346058 0.004838105482322402
188 0.23512108910715926 0.0048421620840102975
189 0.23585202780439954 0.00484968284105011
190 0.23629353260459066 0.0048542199170539075
191 0.23595025197658834 0.004850692598101515
192 0.2356800812849888 0.004847914702499682
193 0.23633683043575723 0.004854664634192153
194 0.23725630336468895 0.004864099049403083
195 0.23775852449643262 0.004869244459474553
196 0.2374813370526592 0.00486640526151634
197 0.23631521353939414 0.0048544426095887975
198 0.23541737556542286 0.004845212034511107
199 0.23577914693412302 0.0048489334804903425
200 0.23670510139259657 0.004858445543113968
201 0.237198071560804 0.004863502094464789
202 0.23732940863138074 0.0048648483737951205
203 0.23773421099385755 0.004868995485405699
204 0.2384948372130432 0.00487677839564151
205 0.2387065961933278 0.004878942955052111
206 0.2377986857296416 0.004869655688904309
207 0.23659067364627606 0.004857271068683121
208 0.235897402498214 0.004850149324830826
209 0.23523311366930438 0.004843315482228604
210 0.23445151235871292 0.0048352624249271324
211 0.23451869166542816 0.004835955118927142
212 0.23527177619364043 0.004843713485524544
213 0.23559770544287642 0.004847067397212524
214 0.2354434949785696 0.00484548081370493
215 0.23549024019688214 0.004845961803458032
216 0.23605811803117555 0.004851801232830647
217 0.23688353511025428 0.004860276401812208
218 0.23747975527936335 0.004866389054847633
219 0.23769737214463446 0.004868618225567951
220 0.23731674154193316 0.004864718545190774
221 0.23640211849705225 0.004855335138563319
222 0.23548617569422492 0.004845919983233126
223 0.23480130207217506 0.004838868063185907
224 0.2342016625881363 0.004832685322255749
225 0.2338673240528331 0.004829234599542739
226 0.23408933514718647 0.004831526260714125
227 0.23474893315027176 0.004838328414485786
228 0.23566091551971205 0.004847717579595176
229 0.236130755346786 0.004852547647979713
230 0.23573992454490908 0.004848530148243039
231 0.23520543061974725 0.0048430304847524
232 0.23482611542682705 0.0048391237376142855
233 0.23416374500006698 0.004832294097046774
234 0.2336009935845138 0.0048264840256802225
235 0.23369925552568374 0.00482749902527299
236 0.2340199262139909 0.004830809918926588
237 0.2341640272842738 0.004832297009709226
238 0.23431483904172618 0.004833852863337536
239 0.2347693538047362 0.004838538851404133
240 0.2353945721898776 0.0048449773664773
241 0.2354391294392382 0.004845435891599249
242 0.23438513574212233 0.004834577910085742
243 0.23283289215756472 0.0048185425318150385
244 0.23198467062200198 0.004809757431129817
245 0.23213095518552457 0.004811273657141267
246 0.2327454205767875 0.004817637322241405
247 0.23331933777354003 0.004823573470244239
248 0.23346436355150413 0.004825072346914236
249 0.2334060333395979 0.004824469545977022
250 0.23332240089393882 0.004823605133152979
251 0.2333801944341451 0.004824202495333732
252 0.23411930748619506 0.004831835560383533
253 0.23519167814852998 0.00484288889658673
254 0.23589325451260965 0.004850106682483336
255 0.23584383736157907 0.00484959863275385
256 0.23493814902968654 0.004840277952975468
257 0.23369086085628946 0.0048274123206274
258 0.23258228647000379 0.004815948655879878
259 0.23163954640809648 0.004806178354997679
260 0.23105799205634112 0.004800141366705719
261 0.23097975100700543 0.00479932858396376
262 0.2310902063833038 0.004800475975200911
263 0.23107425488698083 0.004800310290775021
264 0.23116790284952032 0.004801282908302873
265 0.2313179495908409 0.004802840866785287
266 0.2314046040750598 0.004803740383508705
267 0.23180529476056663 0.004807897564225548
268 0.23239343411024097 0.0048139930298049805
269 0.23292737779548092 0.004819520136140241
270 0.23338096751607137 0.004824210485516186
271 0.233343817583692 0.004823826507705384
272 0.23272323585797386 0.004817407714122732
273 0.23236129111950105 0.00481366009982174
274 0.23251089505772565 0.004815209468538787
275 0.23229340013951402 0.004812956824386534
276 0.23127451326060783 0.004802389912640414
277 0.23004071791269584 0.0047895629700125284
278 0.22917977876867954 0.004780591976440618
279 0.22861273702088983 0.0047746741897590796
280 0.22826918837601112 0.004771085261192443
281 0.2283222356716044 0.004771639603347926
282 0.22856860421144892 0.004774213301272402
283 0.2287475453775357 0.004776081747203509
284 0.228640455144967 0.004774963633387744
285 0.22835496737459282 0.004771981616233078
286 0.22872563761531617 0.004775853032686688
287 0.2295615238920553 0.004784571839657701
288 0.22962243181303924 0.004785206525713075
289 0.2286158768657894 0.004774706978144194
290 0.22734979412117598 0.004761467374991376
291 0.22678839818174448 0.0047555849842548775
292 0.2268520012637219 0.00475625179230148
293 0.22666073406707252 0.004754246284798468
294 0.2260641178499423 0.0047479851001290515
295 0.22552480662597782 0.004742318188663754
296 0.22494099411810753 0.004736176028932041
297 0.2240104659001636 0.004726369651172133
298 0.22282597807310034 0.004713857406670781
299 0.22161107070263156 0.004700989231108484
300 0.2208409637360325 0.004692814063772608
301 0.22061063064703043 0.0046903661656774315
302 0.22036746789464537 0.004687780531442954
303 0.2200552169172098 0.004684458165040847
304 0.22012319493962132 0.004685181655303359
305 0.22037337318353992 0.004687843341333004
306 0.2204811823372224 0.004688989874192472
307 0.22039778994933037 0.0046881030342372145
308 0.22015218727686567 0.00468549018683785
309 0.21984955504823162 0.004682268624524606
310 0.21958072344304197 0.004679405014402273
311 0.2194906125395094 0.004678444755513041
312 0.21994354663358845 0.004683269415322337
313 0.22139166604996718 0.004698661562368677
314 0.22347534514381454 0.004720721051814527
315 0.2252986442213161 0.004739939729442879
316 0.2265289067944075 0.004752863534320642
317 0.22714745083583268 0.00475934802973134
318 0.22669639301858494 0.004754620246285821
319 0.22533179122867533 0.004740288397849634
320 0.224430271373507 0.004730796290596821
321 0.22460596578675796 0.004732647671577137
322 0.22557246694816868 0.004742819260976333
323 0.2269213286144649 0.004756978506515436
324 0.22804904925837519 0.004768784127489499
325 0.22863336567348982 0.0047748896039888815
326 0.22867759520166844 0.004775351437065676
327 0.22827138788640133 0.0047711082472695395
328 0.2277288727726179 0.004765435310989948
329 0.2276274244847744 0.004764373743564748
330 0.22811464331947964 0.004769469904142918
331 0.22861805263569793 0.004774729698873808
332 0.228873334580819 0.004777394760085752
333 0.22930953843317528 0.004781945150427016
334 0.23000992086066888 0.004789242354257006
335 0.23051475722270479 0.004794495298273889
336 0.23042730579913231 0.004793585757344071
337 0.22953519719054097 0.00478429747833578
338 0.2281867284616548 0.0047702234304274616
339 0.22753063443500257 0.0047633606999820215
340 0.22828352652231693 0.004771235100609682
341 0.22986643986887406 0.004787748348177137
342 0.23119356545552167 0.004801549402938762
343 0.23124976785700005 0.004802132987971258
344 0.23012154321705616 0.0047904043077778855
345 0.2291166710547445 0.004779933731188535
346 0.22862356975722634 0.004774787311570582
347 0.22796806000507733 0.0047679372601960365
348 0.22698042980630398 0.0047575979388041565
349 0.22595813929438663 0.004746872045137415
350 0.2252835048461912 0.0047397804720904204
351 0.22501601707796007 0.004736965774534903
352 0.22536950064341654 0.004740685026355117
353 0.22673125361712845 0.00475498580687953
354 0.22855492315770523 0.004774070418030858
355 0.2302142327007865 0.004791368961920637
356 0.23172934900559325 0.004807109900330636
357 0.23291845458564586 0.004819427819810213
358 0.23320498020712424 0.004822391228480268
359 0.23279235103290238 0.004818123008533758
360 0.23259652256122015 0.004816096042932235
361 0.23286093217459153 0.004818832671119995
362 0.23264220345571376 0.004816568949345285
363 0.2310211061117691 0.004799758205721491
364 0.22870325600109015 0.0047756193598978754
365 0.22729307174396768 0.004760873359506142
366 0.22786229451496218 0.00476683109268048
367 0.22973684984613285 0.004786398582008319
368 0.23122609942993608 0.004801887232388822
369 0.23160186322696227 0.004805787403930034
370 0.23123381048662264 0.004801967299725605
371 0.23074902465906671 0.004796930953393791
372 0.23078177786774512 0.004797271386697508
373 0.23136501664090828 0.004803329467116648
374 0.2317756288129943 0.004807589902140196
375 0.2320464359647827 0.004810397681505636
376 0.23274243343001816 0.004817606406410918
377 0.23325547457928927 0.0048229132808771755
378 0.23289707586479208 0.004819206636034575
379 0.23212716231163624 0.004811234350387128
380 0.2315836269507796 0.004805598196921071
381 0.23143445483673913 0.0048040502102854815
382 0.23170218064623588 0.004806828095030597
383 0.23215402196335666 0.004811512698555544
384 0.23255577000775293 0.004815674117430127
385 0.232821444385311 0.004818424072917239
386 0.23265510633918712 0.004816702516611418
387 0.23248707466870944 0.004814962806762847
388 0.23291091339205722 0.004819349799946085
389 0.23369243772083093 0.004827428607448473
390 0.2341593652342326 0.004832248905560038
391 0.2343536232532138 0.0048342529007727895
392 0.23441645411093817 0.00483490089566257
393 0.23386999816079782 0.004829262208910237
394 0.23287516213587997 0.004818979906541077
395 0.232065197281242 0.004810592141654734
396 0.23166238219546872 0.004806415253584025
397 0.2315298520341534 0.0048050402221428545
398 0.2316003641435129 0.004805771850756334
399 0.231867828443276 0.004808546029281112
400 0.23230428687989638 0.004813069605889329
401 0.23269826652244138 0.004817149272597093
402 0.23275485247608713 0.0048177349375019525
403 0.23237711471713404 0.004813824000021019
404 0.23159721029900887 0.004805739129070436
405 0.23066720158134402 0.004796080387598657
406 0.2300265027275867 0.004789414984089279
407 0.230186770432972 0.004791083172070847
408 0.23109275678371305 0.0048005024650775345
409 0.23212552710280102 0.004811217404100673
410 0.23314381245658947 0.004821758750202386
411 0.23420275954044775 0.004832696639893439
412 0.23492237351377981 0.004840115443898059
413 0.23502515504112906 0.004841174134157056
414 0.2348048429740424 0.004838904549125749
415 0.23471837506056914 0.004838013493170554
416 0.2350676591648569 0.00484161187572957
417 0.23572796637088514 0.004848407173098559
418 0.23660580815211396 0.0048574264239653435
419 0.23778232798410776 0.004869488198578915
420 0.23864142426144994 0.004878276882456979
421 0.23906814947333901 0.004882636465011253
422 0.2394216318190166 0.00488624482581588
423 0.23940157475932783 0.004886040153923908
424 0.23886359130663534 0.004880547109090558
425 0.23812019691144026 0.004872946539538628
426 0.2373410563048064 0.00486496775105693
427 0.23713412882598503 0.004862846510327858
428 0.23777672759655333 0.004869430853733501
429 0.2384713405749819 0.004876538158325137
430 0.23894135987393236 0.004881341542151236
431 0.23891676293953684 0.004881090289861061
432 0.23830495085217362 0.004874836596585337
433 0.23789166530761227 0.004870607616537631
434 0.237761226181479 0.004869272124366065
435 0.23731322835242175 0.004864682536897996
436 0.23638230231826982 0.004855131637414269
437 0.23540066942238475 0.004845040113808153
438 0.23490447316108692 0.004839931039529273
439 0.23449733699245542 0.00483573493905506
440 0.2337564073988619 0.0048280892790703665
441 0.23347977981019405 0.004825231650318095
442 0.23393276035686222 0.004829910164551811
443 0.2341577852020503 0.004832232602300811
444 0.23398949861431267 0.004830495854370241
445 0.23419739447222343 0.004832641286370449
446 0.2350551201373189 0.004841482742878065
447 0.23621094240511453 0.004853371510360479
448 0.23664402560935185 0.004857818702989352
449 0.23581362807101247 0.004849288029713367
450 0.2345281692120963 0.0048360528350770765
451 0.2335103858507667 0.004825547901250715
452 0.2329983194010292 0.004820254009656022
453 0.23286289037097274 0.004818852932571266
454 0.23261923262264564 0.004816331152137985
455 0.2324850756947825 0.004814942106674868
456 0.23311674755758097 0.004821478871015794
457 0.234329036569781 0.004833999306734739
458 0.2358434808439152 0.00484959496726009
459 0.2376914005569092 0.004868557068889661
460 0.23947460289081932 0.004886785326916131
461 0.24087393740183838 0.0049010421349058335
462 0.24185093239904004 0.004910971494925887
463 0.24228582184685624 0.004915384896231995
464 0.24196293824922424 0.004912108546293092
465 0.2407133958262992 0.004899408599576869
466 0.2390017702703118 0.00488195856622238
467 0.2376436050912989 0.0048680675546491775
468 0.23649450796240568 0.0048562838144907295
469 0.23548679136754264 0.004845926318003468
470 0.23519603575566456 0.004842933760651701
471 0.23503515526931704 0.004841277128092014
472 0.2341183912820989 0.004831826105905149
473 0.23309196016788938 0.004821222529388643
474 0.23263903406129607 0.004816536140038748
475 0.2326623587227982 0.004816777589758775
476 0.23257528675792263 0.004815876185813182
477 0.23174322735877714 0.004807253847936785
478 0.23052661878774752 0.00479461865151804
479 0.22977755040374118 0.004786822546348266
480 0.22961650345876894 0.004785144753475881
481 0.22941760111517528 0.004783071769398251
482 0.22866523477908746 0.004775222377287628
483 0.2277719407672779 0.004765885908310623
484 0.227820121205844 0.004766389943905962
485 0.22916865260846633 0.004780475931565053
486 0.23104316655633303 0.004799987367190671
487 0.23273265234904858 0.004817505174562626
488 0.23380732789744588 0.004828615115621401
489 0.2342230780114482 0.004832906267818214
490 0.23444112263513067 0.004835155286363356
491 0.23481501188135634 0.004839009329415825
492 0.2352160884248447 0.004843140209026512
493 0.23545424653287253 0.0048455914471615125
494 0.23554387525448314 0.004846513628116482
495 0.23539190249693917 0.004844949892100096
496 0.2349096985223873 0.004839984870449067
497 0.23439887036101015 0.004834719557533106
498 0.23433865974632265 0.004834098564496025
499 0.2345973560298341 0.0048367661106600915
500 0.2344591755645187 0.0048353414461881575
501 0.2342343784762983 0.004833022852036018
502 0.2346229186761167 0.0048370296199668995
503 0.235124910812283 0.004842201436585007
504 0.23497536239062108 0.004840661279138303
505 0.23426471689354086 0.004833335832387731
506 0.23358870631193 0.004826357088924093
507 0.23336786730310533 0.004824075086575313
508 0.23334333266825824 0.004823821495468156
509 0.2325323868811965 0.004815432007014938
510 0.23101294208942735 0.004799673395982495
511 0.23018722224890725 0.004791087874093161
512 0.23075168913551095 0.004796958648576148
513 0.23176059230665141 0.004807433952765981
514 0.23262445558601652 0.00481638522200079
515 0.2336309101694083 0.004826793072517343
516 0.2347218233732719 0.004838049031338597
517 0.23573202444926203 0.004848448905804137
518 0.23639022375800858 0.004855212987223691
519 0.2366812950775591 0.004858201220974755
520 0.2373200259341044 0.004864752208193477
521 0.2382534727705023 0.004874310042711237
522 0.2389387560715428 0.00488131494549295
523 0.2393087512216946 0.004885092826188116
524 0.23962038844828773 0.004888272570911237
525 0.23999463298982557 0.004892088388907994
526 0.23991929779591348 0.004891320506415414
527 0.23914519444314736 0.004883423170133757
528 0.23830967469093944 0.004874884912467764
529 0.23819801980963018 0.004873742767341861
530 0.23906823897779064 0.004882637379013514
531 0.23991736544665687 0.004891300808628153
532 0.23984854128722663 0.004890599184108105
533 0.2392842093338346 0.0048848423287164745
534 0.23914154347269834 0.004883385892985507
535 0.2396108482695288 0.004888175259787926
536 0.24008380729852352 0.004892997176071827
537 0.23976248265489947 0.004889721721950592
538 0.23835293431333485 0.004875327353823364
539 0.23675348843035804 0.004858942097209753
540 0.23560183232071544 0.004847109849169753
541 0.2348378160664751 0.004839244295197226
542 0.23472611598640672 0.004838093270467218
543 0.23511014007688943 0.004842049338708156
544 0.23532312357610846 0.004844242019894969
545 0.23507138410063 0.004841650236220959
546 0.23435811028537085 0.004834299179861828
547 0.2336713777834989 0.0048272110830058414
548 0.23336930297011177 0.004824089925282258
549 0.23336251590382906 0.004824019775404537
550 0.23342150085294827 0.00482462939898039
551 0.23351151202832032 0.004825559537600761
552 0.2340347164403056 0.0048309625718315615
553 0.23494521958276762 0.004840350787431786
554 0.23559760348503028 0.004847066348397969
555 0.23550940656545652 0.004846159003987817
556 0.23500933760677692 0.004841011223419954
557 0.23465090738138747 0.004837318121533394
558 0.23426765375438985 0.004833366128862753
559 0.2339169191380663 0.004829746628331204
560 0.2340841845215902 0.004831473106819479
561 0.23422601730630765 0.004832936592097325
562 0.23339730984962723 0.0048243793884854965
563 0.2318521774084101 0.0048083837385655475
564 0.23092453799934862 0.004798754938001279
565 0.23158653822402459 0.004805628402781633
566 0.23281676171954221 0.004818375616936353
567 0.23301149681726321 0.004820390314491916
568 0.23183972875233824 0.004808254650455206
569 0.23000501474277607 0.004789191276649535
570 0.2284116489649851 0.004772573823023827
571 0.2275282569585717 0.004763335813646589
572 0.22711318857055934 0.0047589890730411165
573 0.22670194177328729 0.004754678434375326
574 0.22638506816543102 0.004751354336351422
575 0.22641022502496577 0.004751618324241938
576 0.22662639403453042 0.00475388612723313
577 0.2268502588972491 0.004756233526759352
578 0.22711102721173287 0.004758966428148553
579 0.227617911697455 0.004764274188452345
580 0.22833414227739535 0.004771764018061406
581 0.2291105148458606 0.0047798695139754585
582 0.230310067515797 0.004792366146532545
583 0.23187511054925344 0.004808621537960105
584 0.23298714763476022 0.004820138447885419
585 0.23308110801586746 0.004821110296326691
586 0.2323872997701783 0.004813929493446272
587 0.2314472391603051 0.004804182895118921
588 0.2308373399372998 0.004797848837585756
589 0.23088110458207478 0.004798303630122079
590 0.23136202556728455 0.004803298418432801
591 0.23173601542226832 0.004807179045579743
592 0.23167800659494323 0.004806577334464537
593 0.2312512007354649 0.004802147865526268
594 0.23035141454345387 0.004792796308368678
595 0.22887044017813699 0.00477736455178746
596 0.22730347890685113 0.0047609823523078
597 0.22626530131841194 0.004750097340879729
598 0.22587764279590228 0.0047460264446723245
599 0.2255833469485244 0.004742933639414742
600 0.22488658390016242 0.004735603185471065
601 0.22425261602561541 0.004728923509257187
602 0.22403060966215266 0.0047265821517905975
603 0.22395145569045147 0.0047257470855405544
604 0.22404543528320103 0.004726738544161833
605 0.22448311489768225 0.004731353205742017
606 0.2251322004828583 0.004738188544798279
607 0.22561090678049395 0.004743223355973533
608 0.22545281287386312 0.0047415611887198445
609 0.22457042998353274 0.004732273271261515
610 0.22366310276699602 0.004722703743171805
611 0.2232646639942286 0.004718495299674563
612 0.22299438410365335 0.0047156383751348774
613 0.22253072937060384 0.004710733395664345
614 0.222114635185703 0.004706327204433381
615 0.22246905088502447 0.004710080517209519
616 0.22390578522969304 0.004725265199743712
617 0.2254941643179727 0.004741996005678316
618 0.22623399499218227 0.0047497687150579145
619 0.22626559144565783 0.00475010038626983
620 0.2261061477465846 0.004748426452897331
621 0.22622963788193096 0.004749722976207735
622 0.22718778031871656 0.004759770516369956
623 0.2285403167978105 0.004773917866285624
624 0.22934715630478963 0.0047823373696583675
625 0.22929495755639637 0.004781793115623108
626 0.22857693763795053 0.004774300332457538
627 0.22768036593061855 0.0047649277589053044
628 0.22709545920956897 0.00475880331658536
629 0.22715966010376798 0.004759475936459471
630 0.22775229326422822 0.004765680352312424
631 0.22814179028426546 0.004769753692982079
632 0.22801912151436926 0.0047684712043842585
633 0.228063048344512 0.0047689304942371375
634 0.2286423578297788 0.004774983501332538
635 0.22956575533184875 0.004784615935754554
636 0.23044780337262455 0.004793798958403312
637 0.23078732467606922 0.004797329037230447
638 0.23059841570426484 0.0047953652291539885
639 0.2303874751983189 0.0047931714408816686
640 0.23028100013563374 0.004792063715280307
641 0.23016596362037253 0.004790866631775482
642 0.23042260624637387 0.004793536874630378
643 0.23147003807557345 0.004804419509437477
644 0.23308104718967418 0.004821109667254244
645 0.23442860232857476 0.004835026174128216
646 0.23475924775877682 0.00483843470871801
647 0.23416848388024758 0.004832342993486457
648 0.23367211075021824 0.004827218653856688
649 0.23384615890296812 0.004829016070111355
650 0.23410229132701377 0.004831659964492004
651 0.23361291148890329 0.004826607143396096
652 0.23206131723064888 0.004810551925760383
653 0.23020795799687377 0.004791303664857807
654 0.22931132671285284 0.004781963796486656
655 0.22922204317574843 0.0047810327648295575
656 0.22891500019136513 0.004777829594513831
657 0.22846584210844914 0.004773139961921607
658 0.22852798372905384 0.0047737890534519664
659 0.22909324290522187 0.00477968934071156
660 0.22986025444713398 0.0047876839315490315
661 0.23069094652175645 0.004796327236113768
662 0.23115992873218794 0.004801200097664028
663 0.2309701800467774 0.004799229149579047
664 0.23069435392614515 0.004796362657889898
665 0.23061194035927435 0.004795505851779796
666 0.23040559622745202 0.004793359939608397
667 0.23033857711516265 0.004792662755821817
668 0.23084885832185925 0.004797968538277624
669 0.2316467556557615 0.004806253145034685
670 0.23209904136266896 0.004810942914063722
671 0.2322571723637441 0.004812581502661249
672 0.23242170244455607 0.004814285807926766
673 0.23252262196182688 0.0048153308968006125
674 0.23234243406533348 0.0048134647719112675
675 0.23189934735841014 0.0048088728426320775
676 0.2318119569774117 0.004807966654593024
677 0.2323063127447251 0.004813090592603147
678 0.2327553677370428 0.0048177402701283355
679 0.23294691636206524 0.00481972226897092
680 0.23340370709646704 0.004824445504359622
681 0.2342997555291631 0.004833697276405637
682 0.23557227401778455 0.004846805783548058
683 0.23719118963543853 0.004863431540558124
684 0.2384706949663663 0.004876531557244327
685 0.23879012234976552 0.004879796479245268
686 0.2386738582806566 0.004878608377189966
687 0.23896628605739598 0.0048815961444558425
688 0.2395661021459218 0.0048877188173762865
689 0.2400907485579188 0.004893067908283045
690 0.2404869557335987 0.0048971036103467366
691 0.2408168193046426 0.004900461011847549
692 0.24091617470706872 0.0049014718155532145
693 0.24069782048227578 0.004899250089061416
694 0.24033719797002967 0.004895578593133681
695 0.23997592312379395 0.004891897692763636
696 0.23954420463564202 0.004887495431601043
697 0.23898785574808382 0.004881816451982705
698 0.23829449068025652 0.004874729607225159
699 0.23745073996453878 0.004866091757666371
700 0.23664975792111692 0.004857877538961653
701 0.23617321301085473 0.004852983886319778
702 0.23594254330382275 0.004850613359560707
703 0.23558039326165514 0.004846889307934024
704 0.23517492319001437 0.0048427163908067936
705 0.23544707858257724 0.004845517689258428
706 0.23662273254297617 0.004857600146482931
707 0.2381584707153836 0.004873338145771678
708 0.23966372913782516 0.0048887146274619285
709 0.2409046015447424 0.004901354085371147
710 0.24122619261913208 0.0049046244795993175
711 0.24051544701790556 0.004897393689778637
712 0.2393753066186088 0.004885772088203493
713 0.23826513554822207 0.004874429342753809
714 0.23760590055812647 0.004867681355543279
715 0.23766779159611418 0.0048683152754822965
716 0.23804837551673153 0.004872211599337091
717 0.23840822079757798 0.004875892742458992
718 0.2385268818845902 0.004877106011775097
719 0.23813332616355035 0.004873080877706071
720 0.23722731388678234 0.004863801877109882
721 0.23625596669101567 0.004853834040106566
722 0.23582535964007018 0.004849408652618683
723 0.23589722848352743 0.004850147535923104
724 0.23628286839964466 0.004854110377491905
725 0.23693186671803984 0.004860772200289537
726 0.23750256849118326 0.004866622791188866
727 0.2373364485510765 0.004864920526437536
728 0.23632466187172915 0.004854539653549579
729 0.2349889717097255 0.004840801457984074
730 0.23402756033923405 0.004830888712873293
731 0.23391621007844482 0.004829739308251656
732 0.23466448870025483 0.004837458108653012
733 0.23575380610226335 0.0048486728991128355
734 0.23666351085570875 0.004858018695035494
735 0.2372906694070042 0.004864451313555064
736 0.23773877599310866 0.004869042232682735
737 0.23751444008389233 0.004866744419013912
738 0.2363664131225576 0.004854968458038201
739 0.2350853862955254 0.004841794432250958
740 0.23415908176511366 0.004832245980642316
741 0.23350769381249453 0.004825520085363581
742 0.23285835864316995 0.0048188060426696076
743 0.2322578904895161 0.0048125889427676205
744 0.23221922948659565 0.004812188381008101
745 0.23256103837242956 0.004815728664740923
746 0.2325568756084591 0.004815685564590473
747 0.23239355933214606 0.004813994326780731
748 0.23253463091065416 0.004815455242370127
749 0.23284520328690106 0.004818669921282283
750 0.23304563767766678 0.004820743443516067
751 0.2327491620917594 0.004817676045215384
752 0.23240778639254628 0.004814141680132656
753 0.23281494203796285 0.004818356786834903
754 0.23337508461876647 0.004824149682542371
755 0.23359368759346297 0.004826408549706698
756 0.23386841594283703 0.00482924587300057
757 0.23475382046447663 0.004838378779588188
758 0.23640093547015426 0.0048553229897736
759 0.23821105832499753 0.004873876155311334
760 0.23921011265479616 0.00488408595072582
761 0.2390650020042305 0.004882604323552723
762 0.23817456527770228 0.0048735028111710765
763 0.23699093031705942 0.004861378021731493
764 0.2355753983234738 0.004846837924114555
765 0.23385140128964402 0.004829070198491617
766 0.23222450149243545 0.004812243005556881
767 0.23130522914241886 0.004802708808011707
768 0.23120869723816612 0.004801706532772741
769 0.2314554001052315 0.004804267593313118
770 0.23172683650806272 0.00480708384000521
771 0.23242988811346169 0.004814370584439142
772 0.2334562174989688 0.004824988167823488
773 0.23403561568617554 0.004830971852973764
774 0.2338993188495808 0.0048295649259273744
775 0.23334511114613404 0.004823839878344928
776 0.23294358159928222 0.004819687770364498
777 0.23287027960696802 0.004818929388203627
778 0.23237680710350112 0.004813820813824347
779 0.2310928660926246 0.004800503600417397
780 0.22965520821295027 0.00478554803469586
781 0.22884149760294956 0.004777062473449534
782 0.22874886102466233 0.004776095482059509
783 0.2286943972225941 0.0047755268676340605
784 0.22839261382805304 0.004772374952936748
785 0.22785204146443586 0.004766723845647884
786 0.22704599238079456 0.00475828499770275
787 0.22653045747046385 0.004752879801867185
788 0.2266946606692359 0.004754602079523407
789 0.2269125036018666 0.0047568860057274525
790 0.22624924775252578 0.004749928827738683
791 0.22506666525157407 0.004737498859176933
792 0.22452113440249313 0.004731753850775407
793 0.22497556732905458 0.004736539987760892
794 0.2262185549128774 0.0047496066305379395
795 0.2284320551329791 0.0047727870077903314
796 0.2312889620238379 0.004802539923789691
797 0.23362546459371242 0.004826736819643545
798 0.23482567505141136 0.004839119200145949
799 0.235125637810661 0.004842208922541848
800 0.234934556895527 0.0048402409496315895
801 0.23492502269463764 0.004840142734412886
802 0.2359867244339385 0.004851067486115284
803 0.23787105517983864 0.004870396625497853
804 0.23925554756091594 0.0048845497635806425
805 0.23965753587296892 0.004888651461249404
806 0.23937595700742584 0.00488577872558271
807 0.2388414679005356 0.0048803210871477855
808 0.2383887476066699 0.0048756936068569436
809 0.23812940458442675 0.004873040752597959
810 0.23828007411013136 0.004874582146946127
811 0.23861038363886025 0.004877959607959427
812 0.23874299720024236 0.004879314942397613
813 0.23846055497808583 0.004876427878889842
814 0.23773973335835188 0.004869052036399207
815 0.23686073085742176 0.004860042452163831
816 0.2358904665769029 0.004850078021584189
817 0.23478261040393872 0.004838675457106259
818 0.23401231489730692 0.004830731359113964
819 0.23411255788431726 0.004831765909567927
820 0.23498260475536137 0.004840735877521893
821 0.23589656908164483 0.004850140757126524
822 0.23631426447913537 0.004854432861669661
823 0.23654026432505532 0.004856753582559215
824 0.23688003574388694 0.004860240502418479
825 0.23711473835466268 0.004862647688644255
826 0.2371365594999242 0.00486287143285599
827 0.23758815504584452 0.004867499581622804
828 0.23875543630571266 0.004879442052979583
829 0.23986663361883714 0.004890783635247966
830 0.23989975988557752 0.004891121339178656
831 0.23908932779122144 0.004882852729154726
832 0.23835938736147366 0.004875393349463951
833 0.23774365919288049 0.004869092237953705
834 0.23683987094845715 0.0048598284397462005
835 0.23569035971546287 0.004848020414468787
836 0.234581146897843 0.004836599013434662
837 0.23363349787271875 0.004826819803299281
838 0.23298149857829734 0.004820080012474751
839 0.23248467638567547 0.00481493797167598
840 0.23221432860177257 0.004812137601179299
841 0.23213743149548094 0.004811340772451536
842 0.23187339861974948 0.004808603786946943
843 0.23166224457716084 0.004806413825965897
844 0.23164680702806548 0.004806253677976066
845 0.23134162795712793 0.004803086676752366
846 0.23076323132031454 0.004797078618859082
847 0.23046334186736306 0.00479396057236362
848 0.2306814223687876 0.004796228226103899
849 0.23111476407810705 0.004800731039000343
850 0.2312448071476331 0.004802081480646358
851 0.23115548106086378 0.004801153908294549
852 0.2314324090870465 0.0048040289776951
853 0.23158710152556072 0.004805634247284159
854 0.2313738361140691 0.004803421016029768
855 0.2315160915490027 0.0048048974313396504
856 0.23218680869699215 0.004811852447603316
857 0.23276684879492854 0.004817859090315761
858 0.232992645736435 0.004820195321097516
859 0.23299795937907658 0.004820250285599266
860 0.23282047567790876 0.004818414048823595
861 0.23260805524724557 0.0048162154381718
862 0.23269787689047683 0.004817145239657467
863 0.23302195028752803 0.004820498440576606
864 0.23327041541703938 0.004823067740726578
865 0.23365136540255535 0.004827004369508315
866 0.2342565770310858 0.004833251861077077
867 0.23485819432705674 0.004839454255508668
868 0.2348574259460988 0.004839446338928305
869 0.23390921494714817 0.004829667092407445
870 0.23220965717198208 0.004812089198317732
871 0.23034019649234408 0.004792679603010771
872 0.2291789192767105 0.004780583012115132
873 0.2291830153320089 0.0047806257329834935
874 0.23025482659758242 0.004791791376646082
875 0.231880451976818 0.004808676922851681
876 0.23296654719669072 0.004819925347807547
877 0.23307081964305779 0.004821003891462135
878 0.23239209109962694 0.0048139791196592395
879 0.23113501154947266 0.004800941325296412
880 0.2297966613894626 0.0047870216062544605
881 0.22893894437488932 0.004778079465070955
882 0.22863236036325613 0.004774879106285175
883 0.22865089225939583 0.00477507261732296
884 0.22898609970087222 0.004778571518300463
885 0.22949519801578494 0.004783880600464734
886 0.22968375907302568 0.004785845496414938
887 0.22956654499207121 0.004784624164807771
888 0.22934497924977668 0.004782314671674186
889 0.2286197853710158 0.00477474779308599
890 0.2273799641694923 0.004761783295522126
891 0.22639928223884828 0.004751503496010778
892 0.22609789899747823 0.004748339836641887
893 0.22670368667764007 0.004754696732505168
894 0.22815385341761849 0.004769879793102133
895 0.22955484735326825 0.00478450226220588
896 0.23012555983506275 0.004790446114251049
897 0.23012384305423225 0.004790428245394145
898 0.23043644594473223 0.004793680827754978
899 0.23103961228724376 0.00479995044657407
900 0.23123439381674002 0.004801973356647765
901 0.23153312581209967 0.004805074193095121
902 0.232509727716453 0.004815197380933595
903 0.2336639924075802 0.004827134798416513
904 0.2345839796581344 0.004836628216302091
905 0.2350388270189685 0.004841314943473639
906 0.2350560556230755 0.004841492377072882
907 0.23500488065678574 0.004840965318334972
908 0.23497367033918878 0.004840643850369363
909 0.23497687443343962 0.00484067685369743
910 0.2349400060946905 0.004840297082889172
911 0.23460267939768606 0.004836820987107963
912 0.2340206923915936 0.004830817826918426
913 0.23337349701787524 0.0048241332736841305
914 0.23268656405626378 0.004817028143127495
915 0.23216599257706758 0.0048116367455501696
916 0.23195568161262806 0.004809456905972308
917 0.23204444682577596 0.004810377063713916
918 0.23212097618903216 0.004811170240949078
919 0.23168065868744578 0.004806604845602556
920 0.23039803432151745 0.004793281279986022
921 0.22887567116804214 0.00477741914643702
922 0.22810820599047685 0.004769402607140185
923 0.22792521678735453 0.004767489207577214
924 0.2275491614590251 0.004763554627937961
925 0.22687202594149827 0.004756461709576437
926 0.22625607271158088 0.004750000469579731
927 0.225919446142715 0.004746465599712953
928 0.22591649911373374 0.004746434641737584
929 0.2263163091636857 0.004750632726940057
930 0.22690359494946877 0.00475679262643104
931 0.2272072214559865 0.004759974165906709
932 0.22729941013359867 0.004760939740895884
933 0.22762894657761878 0.004764389672680223
934 0.22814062669239413 0.004769741529376071
935 0.22833658411548052 0.004771789532957788
936 0.2284649325526172 0.004773130460629051
937 0.2290660170882395 0.004779405319209996
938 0.229971010576351 0.004788837244201793
939 0.2308284383521361 0.004797756328999879
940 0.23147784073775715 0.004804500485245019
941 0.23195155622384614 0.004809414137095839
942 0.23231326948766087 0.004813162659485252
943 0.23228662226383112 0.004812886607451903
944 0.23200717563084075 0.004809990724580065
945 0.2322441757455781 0.0048124468498568305
946 0.23275517888434566 0.004817738315622544
947 0.2328762751698009 0.004818991422757839
948 0.23296741170239488 0.004819934290827782
949 0.23317098986148557 0.004822039776470709
950 0.23278039675242018 0.0048179992975676674
951 0.2316775919989556 0.004806573033692535
952 0.23073467379685622 0.004796781784473975
953 0.2306613552462056 0.004796019608106006
954 0.23096741318717282 0.004799200403805389
955 0.2310194726866461 0.0047997412374461085
956 0.23089560317183988 0.004798454286763925
957 0.23067465442773818 0.004796157867538277
958 0.23082278464235453 0.004797697572617482
959 0.2317663215369709 0.004807493373407495
960 0.23280933168287718 0.0048182987303048395
961 0.2330499086332253 0.004820787617453154
962 0.23231931774519052 0.004813225314231333
963 0.23122746956781723 0.00480190145923836
964 0.23068744723341056 0.004796290858882887
965 0.23081396198970908 0.004797605881444684
966 0.23169225172577132 0.004806725102635324
967 0.2334007102191169 0.004824414531591345
968 0.23484740259815146 0.0048393430678226575
969 0.2354970206717587 0.004846031567890132
970 0.23601331986680027 0.004851340833281642
971 0.23680697330602452 0.004859490906944261
972 0.2374571554151987 0.004866157493323211
973 0.23751578460748043 0.004866758193846731
974 0.23772706402910074 0.004868922296947611
975 0.23840584303125628 0.00487586842752048
976 0.23904521050426156 0.004882402211025577
977 0.2395689653592855 0.004887748025473543
978 0.23974318559155258 0.004889524945608828
979 0.23950028937417203 0.004887047402649051
980 0.23949539196152533 0.004886997436091241
981 0.23940416384488547 0.004886066574681179
982 0.23834967000041854 0.004875293969194417
983 0.23694153171543544 0.004860871340333926
984 0.23634385499473112 0.004854736780426327
985 0.23661752865211846 0.0048575467311586604
986 0.23717079867227148 0.0048632224851859
987 0.23786693282589658 0.0048703544228311585
988 0.23843487654150175 0.004876165314678192
989 0.23860954720463795 0.004877951058256215
990 0.2389324362778175 0.004881250391068926
991 0.23944290549798092 0.004886461903308019
992 0.24011210543816838 0.004893285530874044
993 0.24123374802416184 0.004904701287457338
994 0.24230465294194548 0.004915575910879907
995 0.24266543388450648 0.004919234087547335
996 0.24240647872293314 0.0049166086598909945
997 0.24206654584734458 0.004913160106715682
998 0.2414927899349194 0.004907333966980674
999 0.24045539617596337 0.0048967822717236415
1000 0.23927254510899562 0.0048847232682198245
