1 0.23887676371839725 0.004875163543709552
2 0.23887686175459566 0.004875164544104995
3 0.23887688795649945 0.004875164811478294
4 0.23887692124142199 0.004875165151129146
5 0.23887696342430317 0.00487516558157781
6 0.23887701687209217 0.004875166126977424
7 0.23887708457410783 0.004875166817831978
8 0.23887717030139255 0.0048751676926224105
9 0.23887727880409962 0.00487516879982079
10 0.2388774160543972 0.004875170200368963
11 0.2388775895426557 0.004875171970700893
12 0.2388778086341728 0.004875174206382734
13 0.23887808499153126 0.004875177026422577
14 0.23887843306268508 0.004875180578250856
15 0.23887887062502186 0.004875185043271833
16 0.2388794193579925 0.004875190642706449
17 0.23888010538693397 0.004875197643140987
18 0.23888095969211423 0.004875206360700096
19 0.23888201820131696 0.0048752171619901785
20 0.23888332127121545 0.004875230458805311
21 0.23888491210223173 0.004875246691949743
22 0.2388868334183128 0.004875266297355024
23 0.23888912148656027 0.004875289645053059
24 0.23889179629169927 0.004875316938914773
25 0.2388948465027518 0.004875348063253019
26 0.23889820789322175 0.0048753823626343385
27 0.23890173412280236 0.004875418343762487
28 0.23890515870175844 0.004875453287408438
29 0.23890804411200742 0.004875482729301792
30 0.23890970144202317 0.004875499640138522
31 0.23890902626106436 0.004875492750826728
32 0.23890411259174274 0.004875442613159866
33 0.23889138577327937 0.0048753127499717094
34 0.2388640132090691 0.0048750334313311374
35 0.2388101140576915 0.004874483379890058
36 0.2387136701739509 0.004873498996159223
37 0.23856388215330507 0.004871969744990979
38 0.23837519274632762 0.004870042649152025
39 0.2382046294385006 0.0048683000197810005
40 0.2381405595009685 0.004867645262030396
41 0.23825459015474215 0.004868810528339172
42 0.23854976493993696 0.004871825591455811
43 0.23895281093318962 0.004875939494248431
44 0.23935657424740558 0.004880057241463177
45 0.23967276929424175 0.004883279506547977
46 0.2398607921080648 0.004885194592587105
47 0.2399269804534571 0.004885868568189859
48 0.23990335353689982 0.0048856279932223325
49 0.23982487195585425 0.004884828789777288
50 0.23972200728488716 0.004883781087356653
51 0.2396218054893008 0.004882760290835061
52 0.23954352903177076 0.004881962708168749
53 0.239496121842437 0.004881479598515643
54 0.23948826328075817 0.004881399510113989
55 0.23953990446588944 0.004881925773206501
56 0.23968019072225105 0.00488335511093739
57 0.23993598568555416 0.004885960258518989
58 0.2403223695780684 0.004889892759340177
59 0.2408337834078075 0.004895092919810328
60 0.24143172771903773 0.004901165943253371
61 0.24204323253469756 0.004907368920859115
62 0.24258812524002296 0.0049128896004828745
63 0.24302112484436414 0.004917272195144544
64 0.2433491234763946 0.004920589426751644
65 0.24360643404854487 0.004923190186412406
66 0.24381452305768495 0.0049252924360735535
67 0.2439633761807932 0.004926795696188513
68 0.24402285396967371 0.004927396231114505
69 0.24396551420786872 0.004926817284673803
70 0.2437819072130284 0.004924962989033762
71 0.24347957238927445 0.004921908107364864
72 0.24306750738648317 0.004917741423289566
73 0.2425440953035622 0.004912443733577961
74 0.2419070734577019 0.004905988430249798
75 0.2411725036839668 0.0048985340579582055
76 0.24037476945681777 0.004890425826283917
77 0.23955436688524023 0.0048820731461301494
78 0.23876023741491212 0.0048739743236406955
79 0.2380581616697541 0.004866803074303584
80 0.23751584547561141 0.004861256423478414
81 0.23717159407179317 0.0048577322350856125
82 0.23702203922007645 0.004856200407483893
83 0.2370377232513373 0.004856361075114872
84 0.237181709061595 0.004857835821242987
85 0.23741445109406226 0.004860218689125458
86 0.23769408005470152 0.0048630800523490865
87 0.23798430092478623 0.00486604802019254
88 0.2382642813596429 0.004868909548804242
89 0.23852877361621372 0.004871611237193131
90 0.2387838961679598 0.004874215798728221
91 0.2390508303053526 0.004876939456381664
92 0.23936717689015286 0.004880165324833567
93 0.2397652844425097 0.004884221903425447
94 0.2402373899676644 0.004889028133372622
95 0.24072769939202235 0.004894014690035008
96 0.24117109192496317 0.004898519720586457
97 0.2415420099624132 0.0049022852034895145
98 0.2418587298340843 0.004905498190123004
99 0.24214240864311823 0.004908374203886728
100 0.24238664360447845 0.004910848975765814
101 0.24257343822120112 0.004912740877633962
102 0.24270653214848067 0.0049140884413201
103 0.24281212306870717 0.004915157276782575
104 0.24290511207834897 0.004916098357999422
105 0.2429697184998263 0.004916752091474887
106 0.24298423334218353 0.004916898950960408
107 0.2429535868143271 0.004916588867811739
108 0.24289960675787967 0.004916042647252864
109 0.24282519091908247 0.004915289538868326
110 0.2427118490618593 0.004914142266899605
111 0.24255917155738443 0.004912596407048878
112 0.2424106123154141 0.004911091777530894
113 0.24232531087196763 0.004910227623784604
114 0.24231978677145088 0.0049101716561569505
115 0.2423384134931907 0.00491036037092271
116 0.2422879697284134 0.004909849288195273
117 0.24210964702192 0.004908042143639892
118 0.24182130014034725 0.004905118591670196
119 0.24149470692702804 0.004901805153818353
120 0.24120448118008578 0.004898858799915495
121 0.24100810639877393 0.004896864209673448
122 0.24096210394046888 0.0048963968425264895
123 0.2411242136795001 0.004898043616323623
124 0.24151518261472926 0.004902012954861676
125 0.24208044760432942 0.00490774616969765
126 0.24270256158812673 0.0049140482451120095
127 0.2432581861082085 0.0049196699509440845
128 0.24366858087416363 0.00492381812781338
129 0.24390690575307308 0.004926225458216052
130 0.24397302033380439 0.004926893076177927
131 0.2438756877418826 0.004925910190630295
132 0.24364148868959254 0.00492354439392212
133 0.2433261885722226 0.004920357546101114
134 0.24300068795950794 0.004917065431558519
135 0.24272137871269195 0.004914238738498459
136 0.2425130765445871 0.004912129599399304
137 0.24237160280685296 0.004910696607156707
138 0.2422711944080266 0.004909679313349496
139 0.24217114697809095 0.004908665467027598
140 0.24203568011416568 0.004907292358497662
141 0.24186428609435984 0.004905554537206703
142 0.24169516759189658 0.004903839184508735
143 0.24156573813203572 0.004902525988515359
144 0.24147799645305512 0.004901635558166503
145 0.24141540164965167 0.00490100022740321
146 0.24138007294746958 0.004900641608377147
147 0.24139082622201818 0.004900750766844822
148 0.24144983869155534 0.004901349769997958
149 0.24153143233619098 0.004902177861689548
150 0.2416014739014673 0.004902888600077848
151 0.24163141603982038 0.0049031924029030345
152 0.2416005477755737 0.004902879202998509
153 0.24151084840137646 0.004901968969085922
154 0.24140341269696075 0.004900878531378483
155 0.24133823735858098 0.004900216904487202
156 0.24134827142437612 0.004900318771038283
157 0.24142298998115722 0.0049010772525680014
158 0.24153442798459646 0.00490220826178203
159 0.24165850449045667 0.0049034672350528824
160 0.2417634081183026 0.004904531413801766
161 0.2417987987727679 0.004904890376777586
162 0.24172228186296396 0.004904114242337471
163 0.24153831394757033 0.004902247696580898
164 0.24129857793816475 0.004899814258497171
165 0.24106444705058275 0.004897436548097032
166 0.2408760018741018 0.0048955219589929275
167 0.24074295766467424 0.004894169788570495
168 0.24063813944910634 0.004893104224700563
169 0.24050161624873959 0.004891716005390171
170 0.2402851925023571 0.004889514519593189
171 0.24000988528054615 0.004886712631459906
172 0.23976085731759764 0.004884176811075379
173 0.23961061609470544 0.004882646286666443
174 0.23955877462670871 0.004882118060396488
175 0.23955792295404313 0.00488210938200388
176 0.23958637331742402 0.004882399277784768
177 0.2396760830127972 0.004883313264571527
178 0.2398635581319141 0.004885222760020551
179 0.24012483068963447 0.004887882662321499
180 0.24037735425990925 0.0048904521201288175
181 0.24055521244568429 0.004892261038669926
182 0.24067407523172898 0.004893469567796157
183 0.24080775692608514 0.004894828410639691
184 0.24100016256549026 0.004896783506592493
185 0.2412139270629452 0.0048989547218343445
186 0.2413712806389105 0.004900552354229092
187 0.2414323420044491 0.004901172178375927
188 0.2414229775850314 0.004901077126742431
189 0.24139737212972312 0.004900817214367349
190 0.24138983767796868 0.004900740732053848
191 0.24139928473134997 0.004900836629020309
192 0.24140324744164965 0.004900876853903555
193 0.24138199996875234 0.004900661170103423
194 0.2413427779006669 0.004900263000656376
195 0.24133507530421672 0.004900184802647121
196 0.2414393219208189 0.004901243025397465
197 0.24172000799555998 0.004904091175924934
198 0.24216826702833563 0.004908636279504401
199 0.24268387400092895 0.004913859055776196
200 0.24312256731924745 0.004918298377986954
201 0.24337412243330558 0.004920842163318566
202 0.24340776524029967 0.004921182267723788
203 0.24326407872864708 0.004919729536959688
204 0.24302948498814697 0.0049173567736951855
205 0.24282169483517468 0.004915254154717186
206 0.24276695134339923 0.00491470005813405
207 0.24295018058275122 0.004916554402177446
208 0.24336729625991343 0.004920773152782346
209 0.24392413762373763 0.004926399472519642
210 0.24448646618415126 0.0049320747213730445
211 0.24494295785200423 0.004936677023259745
212 0.2452380899570842 0.004939650232373607
213 0.2453632392596517 0.004940910466729839
214 0.2453325153413878 0.004940601111338542
215 0.2451732887915285 0.004938997568179703
216 0.24492725695459117 0.004936518799683266
217 0.24463923782385885 0.0049336154272542326
218 0.2443385689100434 0.0049305827149505495
219 0.24404146105583654 0.004927584087983315
220 0.24377244781307 0.004924867437138294
221 0.24356750170200558 0.0049227967669901295
222 0.24344593550801863 0.004921568113016864
223 0.243385054040804 0.0049209526765286735
224 0.24332803867194233 0.0049203762517218835
225 0.24321714933482302 0.004919254968206456
226 0.24302938783487588 0.0049173557908157965
227 0.24279732917221827 0.004915007540775438
228 0.24259789508229035 0.004912988528806703
229 0.24250886163177976 0.0049120869124477055
230 0.24256735987475941 0.004912679326113073
231 0.24276083179820207 0.004914638114120448
232 0.24304104388538264 0.004917473711246599
233 0.2433420071043882 0.004920517478678937
234 0.24360315248903275 0.004923157026787421
235 0.24379441926242926 0.004925089373699189
236 0.24391929426637896 0.004926350562986102
237 0.24398820062827264 0.004927046352397234
238 0.24399404612634057 0.004927105373422342
239 0.24392197711758476 0.0049263776552037255
240 0.24378096447769762 0.004924953466298555
241 0.24361577095256395 0.004923284533086724
242 0.24348251813918367 0.004921937881251777
243 0.2434148934041198 0.004921254325278199
244 0.24341269071133384 0.004921232058695059
245 0.24345163071748505 0.004921625680618721
246 0.24349671081014124 0.004922081329798744
247 0.24351342565345943 0.0049222502651533806
248 0.24347531440798117 0.004921865069905768
249 0.24336261038528165 0.004920725779455211
250 0.24316024547928905 0.004918679472297271
251 0.2428679826452545 0.004915722616790636
252 0.24251161872391225 0.004912114835216376
253 0.24213735943405795 0.004908323028347426
254 0.24179585817076096 0.0049048605516204494
255 0.24153071313486962 0.004902170563145862
256 0.24137079226587177 0.00490054739651654
257 0.24131957306973714 0.00490002741766353
258 0.24134207364823904 0.004900255851023262
259 0.241363214469777 0.004900470469975338
260 0.24129923740594164 0.004899820954076226
261 0.24111617141064415 0.004897961932880279
262 0.24086237671826502 0.004895383499386418
263 0.24062922430273484 0.004893013584155148
264 0.2404684392408418 0.00489137858957465
265 0.24034900778704357 0.004890163758615132
266 0.24019576311969987 0.004888604544755669
267 0.23996266500344926 0.004886231894437123
268 0.23966979982344588 0.004883249255299909
269 0.2393891710928777 0.004880389526165953
270 0.2392061938568247 0.004878524005497629
271 0.23917451613812682 0.0048782009669814715
272 0.2392788930884697 0.004879265286477463
273 0.23943731285364067 0.004880880230763886
274 0.23955304482635612 0.004882059674455296
275 0.23957455910279207 0.004882278898601075
276 0.23951254096627497 0.004881646925326131
277 0.23940988355599196 0.00488060065246953
278 0.23929743595735387 0.004879454341647587
279 0.23916699003667258 0.0048781242152338205
280 0.23897489116355541 0.00487616476755632
281 0.23867151557487595 0.004873068670014435
282 0.23823937985737806 0.004868655112156258
283 0.23771564620579297 0.00486330066268223
284 0.23717940547438113 0.004857812230731518
285 0.23671103158546528 0.0048530133385282555
286 0.23635649713191687 0.004849377671135219
287 0.23611878977759732 0.004846938510954778
288 0.23596909467941382 0.00484540183110832
289 0.23586434754862165 0.0048443262701810584
290 0.23577036072568094 0.004843360994576101
291 0.23568546038400895 0.004842488874715519
292 0.23564259225572318 0.0048420484617298495
293 0.23567828670667149 0.0048424151775154824
294 0.23579491588555354 0.004843613202713611
295 0.235954458189715 0.004845251555552417
296 0.2361052913520246 0.004846799964221792
297 0.23621139369665325 0.004847888883227513
298 0.2362666454395092 0.004848455830156473
299 0.23630063684458033 0.004848804588438893
300 0.23637796064062855 0.004849597851875502
301 0.23657647358457926 0.004851633798681746
302 0.23693730794865178 0.004855332326152136
303 0.23741720837640173 0.004860246911830914
304 0.23789446329310396 0.00486512948167625
305 0.23823816317518606 0.004868642680094144
306 0.2383881323176735 0.004870174826096373
307 0.23838252871051857 0.004870117586026131
308 0.23831730744459578 0.004869451310345128
309 0.23827825029762678 0.004869052273719418
310 0.23830129528416188 0.004869287722257121
311 0.23837933877263057 0.004870085000952335
312 0.2384901209910629 0.004871216508730959
313 0.2386121510466316 0.004872462595567759
314 0.23871792428125255 0.004873542421186542
315 0.23876727586354515 0.004874046163419104
316 0.2387336723329999 0.004873703170599785
317 0.23864622406640218 0.004872810468857713
318 0.23858284453340206 0.004872163366727773
319 0.23860594770531013 0.004872399259009092
320 0.23872193853018758 0.004873583397435579
321 0.2389138967608162 0.004875542447494915
322 0.23918967170663472 0.004878355520942709
323 0.23957584520971018 0.004882292003340292
324 0.24006644546030356 0.00488728839329342
325 0.24058189517362208 0.00489253235943924
326 0.24098763770256185 0.004896656261161549
327 0.24118219268058336 0.004898632455168726
328 0.24118604389685583 0.004898671565887271
329 0.24112915308575147 0.0048980937840421394
330 0.24113534914572415 0.004898156714400187
331 0.24122785686397305 0.004899096174030252
332 0.24135490547577312 0.0049003861192380505
333 0.24148634607202066 0.004901720299708264
334 0.24165117021303292 0.004903392824963343
335 0.24187041127372066 0.004905616653056165
336 0.24208301903339316 0.004907772235180737
337 0.24217750159360352 0.004908729868748218
338 0.2421063285937903 0.004908008507968781
339 0.24195331127132944 0.004906457270075166
340 0.24187521892758412 0.00490566540724138
341 0.2419696244939554 0.00490662267136734
342 0.2421884344725165 0.004908840667528555
343 0.2423696123669875 0.004910676442941409
344 0.2423506399521251 0.004910484238124248
345 0.2420642492729207 0.004907581970916607
346 0.24155857647494658 0.00490245331581247
347 0.2409583137379664 0.004896358333548852
348 0.24040123789746648 0.004890695069147678
349 0.23997396797642578 0.004886346971290248
350 0.23968290835585115 0.004883382796021151
351 0.2394882124231041 0.004881398991807711
352 0.23936832878199021 0.004880177067078081
353 0.23934577898955775 0.004879947192114393
354 0.23945134615610483 0.004881023261656126
355 0.23967184409673417 0.004883270081191893
356 0.2399331430782475 0.004885931315575253
357 0.24012705374004742 0.004887905288020788
358 0.24015947287042497 0.004888235230624697
359 0.23999313152916774 0.004886542071407401
360 0.23966149283517987 0.004883164627520778
361 0.23924539137209005 0.0048789236987140236
362 0.2388320264666465 0.004874707007820619
363 0.23848306666600963 0.0048711444650785295
364 0.23822043460402972 0.004868461525901904
365 0.23802993310680928 0.004866514516816495
366 0.23788349246977827 0.0048650172993861835
367 0.23776665271406822 0.004863822392497582
368 0.23768213825805562 0.004862957889772563
369 0.23761553378952882 0.004862276480933605
370 0.23749707495385255 0.004861064330773683
371 0.23721954869121792 0.004858223311867821
372 0.2367185020163383 0.004853089916739239
373 0.23604116215567636 0.004846141693300772
374 0.23533739206737023 0.004838911777266706
375 0.23478343335963536 0.004833213285016841
376 0.23449282627884138 0.004830221163971699
377 0.23446486800630684 0.00482993320491686
378 0.23460189517791274 0.0048313443660476406
379 0.23478225720446186 0.004833201178932848
380 0.23492939376874325 0.00483471541012407
381 0.23502940799569275 0.004835744419019507
382 0.23510549194050823 0.004836527071589281
383 0.2351834776580941 0.004837329155705285
384 0.23526458087033583 0.004838163162242894
385 0.2353130313699959 0.004838661323407492
386 0.23527867981245482 0.004838308130856949
387 0.2351528112446831 0.004837013767113265
388 0.23500023817405916 0.004835444324277402
389 0.2349138522990742 0.004834555490106366
390 0.23492704068059925 0.004834691197445069
391 0.23498009628012387 0.004835237096628422
392 0.23497730825778476 0.004835208411669056
393 0.23486991617684616 0.004834103363610505
394 0.23468644284276702 0.004832214866449765
395 0.2345039412136293 0.004830335638597467
396 0.2344050821708202 0.004829317377043538
397 0.23444679223646162 0.0048297470225594575
398 0.23463548226606987 0.004831690196548082
399 0.23491835816128614 0.004834601855478658
400 0.23521749081422325 0.004837678939807986
401 0.23549477578543634 0.004840529536852166
402 0.23578643618999878 0.004843526108523181
403 0.23616495721180325 0.004847412339780133
404 0.2366574661806629 0.00485246421259577
405 0.23719300804871 0.004857951529935029
406 0.2376292874582068 0.004862417198106001
407 0.23784232256692175 0.004864596292963453
408 0.23780432328516474 0.004864207677205268
409 0.2375866434469857 0.0048619808834595695
410 0.23730025281946715 0.004859049646244403
411 0.23703573856434046 0.004856340744222555
412 0.2368393128467205 0.004854328161807961
413 0.23671980171615364 0.0048531032396340636
414 0.2366708347421057 0.004852601266268595
415 0.236690412354646 0.004852801967768041
416 0.23678330451392618 0.004853754146245069
417 0.23695093312224008 0.004855471928047905
418 0.2371830209409335 0.004857849255849004
419 0.23745582872244336 0.004860642200753059
420 0.2377343754575343 0.004863492244914613
421 0.2379754396238092 0.0048659574261548195
422 0.2381318137383252 0.004867555878556514
423 0.23816403946092982 0.004867885223881119
424 0.2380601766378374 0.00486682367101836
425 0.23784952954954922 0.004864669994723116
426 0.2375951437349022 0.004862067857767351
427 0.23736806858273968 0.004859743907243678
428 0.23722706338160998 0.0048583002611646275
429 0.23722483898622485 0.0048582774838181915
430 0.23742388449922674 0.004860315245919802
431 0.23787632562681454 0.004864944013347595
432 0.23856316407025485 0.004871962412612129
433 0.23935576573285683 0.00488004899936533
434 0.24005481781558097 0.0048871700336844464
435 0.24048694089251071 0.004891566757390886
436 0.24059383666578837 0.004892653780487645
437 0.24046329525093574 0.004891326272237848
438 0.240285610572255 0.004889518773201007
439 0.2402563016976492 0.004889220564201967
440 0.24048060926502257 0.004891502363494306
441 0.24093428245319 0.0048961141653490374
442 0.24149326381297487 0.00490179050779451
443 0.24200681222059695 0.004906999700370176
444 0.24237494115169142 0.00491073042618095
445 0.2425840188223623 0.004912848018764938
446 0.24267081604248417 0.004913726855334853
447 0.2426503475681531 0.0049135196227253425
448 0.24249021006890836 0.004911898012423733
449 0.24215805370039492 0.004908532768748678
450 0.24167393614682284 0.004903623793609707
451 0.24110222507382692 0.00489782027997036
452 0.24050175425133719 0.004891717408851464
453 0.2398936324349952 0.004885529007176448
454 0.239275420518433 0.004879229880822391
455 0.23866487917411108 0.004873000920284477
456 0.23812739182998874 0.004867510685128764
457 0.23774901250450392 0.004863641962574486
458 0.2375737586102059 0.004861849043810297
459 0.23757230747772812 0.004861834195373617
460 0.2376781103359299 0.004862916684112746
461 0.2378484619881326 0.004864659077443128
462 0.23808538364652881 0.0048670813260806986
463 0.2384091202589784 0.004870389209028783
464 0.2388283009099235 0.004874668987232345
465 0.2393306002945 0.004879792452797433
466 0.23987910378659133 0.00488538106409181
467 0.24041335017872761 0.00489081827302264
468 0.2408774769976282 0.004895536949046946
469 0.24126299800589085 0.004899453001733985
470 0.24161558911636988 0.00490303182005565
471 0.24199043105443263 0.0049068336229424045
472 0.24240099129111922 0.004910994318509428
473 0.24281144419771059 0.004915150405708741
474 0.24317676193194923 0.004918846518018534
475 0.24348614758570336 0.004921974565289462
476 0.24375822817416373 0.004924723797324784
477 0.24398651178397318 0.004927029300284625
478 0.24409625721529757 0.004928137267609158
479 0.24397207823789452 0.004926883563629593
480 0.24354213699553387 0.004922540434463979
481 0.24284385971118735 0.00491547848292834
482 0.2420151831106083 0.004907084564922558
483 0.24122639374315158 0.004899081316748467
484 0.24061421547491962 0.004892860985185138
485 0.2402602325954733 0.004889260560963197
486 0.24019866670284262 0.0048886340923768815
487 0.24041474556715603 0.004890832466455151
488 0.2408319127968802 0.0048950739091218
489 0.24132299646593558 0.004900062173807693
490 0.24175687264293513 0.004904465122419795
491 0.24204744684849788 0.004907411642777692
492 0.24217327223022886 0.004908687005780295
493 0.24216749686990677 0.004908628474124577
494 0.24209277010121227 0.004907871076351419
495 0.24201366135612068 0.004907069137399375
496 0.24197147356002607 0.004906641418869613
497 0.24196425851275657 0.004906568265796744
498 0.2419483991726648 0.004906407464754455
499 0.24187599715321392 0.004905673299144274
500 0.24174342103408852 0.004904328675700754
501 0.24160301108466006 0.004902904197304642
502 0.2415225520418887 0.004902087742606787
503 0.24152818902201575 0.004902144948051415
504 0.24158188717042609 0.004902689856450187
505 0.24161093664106967 0.004902984614193778
506 0.2415589303653169 0.004902456906929808
507 0.24141608154321242 0.004901007128694775
508 0.24121598348451373 0.004898975604324018
509 0.24101217124768576 0.004896905504818086
510 0.24085055322001625 0.004895263345152803
511 0.24075005786070866 0.004894241959547062
512 0.24069953755851575 0.004893728415421919
513 0.24066614706747255 0.004893388968026559
514 0.24060267023914245 0.004892743598290051
515 0.2404565200405947 0.004891257363596836
516 0.2401951860720261 0.004888598672546397
517 0.2398394753165317 0.004884977510446226
518 0.23947051474792766 0.004881218625916322
519 0.2391933129366405 0.004878392652869795
520 0.239077856032512 0.004877215128107931
521 0.23912056413047367 0.004877650733653759
522 0.23925888264324185 0.004879061260307673
523 0.23942584026395966 0.004880763296176119
524 0.23959042127352373 0.004882440523148986
525 0.23975194877505474 0.004884086072116621
526 0.2399151217400336 0.004885747821388009
527 0.24008401096337725 0.004887467189852915
528 0.24027072138535832 0.004889367282467792
529 0.24048929473171604 0.004891590696182307
530 0.2407324837569194 0.0048940633230668724
531 0.24096132131080225 0.004896388890926471
532 0.24112632173068516 0.004898065027081018
533 0.2412002228827895 0.004898815556752781
534 0.24118684002554455 0.004898679650869489
535 0.2411015121717224 0.004897813038915315
536 0.2409548312308132 0.004896322950531209
537 0.24076011860134372 0.0048943442215880085
538 0.24054633318985771 0.0048921707474686785
539 0.2403524984489064 0.0048901992691552315
540 0.24020801128476016 0.004888729184073426
541 0.24011568691891355 0.004887789598010469
542 0.24004529170755476 0.004887073063809015
543 0.23994774529029878 0.00488607999099113
544 0.23979840589072757 0.004884559247751089
545 0.2396388889930054 0.004882934342538467
546 0.23955978578649467 0.004882128363914385
547 0.2396180353327828 0.0048827218785484384
548 0.23976513194619253 0.004884220350185634
549 0.23986654348753356 0.004885253160807469
550 0.2398037309915236 0.004884613482110656
551 0.2395671855231146 0.00488220376510275
552 0.23925994609172624 0.004879072103425554
553 0.23901785321275842 0.00487660305756903
554 0.2389219657537343 0.004875624779217452
555 0.23896465923681443 0.00487606037773006
556 0.23906468482800425 0.00487708077923153
557 0.23909556168142926 0.004877395723378101
558 0.23892275945187136 0.004875632877617024
559 0.23846552690518028 0.0048709653322766095
560 0.23775945405890075 0.004863748763069699
561 0.23695923797648277 0.004855557016620441
562 0.2362593445681246 0.004848380918554316
563 0.235787737229874 0.00484353947148844
564 0.2355552635338926 0.004841151151351298
565 0.23548759106164527 0.0048404556962905795
566 0.23548627229476307 0.004840442142621838
567 0.23545538175499725 0.004840124653256315
568 0.2353007423800271 0.004838534974610575
569 0.23495332034203611 0.0048349616015979655
570 0.23441626187119147 0.004829432540241016
571 0.233772138609615 0.0048227928778174015
572 0.23312532930225244 0.004816116316474252
573 0.23254092978865956 0.004810075998744604
574 0.2320376730063434 0.004804868282212483
575 0.23161062470158722 0.00480044474228576
576 0.23123776002143953 0.004796579122427979
577 0.2308830597812405 0.004792898926121715
578 0.23052904925050952 0.004789223066163972
579 0.23021626286747998 0.004785972906931176
580 0.23003611766690948 0.004784100018440473
581 0.2300720151747848 0.004784473287147976
582 0.23033937521933429 0.004787252429109975
583 0.23076997151927153 0.004791724983352667
584 0.23124355548287664 0.004796639229858438
585 0.23164451656111754 0.004800795956846099
586 0.231918747141241 0.004803636809007822
587 0.23210114294652304 0.00480552538208526
588 0.23228632946936253 0.004807442091942005
589 0.23255297354905308 0.004810200558865654
590 0.23290114073877793 0.004813800013246824
591 0.23325741934485192 0.004817480541725502
592 0.23353694708110076 0.004820366229648921
593 0.23370016228311577 0.00482205037351321
594 0.23376107454275297 0.004822678748874252
595 0.2337590614424843 0.004822657982891707
596 0.23373329335163137 0.004822392166214533
597 0.23372225471800967 0.004822278290163618
598 0.23377522273561568 0.0048228246909580545
599 0.23394294452311346 0.004824554446010143
600 0.2342391247399423 0.004827607510079369
601 0.23460964801225015 0.004831424195545647
602 0.23495094485159854 0.004834937159649103
603 0.2351720103165357 0.004837211222289191
604 0.23524992000571202 0.004838012411203416
605 0.2352319226554528 0.004837827346168553
606 0.23518598785237518 0.004837354970876706
607 0.235147999736114 0.004836964281308444
608 0.23510812279711948 0.0048365541321515855
609 0.23503392520950206 0.00483579088977118
610 0.2348990344693127 0.004834403011337567
611 0.23469598237153752 0.004832313075327442
612 0.2344386102607117 0.004829662744976852
613 0.23417062609663286 0.004826901588845397
614 0.23397378085237397 0.004824872400987616
615 0.23394028037492587 0.0048245269748577145
616 0.23410228271772732 0.004826197164804599
617 0.23438290015443258 0.004829088869771762
618 0.23463885062564824 0.004831724877601832
619 0.2347688210414267 0.004833062879282532
620 0.2347797693226656 0.004833175571237385
621 0.23474704183666942 0.004832838695536764
622 0.23472325233127006 0.0048325938069232474
623 0.23469555806061826 0.004832308707114341
624 0.2346177178120131 0.004831507287376895
625 0.23446631321479086 0.00482994809040855
626 0.2342733579684015 0.004827960266164029
627 0.2341220386261205 0.004826400802070522
628 0.23410780852701055 0.004826254123855606
629 0.23428234752926505 0.004828052894763999
630 0.2346155370009713 0.004831484832489378
631 0.2350042632503005 0.004835485734764637
632 0.23533179889813433 0.004838854274689105
633 0.2355460328372066 0.004841056295403236
634 0.2356902942616056 0.004842538533863823
635 0.23584835416378824 0.004844162026435592
636 0.23605707508924065 0.0048463050441130435
637 0.2362733737118203 0.004848524865501708
638 0.23641145354569573 0.004849941414716073
639 0.23640353254629104 0.004849860165046747
640 0.23624422501807765 0.004848225778636104
641 0.23600178835289476 0.004845737486289892
642 0.23579109293900571 0.004843573937767297
643 0.23572172528133797 0.0048428614170155995
644 0.23585072364974494 0.004844186360175603
645 0.2361634902989135 0.0048473972851700645
646 0.23658729776931658 0.004851744786851972
647 0.23702639921309673 0.004856245071901142
648 0.23740012006529998 0.004860071998423535
649 0.23766414138477363 0.004862773778980099
650 0.23780346435498462 0.004864198892632955
651 0.23780883084967053 0.004864253777346916
652 0.23766804021325602 0.004862813665188949
653 0.23738194011532343 0.004859885904251778
654 0.23697526764100255 0.004855721246625661
655 0.23648452848618864 0.004850690916891542
656 0.23594939516481545 0.00484519957145121
657 0.23542685605936028 0.004839831450986524
658 0.23499891042653331 0.00483543066416719
659 0.23474145447059233 0.004832781180435717
660 0.23467601971102792 0.004832107558650511
661 0.23475965306760796 0.004832968510221224
662 0.23493044112519937 0.004834726187116837
663 0.23516048454290164 0.004837092685043584
664 0.2354604316188521 0.00484017655659211
665 0.23584275961593984 0.004844104572023721
666 0.23629582500149227 0.00484875521953762
667 0.236788227072849 0.004853804599056033
668 0.23727984602370375 0.0048588407131218495
669 0.2377318184433194 0.004863466089563246
670 0.23812965304263026 0.0048675337955539875
671 0.23850270893726563 0.004871345062907528
672 0.2389010553292833 0.004875411417473866
673 0.2393389160669791 0.004879877228608065
674 0.23976819998382334 0.004884251599358049
675 0.24011733117757533 0.004887806333228248
676 0.2403495570262852 0.004890169346048848
677 0.24047327766324192 0.004891427798603419
678 0.24050430021562277 0.004891743300772497
679 0.24043475787454402 0.004891036020537742
680 0.24023569041329915 0.004889010839678658
681 0.2398758037401909 0.004885347459581478
682 0.23934581170579103 0.004879947525634971
683 0.2386921627435555 0.004873279446936532
684 0.238037905180074 0.004866596010528086
685 0.23755279092090884 0.004861634491516856
686 0.23737895663893957 0.004859855364016967
687 0.2375695346008431 0.004861805822312927
688 0.2380843982947469 0.004867071254500189
689 0.23882774167099255 0.004874663279981029
690 0.23967907559277118 0.004883343750842168
691 0.24049955033949588 0.004891694995421147
692 0.2411468286966023 0.004898273304460954
693 0.24152591871265275 0.004902121908480396
694 0.24164129333572212 0.004903292617080692
695 0.2415922267654379 0.004902794771776813
696 0.24150989617604726 0.004901959305371751
697 0.24149273714645475 0.00490178516269644
698 0.2415831971438496 0.004902703148805802
699 0.2417759498369355 0.0049046586258885295
700 0.24202840944863863 0.004907218651287804
701 0.2422712440851554 0.004909679816708469
702 0.2424365019231023 0.004911354024392908
703 0.24250031835203745 0.0049120003883884765
704 0.24250547902470074 0.004912052654487415
705 0.2425341362743451 0.0049123428783647595
706 0.24264723446922976 0.004913488103459325
707 0.24284426145848345 0.004915482548872966
708 0.2430778478455378 0.0049178460262526685
709 0.2433027365474871 0.0049201204258632605
710 0.2435095860606433 0.00492221145926166
711 0.2437168488829572 0.0049243057801964165
712 0.243937422826448 0.004926533627599856
713 0.24415698553416285 0.004928750261194016
714 0.24434489187397995 0.004930646511049428
715 0.24448504069505772 0.004932060343012798
716 0.24459028936222182 0.004933121833159186
717 0.24467411524868002 0.0049339670995170275
718 0.24470300530560002 0.004934258381622507
719 0.2445950154311805 0.004933169492780926
720 0.24429251417947984 0.004930118016804961
721 0.24384208350733444 0.0049255708022607906
722 0.24338730720492513 0.004920975454608443
723 0.2430719588407212 0.004917786453990934
724 0.24295089716749244 0.004916561652892917
725 0.2429922172540685 0.004916979729381646
726 0.24314824598476875 0.0049185581070728115
727 0.24340153468091022 0.004921119283055712
728 0.243736103951825 0.004924500300958194
729 0.24408743451135714 0.004928048204611065
730 0.24435697900935993 0.004930768462964234
731 0.24449123594024605 0.0049321228317635545
732 0.24452978461390443 0.004932511637724374
733 0.24455613951756164 0.00493277743840531
734 0.2446082488330069 0.004933302941394102
735 0.24465114485816583 0.004933735489787714
736 0.2446240792412201 0.004933462574064441
737 0.2444921368642023 0.004932131918926748
738 0.24426418359624888 0.004929832135821281
739 0.2439940389969151 0.0049271053014381455
740 0.2437665265584077 0.004924807624038781
741 0.24365216770710102 0.004923652294347742
742 0.24365882828490842 0.0049237195913995075
743 0.2437347396197275 0.004924486518299167
744 0.2438169745842293 0.00492531719763132
745 0.2438614457552037 0.004925766355522683
746 0.24382665360429223 0.004925414959017584
747 0.24365071957418724 0.0049236376626011725
748 0.24326343930335348 0.004919723071143635
749 0.24262988676306815 0.004913312459027245
750 0.24179005917688498 0.004904801734593852
751 0.2408548861135249 0.00489530737776783
752 0.23994789639853598 0.004886081529506979
753 0.23913704215618256 0.004877818792536241
754 0.2384187342791797 0.004870487409022453
755 0.23775866410528973 0.004863740683182603
756 0.23713783245586664 0.004857386471235566
757 0.2365690511240062 0.004851557689374465
758 0.23608939184504185 0.004846636767906229
759 0.23573978271899193 0.004843046906904782
760 0.23554201171084482 0.004841014973157357
761 0.23549115683454483 0.00484049234344538
762 0.23556818996811987 0.004841283982098744
763 0.23575492164622622 0.004843202411751696
764 0.2360352398946847 0.0048460808981926826
765 0.23638368301074758 0.0048496565524113085
766 0.23675660280526512 0.00485348046313342
767 0.23710530164496912 0.004857053289181394
768 0.23740829974980418 0.004860155725241317
769 0.23768596588065724 0.0048629970460438935
770 0.23797029309143714 0.004865904809500656
771 0.23825724209785729 0.004868837624926529
772 0.23849359102863227 0.004871251946766585
773 0.23861133176652283 0.004872454230706426
774 0.23857777330956098 0.004872111586050986
775 0.23842459217535725 0.004870547242060355
776 0.2382361656704329 0.004868622269516026
777 0.23809969906878714 0.00486722764601849
778 0.2380515797707316 0.004866735794468294
779 0.23806996811223227 0.0048669237568244855
780 0.2381226060724468 0.0048674617725638645
781 0.23821439256695884 0.0048683997855822995
782 0.23838085628464661 0.004870100502297344
783 0.2386448824127824 0.004872796771525987
784 0.2389912503285657 0.004876331665046122
785 0.23937182294974257 0.004880212686023978
786 0.2397126511994415 0.0048836857821330844
787 0.23991349349743807 0.0048857312421991825
788 0.2398654931534618 0.004885242464956796
789 0.239503068689703 0.004881550394332794
790 0.23886128171877338 0.004875005557428328
791 0.23808512303482332 0.004867078662291153
792 0.23736585714967035 0.0048597212693558605
793 0.23683986950000052 0.004854333866469222
794 0.23652215356637238 0.004851076778024031
795 0.2363246871005835 0.004849051333488236
796 0.23614337669152624 0.004847190858847025
797 0.23593913913443607 0.004845094266976975
798 0.23574493629493362 0.004843099844243844
799 0.23560490432482614 0.004841661235288203
800 0.23551895956692692 0.0048407780759184725
801 0.23544580123629508 0.004840026181571095
802 0.23534281728218714 0.004838967552475962
803 0.23519649132364875 0.004837462988476238
804 0.23502621025348627 0.004835711522037043
805 0.2348623635603879 0.004834025638836864
806 0.2347124390315389 0.004832482490965737
807 0.23455026460727466 0.00483081270198714
808 0.23434311066814492 0.004828678952664369
809 0.23408132538800527 0.004825981134298885
810 0.2337804403486205 0.004822878510802878
811 0.23347476691061506 0.004819724465783436
812 0.23322527776863927 0.004817148619266489
813 0.23312442832162342 0.004816107009824233
814 0.2332704328471502 0.004817614924202803
815 0.2337167212378671 0.004822221205015407
816 0.2344328909602975 0.004829603833049812
817 0.2353112481703436 0.004838642989710702
818 0.23621890813860522 0.004847965994008057
819 0.23705815280516224 0.004856570348033516
820 0.23779740641403393 0.004864136935551271
821 0.23846520712000419 0.004870962066263595
822 0.23911669454912277 0.00487761126707182
823 0.2397876014459645 0.004884449206266735
824 0.24046637036347346 0.0048913575479688125
825 0.241111219824722 0.004897911640102886
826 0.24169423588423547 0.004903829732625634
827 0.24222145163585354 0.004909175263338125
828 0.24270633007089396 0.004914086395583359
829 0.2431307770663734 0.004918381417676675
830 0.24344207592513928 0.004921529099682596
831 0.24359182974557536 0.004923042610592053
832 0.24357886730427356 0.004922911622003664
833 0.2434574934060486 0.004921684940408432
834 0.24330332370295504 0.004920126362651948
835 0.243161138393816 0.004918688503288982
836 0.2430157886941031 0.004917218209205329
837 0.24281249469703586 0.004915161038149516
838 0.242509990315458 0.0049120983433410675
839 0.24211945252337325 0.004908141531102757
840 0.24169797976677404 0.004903867713033697
841 0.24130800198544922 0.004899909940019214
842 0.24097761085430588 0.004896554391745175
843 0.24069045755961452 0.0048936361105754835
844 0.24041375661134878 0.004890822407125943
845 0.2401409066168064 0.004888046277076315
846 0.23990271826483942 0.004885621524565328
847 0.2397330132290531 0.004883893196390049
848 0.2396300015453492 0.004882843795411641
849 0.23955406655765019 0.004882070085819162
850 0.23945795500045836 0.004881090619181912
851 0.23932455711478062 0.004879730844192211
852 0.23919048061678058 0.004878363769935886
853 0.239136092616041 0.004877809108362466
854 0.2392400038553381 0.004878868764675404
855 0.23952984475524225 0.004881823261526008
856 0.2399690789394624 0.0048862971957816005
857 0.24048221784476537 0.004891518723146919
858 0.24098798527528795 0.004896659792345904
859 0.24142253846601983 0.004901072669509023
860 0.24175407298651014 0.004904436724350087
861 0.2419825565312142 0.004906753786542544
862 0.24211911423929894 0.004908138102326843
863 0.24216412664632722 0.004908594317532139
864 0.2421096227644249 0.004908041897766147
865 0.24196374548231472 0.004906563064160281
866 0.2417687158659178 0.004904585251295704
867 0.241588181702842 0.004902753727006816
868 0.2414688013444837 0.0049015422339281365
869 0.24140795968493303 0.004900924686754982
870 0.2413568171805876 0.004900405526494696
871 0.24125462295872319 0.004899367962779753
872 0.2410625113587947 0.004897416885415838
873 0.24077217700496437 0.004894466785988352
874 0.24039420688717192 0.004890623549593309
875 0.23994898273024867 0.00488609259003176
876 0.23947264301942772 0.004881240316552049
877 0.2390258013534863 0.004876684138552387
878 0.23868420979893976 0.004873198260265105
879 0.23850821984441362 0.004871401341880991
880 0.23850886198265425 0.004871407899539641
881 0.2386328436633143 0.004872673862711032
882 0.23878043169677357 0.004874180439054239
883 0.23885348052221697 0.004874925948069248
884 0.23880851211586124 0.004874467030808795
885 0.23867756254080377 0.004873130401498181
886 0.23853330816764196 0.004871657542857582
887 0.23841789028253593 0.0048704787883100805
888 0.2382992394998791 0.004869266718958031
889 0.23810109416956096 0.004867241905303856
890 0.2377702034910067 0.004863858710214362
891 0.23730394685545264 0.004859087466335578
892 0.23672130211491965 0.004853118619797702
893 0.23602942709504804 0.0048460212260209995
894 0.23523103957000457 0.004837818265302972
895 0.23436490224169382 0.004828903456952434
896 0.23353770654588354 0.00482037406758519
897 0.23290785567787287 0.004813869407799408
898 0.2326140730240876 0.004810832417969862
899 0.2326934628912434 0.004811653302878961
900 0.23305851355157658 0.0048154260965645925
901 0.23355509307759195 0.004820553499052587
902 0.23404699078136812 0.004825627188421039
903 0.23446159068644135 0.004829899448705341
904 0.23479004717452676 0.004833281359992201
905 0.2350710592100377 0.004836172888176403
906 0.2353664880482852 0.004839210897886712
907 0.2357275292938749 0.004842921037857349
908 0.2361727705899438 0.004847492526004204
909 0.23669163872374535 0.0048528145397151055
910 0.23725118663667563 0.0048585472714244285
911 0.23779275626520224 0.004864089376009707
912 0.23824044818272122 0.0048686660282814915
913 0.23852945380255133 0.004871618183107859
914 0.23862718810692182 0.004872616121612468
915 0.23853867485748376 0.004871712345535236
916 0.23831928379259046 0.004869471501304994
917 0.2380872433143901 0.004867100334255219
918 0.23799228923767848 0.004866129687739082
919 0.2381415487228827 0.004867655371976331
920 0.23854459114670323 0.0048717727598067044
921 0.23911722714473727 0.004877616699132782
922 0.23972520899741998 0.0048838137009891746
923 0.24023987441619035 0.004889053413590945
924 0.24059349559922547 0.004892650312565892
925 0.24081230676895263 0.004894874652079794
926 0.24099586252333274 0.004896739821000717
927 0.24124434238042491 0.0048992635733344165
928 0.24158419457783184 0.004902713269786351
929 0.24194847074454065 0.004906408190447953
930 0.24222341481451304 0.004909195157465007
931 0.24232112038256368 0.004910185167745426
932 0.2422238758580807 0.004909199829498416
933 0.24197934244540173 0.004906721199937284
934 0.2416690026628138 0.0049035737425503715
935 0.24137702719946222 0.004900610689987083
936 0.24116185975767662 0.0048984259606213556
937 0.24102818908895182 0.004897068228035443
938 0.24091656499327352 0.004895934140529803
939 0.2407299763870182 0.004894037835731651
940 0.2403910104343259 0.0048905910348756455
941 0.23989702424797005 0.00488556354486287
942 0.2393326142667037 0.00487981298453402
943 0.23881894990510674 0.004874573555704338
944 0.23843185037707024 0.004870621376915681
945 0.23816123453525476 0.00486785655856187
946 0.23794929522319502 0.004865690127489882
947 0.237758278676411 0.004863736740893296
948 0.23759142456020307 0.0048620298036425
949 0.23745650960528158 0.004860649169471205
950 0.23732395967167136 0.004859292355414715
951 0.23712124908342894 0.004857216626431773
952 0.23676809645454017 0.004853598270883095
953 0.23623608317115435 0.004848142234049474
954 0.2355934608117254 0.004841543652238045
955 0.23498613617765687 0.004835299238378745
956 0.23455391102050976 0.004830850252724803
957 0.2343477482963181 0.0048287267319796975
958 0.2343157744812105 0.004828397311100989
959 0.23436462734861147 0.0048289006249743254
960 0.2344412195212428 0.004829689621550854
961 0.234564796681709 0.004830962351450421
962 0.23478890982653566 0.004833269653513225
963 0.23514360081999044 0.004836919038525814
964 0.2356155610520213 0.004841770731479877
965 0.23616678331554417 0.0048474310806229754
966 0.23675491725877298 0.00485346318635754
967 0.23733890421505272 0.004859445350422691
968 0.2378837927572784 0.004865020370014176
969 0.23837144878771974 0.004870004404170488
970 0.23879805149075145 0.004874360270521728
971 0.2391472843535055 0.004877923249476913
972 0.23936776290999753 0.004880171298651724
973 0.23939368218014825 0.004880435509364044
974 0.2392058813948596 0.0048785208192220755
975 0.23888200978210347 0.004875217076078533
976 0.2385802465297555 0.004872136839395773
977 0.23845472680120905 0.004870855028015094
978 0.23856980654453683 0.004872030238799565
979 0.2388859563718323 0.004875257347847403
980 0.23931732245708945 0.004879657087763886
981 0.23979382859248943 0.004884512629027645
982 0.2402727274037357 0.0048893876930698275
983 0.24071052296715567 0.004893840087828075
984 0.24104639157020968 0.0048972531381700135
985 0.24122545812108354 0.004899071815936872
986 0.2412412989855398 0.0048992326701418724
987 0.2411550346631345 0.004898356645231131
988 0.24106743745109982 0.004897466924312908
989 0.24106189731488492 0.0048974106479654144
990 0.24116368942609934 0.004898444542494772
991 0.24134147924477634 0.0049002498165784695
992 0.24153598216655026 0.0049022240336772036
993 0.2416954653467654 0.004903842205135
994 0.24180999529632943 0.004905003936243599
995 0.2419192182578983 0.004906111579814206
996 0.2420677613437672 0.004907617572442031
997 0.24224273486098355 0.004909390935374146
998 0.2423660668805813 0.0049106405250718445
999 0.24235467673445554 0.004910525134392288
1000 0.2421827964262472 0.004908783529308997
