1 0.23887676371839725 0.004875163543709552
6 0.23887701687209217 0.004875166126977424
11 0.2388775895426557 0.004875171970700893
16 0.2388794193579925 0.004875190642706449
21 0.23888491210223173 0.004875246691949743
26 0.23889820789322175 0.0048753823626343385
31 0.23890902626106436 0.004875492750826728
36 0.2387136701739509 0.004873498996159223
41 0.23825459015474215 0.004868810528339172
46 0.2398607921080648 0.004885194592587105
51 0.2396218054893008 0.004882760290835061
56 0.23968019072225105 0.00488335511093739
61 0.24204323253469756 0.004907368920859115
66 0.24381452305768495 0.0049252924360735535
71 0.24347957238927445 0.004921908107364864
76 0.24037476945681777 0.004890425826283917
81 0.23717159407179317 0.0048577322350856125
86 0.23769408005470152 0.0048630800523490865
91 0.2390508303053526 0.004876939456381664
96 0.24117109192496317 0.004898519720586457
101 0.24257343822120112 0.004912740877633962
106 0.24298423334218353 0.004916898950960408
111 0.24255917155738443 0.004912596407048878
116 0.2422879697284134 0.004909849288195273
121 0.24100810639877393 0.004896864209673448
126 0.24270256158812673 0.0049140482451120095
131 0.2438756877418826 0.004925910190630295
136 0.2425130765445871 0.004912129599399304
141 0.24186428609435984 0.004905554537206703
146 0.24138007294746958 0.004900641608377147
151 0.24163141603982038 0.0049031924029030345
156 0.24134827142437612 0.004900318771038283
161 0.2417987987727679 0.004904890376777586
166 0.2408760018741018 0.0048955219589929275
171 0.24000988528054615 0.004886712631459906
176 0.23958637331742402 0.004882399277784768
181 0.24055521244568429 0.004892261038669926
186 0.2413712806389105 0.004900552354229092
191 0.24139928473134997 0.004900836629020309
196 0.2414393219208189 0.004901243025397465
201 0.24337412243330558 0.004920842163318566
206 0.24276695134339923 0.00491470005813405
211 0.24494295785200423 0.004936677023259745
216 0.24492725695459117 0.004936518799683266
221 0.24356750170200558 0.0049227967669901295
226 0.24302938783487588 0.0049173557908157965
231 0.24276083179820207 0.004914638114120448
236 0.24391929426637896 0.004926350562986102
241 0.24361577095256395 0.004923284533086724
246 0.24349671081014124 0.004922081329798744
251 0.2428679826452545 0.004915722616790636
256 0.24137079226587177 0.00490054739651654
261 0.24111617141064415 0.004897961932880279
266 0.24019576311969987 0.004888604544755669
271 0.23917451613812682 0.0048782009669814715
276 0.23951254096627497 0.004881646925326131
281 0.23867151557487595 0.004873068670014435
286 0.23635649713191687 0.004849377671135219
291 0.23568546038400895 0.004842488874715519
296 0.2361052913520246 0.004846799964221792
301 0.23657647358457926 0.004851633798681746
306 0.2383881323176735 0.004870174826096373
311 0.23837933877263057 0.004870085000952335
316 0.2387336723329999 0.004873703170599785
321 0.2389138967608162 0.004875542447494915
326 0.24098763770256185 0.004896656261161549
331 0.24122785686397305 0.004899096174030252
336 0.24208301903339316 0.004907772235180737
341 0.2419696244939554 0.00490662267136734
346 0.24155857647494658 0.00490245331581247
351 0.2394882124231041 0.004881398991807711
356 0.2399331430782475 0.004885931315575253
361 0.23924539137209005 0.0048789236987140236
366 0.23788349246977827 0.0048650172993861835
371 0.23721954869121792 0.004858223311867821
376 0.23449282627884138 0.004830221163971699
381 0.23502940799569275 0.004835744419019507
386 0.23527867981245482 0.004838308130856949
391 0.23498009628012387 0.004835237096628422
396 0.2344050821708202 0.004829317377043538
401 0.23549477578543634 0.004840529536852166
406 0.2376292874582068 0.004862417198106001
411 0.23703573856434046 0.004856340744222555
416 0.23678330451392618 0.004853754146245069
421 0.2379754396238092 0.0048659574261548195
426 0.2375951437349022 0.004862067857767351
431 0.23787632562681454 0.004864944013347595
436 0.24059383666578837 0.004892653780487645
441 0.24093428245319 0.0048961141653490374
446 0.24267081604248417 0.004913726855334853
451 0.24110222507382692 0.00489782027997036
456 0.23812739182998874 0.004867510685128764
461 0.2378484619881326 0.004864659077443128
466 0.23987910378659133 0.00488538106409181
471 0.24199043105443263 0.0049068336229424045
476 0.24375822817416373 0.004924723797324784
481 0.24284385971118735 0.00491547848292834
486 0.24019866670284262 0.0048886340923768815
491 0.24204744684849788 0.004907411642777692
496 0.24197147356002607 0.004906641418869613
501 0.24160301108466006 0.004902904197304642
506 0.2415589303653169 0.004902456906929808
511 0.24075005786070866 0.004894241959547062
516 0.2401951860720261 0.004888598672546397
521 0.23912056413047367 0.004877650733653759
526 0.2399151217400336 0.004885747821388009
531 0.24096132131080225 0.004896388890926471
536 0.2409548312308132 0.004896322950531209
541 0.24011568691891355 0.004887789598010469
546 0.23955978578649467 0.004882128363914385
551 0.2395671855231146 0.00488220376510275
556 0.23906468482800425 0.00487708077923153
561 0.23695923797648277 0.004855557016620441
566 0.23548627229476307 0.004840442142621838
571 0.233772138609615 0.0048227928778174015
576 0.23123776002143953 0.004796579122427979
581 0.2300720151747848 0.004784473287147976
586 0.231918747141241 0.004803636809007822
591 0.23325741934485192 0.004817480541725502
596 0.23373329335163137 0.004822392166214533
601 0.23460964801225015 0.004831424195545647
606 0.23518598785237518 0.004837354970876706
611 0.23469598237153752 0.004832313075327442
616 0.23410228271772732 0.004826197164804599
621 0.23474704183666942 0.004832838695536764
626 0.2342733579684015 0.004827960266164029
631 0.2350042632503005 0.004835485734764637
636 0.23605707508924065 0.0048463050441130435
641 0.23600178835289476 0.004845737486289892
646 0.23658729776931658 0.004851744786851972
651 0.23780883084967053 0.004864253777346916
656 0.23594939516481545 0.00484519957145121
661 0.23475965306760796 0.004832968510221224
666 0.23629582500149227 0.00484875521953762
671 0.23850270893726563 0.004871345062907528
676 0.2403495570262852 0.004890169346048848
681 0.2398758037401909 0.004885347459581478
686 0.23737895663893957 0.004859855364016967
691 0.24049955033949588 0.004891694995421147
696 0.24150989617604726 0.004901959305371751
701 0.2422712440851554 0.004909679816708469
706 0.24264723446922976 0.004913488103459325
711 0.2437168488829572 0.0049243057801964165
716 0.24459028936222182 0.004933121833159186
721 0.24384208350733444 0.0049255708022607906
726 0.24314824598476875 0.0049185581070728115
731 0.24449123594024605 0.0049321228317635545
736 0.2446240792412201 0.004933462574064441
741 0.24365216770710102 0.004923652294347742
746 0.24382665360429223 0.004925414959017584
751 0.2408548861135249 0.00489530737776783
756 0.23713783245586664 0.004857386471235566
761 0.23549115683454483 0.00484049234344538
766 0.23675660280526512 0.00485348046313342
771 0.23825724209785729 0.004868837624926529
776 0.2382361656704329 0.004868622269516026
781 0.23821439256695884 0.0048683997855822995
786 0.2397126511994415 0.0048836857821330844
791 0.23808512303482332 0.004867078662291153
796 0.23614337669152624 0.004847190858847025
801 0.23544580123629508 0.004840026181571095
806 0.2347124390315389 0.004832482490965737
811 0.23347476691061506 0.004819724465783436
816 0.2344328909602975 0.004829603833049812
821 0.23846520712000419 0.004870962066263595
826 0.24169423588423547 0.004903829732625634
831 0.24359182974557536 0.004923042610592053
836 0.2430157886941031 0.004917218209205329
841 0.24130800198544922 0.004899909940019214
846 0.23990271826483942 0.004885621524565328
851 0.23932455711478062 0.004879730844192211
856 0.2399690789394624 0.0048862971957816005
861 0.2419825565312142 0.004906753786542544
866 0.2417687158659178 0.004904585251295704
871 0.24125462295872319 0.004899367962779753
876 0.23947264301942772 0.004881240316552049
881 0.2386328436633143 0.004872673862711032
886 0.23853330816764196 0.004871657542857582
891 0.23730394685545264 0.004859087466335578
896 0.23353770654588354 0.00482037406758519
901 0.23355509307759195 0.004820553499052587
906 0.2353664880482852 0.004839210897886712
911 0.23779275626520224 0.004864089376009707
916 0.23831928379259046 0.004869471501304994
921 0.23911722714473727 0.004877616699132782
926 0.24099586252333274 0.004896739821000717
931 0.24232112038256368 0.004910185167745426
936 0.24116185975767662 0.0048984259606213556
941 0.23989702424797005 0.00488556354486287
946 0.23794929522319502 0.004865690127489882
951 0.23712124908342894 0.004857216626431773
956 0.23455391102050976 0.004830850252724803
961 0.234564796681709 0.004830962351450421
966 0.23675491725877298 0.00485346318635754
971 0.2391472843535055 0.004877923249476913
976 0.2385802465297555 0.004872136839395773
981 0.23979382859248943 0.004884512629027645
986 0.2412412989855398 0.0048992326701418724
991 0.24134147924477634 0.0049002498165784695
996 0.2420677613437672 0.004907617572442031
