1 0.23887676371839725 0.004875163543709552
2 0.23887686175459566 0.004875164544104995
3 0.23887688795649945 0.004875164811478294
4 0.23887692124142199 0.004875165151129146
5 0.23887696342430317 0.00487516558157781
6 0.23887701687209217 0.004875166126977424
7 0.23887708457410783 0.004875166817831978
8 0.23887717030139255 0.0048751676926224105
9 0.23887727880409962 0.00487516879982079
10 0.2388774160543972 0.004875170200368963
11 0.2388775895426557 0.004875171970700893
12 0.2388778086341728 0.004875174206382734
13 0.23887808499153126 0.004875177026422577
14 0.23887843306268508 0.004875180578250856
15 0.23887887062502186 0.004875185043271833
16 0.2388794193579925 0.004875190642706449
17 0.23888010538693397 0.004875197643140987
18 0.23888095969211423 0.004875206360700096
19 0.23888201820131696 0.0048752171619901785
20 0.23888332127121545 0.004875230458805311
21 0.23888491210223173 0.004875246691949743
22 0.2388868334183128 0.004875266297355024
23 0.23888912148656027 0.004875289645053059
24 0.23889179629169927 0.004875316938914773
25 0.2388948465027518 0.004875348063253019
26 0.23889820789322175 0.0048753823626343385
27 0.23890173412280236 0.004875418343762487
28 0.23890515870175844 0.004875453287408438
29 0.23890804411200742 0.004875482729301792
30 0.23890970144202317 0.004875499640138522
61 0.24204323253469756 0.004907368920859115
62 0.24258812524002296 0.0049128896004828745
63 0.24302112484436414 0.004917272195144544
64 0.2433491234763946 0.004920589426751644
65 0.24360643404854487 0.004923190186412406
66 0.24381452305768495 0.0049252924360735535
67 0.2439633761807932 0.004926795696188513
68 0.24402285396967371 0.004927396231114505
69 0.24396551420786872 0.004926817284673803
70 0.2437819072130284 0.004924962989033762
71 0.24347957238927445 0.004921908107364864
72 0.24306750738648317 0.004917741423289566
73 0.2425440953035622 0.004912443733577961
74 0.2419070734577019 0.004905988430249798
75 0.2411725036839668 0.0048985340579582055
76 0.24037476945681777 0.004890425826283917
77 0.23955436688524023 0.0048820731461301494
78 0.23876023741491212 0.0048739743236406955
79 0.2380581616697541 0.004866803074303584
80 0.23751584547561141 0.004861256423478414
81 0.23717159407179317 0.0048577322350856125
82 0.23702203922007645 0.004856200407483893
83 0.2370377232513373 0.004856361075114872
84 0.237181709061595 0.004857835821242987
85 0.23741445109406226 0.004860218689125458
86 0.23769408005470152 0.0048630800523490865
87 0.23798430092478623 0.00486604802019254
88 0.2382642813596429 0.004868909548804242
89 0.23852877361621372 0.004871611237193131
90 0.2387838961679598 0.004874215798728221
121 0.24100810639877393 0.004896864209673448
122 0.24096210394046888 0.0048963968425264895
123 0.2411242136795001 0.004898043616323623
124 0.24151518261472926 0.004902012954861676
125 0.24208044760432942 0.00490774616969765
126 0.24270256158812673 0.0049140482451120095
127 0.2432581861082085 0.0049196699509440845
128 0.24366858087416363 0.00492381812781338
129 0.24390690575307308 0.004926225458216052
130 0.24397302033380439 0.004926893076177927
131 0.2438756877418826 0.004925910190630295
132 0.24364148868959254 0.00492354439392212
133 0.2433261885722226 0.004920357546101114
134 0.24300068795950794 0.004917065431558519
135 0.24272137871269195 0.004914238738498459
136 0.2425130765445871 0.004912129599399304
137 0.24237160280685296 0.004910696607156707
138 0.2422711944080266 0.004909679313349496
139 0.24217114697809095 0.004908665467027598
140 0.24203568011416568 0.004907292358497662
141 0.24186428609435984 0.004905554537206703
142 0.24169516759189658 0.004903839184508735
143 0.24156573813203572 0.004902525988515359
144 0.24147799645305512 0.004901635558166503
145 0.24141540164965167 0.00490100022740321
146 0.24138007294746958 0.004900641608377147
147 0.24139082622201818 0.004900750766844822
148 0.24144983869155534 0.004901349769997958
149 0.24153143233619098 0.004902177861689548
150 0.2416014739014673 0.004902888600077848
181 0.24055521244568429 0.004892261038669926
182 0.24067407523172898 0.004893469567796157
183 0.24080775692608514 0.004894828410639691
184 0.24100016256549026 0.004896783506592493
185 0.2412139270629452 0.0048989547218343445
186 0.2413712806389105 0.004900552354229092
187 0.2414323420044491 0.004901172178375927
188 0.2414229775850314 0.004901077126742431
189 0.24139737212972312 0.004900817214367349
190 0.24138983767796868 0.004900740732053848
191 0.24139928473134997 0.004900836629020309
192 0.24140324744164965 0.004900876853903555
193 0.24138199996875234 0.004900661170103423
194 0.2413427779006669 0.004900263000656376
195 0.24133507530421672 0.004900184802647121
196 0.2414393219208189 0.004901243025397465
197 0.24172000799555998 0.004904091175924934
198 0.24216826702833563 0.004908636279504401
199 0.24268387400092895 0.004913859055776196
200 0.24312256731924745 0.004918298377986954
201 0.24337412243330558 0.004920842163318566
202 0.24340776524029967 0.004921182267723788
203 0.24326407872864708 0.004919729536959688
204 0.24302948498814697 0.0049173567736951855
205 0.24282169483517468 0.004915254154717186
206 0.24276695134339923 0.00491470005813405
207 0.24295018058275122 0.004916554402177446
208 0.24336729625991343 0.004920773152782346
209 0.24392413762373763 0.004926399472519642
210 0.24448646618415126 0.0049320747213730445
241 0.24361577095256395 0.004923284533086724
242 0.24348251813918367 0.004921937881251777
243 0.2434148934041198 0.004921254325278199
244 0.24341269071133384 0.004921232058695059
245 0.24345163071748505 0.004921625680618721
246 0.24349671081014124 0.004922081329798744
247 0.24351342565345943 0.0049222502651533806
248 0.24347531440798117 0.004921865069905768
249 0.24336261038528165 0.004920725779455211
250 0.24316024547928905 0.004918679472297271
251 0.2428679826452545 0.004915722616790636
252 0.24251161872391225 0.004912114835216376
253 0.24213735943405795 0.004908323028347426
254 0.24179585817076096 0.0049048605516204494
255 0.24153071313486962 0.004902170563145862
256 0.24137079226587177 0.00490054739651654
257 0.24131957306973714 0.00490002741766353
258 0.24134207364823904 0.004900255851023262
259 0.241363214469777 0.004900470469975338
260 0.24129923740594164 0.004899820954076226
261 0.24111617141064415 0.004897961932880279
262 0.24086237671826502 0.004895383499386418
263 0.24062922430273484 0.004893013584155148
264 0.2404684392408418 0.00489137858957465
265 0.24034900778704357 0.004890163758615132
266 0.24019576311969987 0.004888604544755669
267 0.23996266500344926 0.004886231894437123
268 0.23966979982344588 0.004883249255299909
269 0.2393891710928777 0.004880389526165953
270 0.2392061938568247 0.004878524005497629
301 0.23657647358457926 0.004851633798681746
302 0.23693730794865178 0.004855332326152136
303 0.23741720837640173 0.004860246911830914
304 0.23789446329310396 0.00486512948167625
305 0.23823816317518606 0.004868642680094144
306 0.2383881323176735 0.004870174826096373
307 0.23838252871051857 0.004870117586026131
308 0.23831730744459578 0.004869451310345128
309 0.23827825029762678 0.004869052273719418
310 0.23830129528416188 0.004869287722257121
311 0.23837933877263057 0.004870085000952335
312 0.2384901209910629 0.004871216508730959
313 0.2386121510466316 0.004872462595567759
314 0.23871792428125255 0.004873542421186542
315 0.23876727586354515 0.004874046163419104
316 0.2387336723329999 0.004873703170599785
317 0.23864622406640218 0.004872810468857713
318 0.23858284453340206 0.004872163366727773
319 0.23860594770531013 0.004872399259009092
320 0.23872193853018758 0.004873583397435579
321 0.2389138967608162 0.004875542447494915
322 0.23918967170663472 0.004878355520942709
323 0.23957584520971018 0.004882292003340292
324 0.24006644546030356 0.00488728839329342
325 0.24058189517362208 0.00489253235943924
326 0.24098763770256185 0.004896656261161549
327 0.24118219268058336 0.004898632455168726
328 0.24118604389685583 0.004898671565887271
329 0.24112915308575147 0.0048980937840421394
330 0.24113534914572415 0.004898156714400187
361 0.23924539137209005 0.0048789236987140236
362 0.2388320264666465 0.004874707007820619
363 0.23848306666600963 0.0048711444650785295
364 0.23822043460402972 0.004868461525901904
365 0.23802993310680928 0.004866514516816495
366 0.23788349246977827 0.0048650172993861835
367 0.23776665271406822 0.004863822392497582
368 0.23768213825805562 0.004862957889772563
369 0.23761553378952882 0.004862276480933605
370 0.23749707495385255 0.004861064330773683
371 0.23721954869121792 0.004858223311867821
372 0.2367185020163383 0.004853089916739239
373 0.23604116215567636 0.004846141693300772
374 0.23533739206737023 0.004838911777266706
375 0.23478343335963536 0.004833213285016841
376 0.23449282627884138 0.004830221163971699
377 0.23446486800630684 0.00482993320491686
378 0.23460189517791274 0.0048313443660476406
379 0.23478225720446186 0.004833201178932848
380 0.23492939376874325 0.00483471541012407
381 0.23502940799569275 0.004835744419019507
382 0.23510549194050823 0.004836527071589281
383 0.2351834776580941 0.004837329155705285
384 0.23526458087033583 0.004838163162242894
385 0.2353130313699959 0.004838661323407492
386 0.23527867981245482 0.004838308130856949
387 0.2351528112446831 0.004837013767113265
388 0.23500023817405916 0.004835444324277402
389 0.2349138522990742 0.004834555490106366
390 0.23492704068059925 0.004834691197445069
421 0.2379754396238092 0.0048659574261548195
422 0.2381318137383252 0.004867555878556514
423 0.23816403946092982 0.004867885223881119
424 0.2380601766378374 0.00486682367101836
425 0.23784952954954922 0.004864669994723116
426 0.2375951437349022 0.004862067857767351
427 0.23736806858273968 0.004859743907243678
428 0.23722706338160998 0.0048583002611646275
429 0.23722483898622485 0.0048582774838181915
430 0.23742388449922674 0.004860315245919802
431 0.23787632562681454 0.004864944013347595
432 0.23856316407025485 0.004871962412612129
433 0.23935576573285683 0.00488004899936533
434 0.24005481781558097 0.0048871700336844464
435 0.24048694089251071 0.004891566757390886
436 0.24059383666578837 0.004892653780487645
437 0.24046329525093574 0.004891326272237848
438 0.240285610572255 0.004889518773201007
439 0.2402563016976492 0.004889220564201967
440 0.24048060926502257 0.004891502363494306
441 0.24093428245319 0.0048961141653490374
442 0.24149326381297487 0.00490179050779451
443 0.24200681222059695 0.004906999700370176
444 0.24237494115169142 0.00491073042618095
445 0.2425840188223623 0.004912848018764938
446 0.24267081604248417 0.004913726855334853
447 0.2426503475681531 0.0049135196227253425
448 0.24249021006890836 0.004911898012423733
449 0.24215805370039492 0.004908532768748678
450 0.24167393614682284 0.004903623793609707
481 0.24284385971118735 0.00491547848292834
482 0.2420151831106083 0.004907084564922558
483 0.24122639374315158 0.004899081316748467
484 0.24061421547491962 0.004892860985185138
485 0.2402602325954733 0.004889260560963197
486 0.24019866670284262 0.0048886340923768815
487 0.24041474556715603 0.004890832466455151
488 0.2408319127968802 0.0048950739091218
489 0.24132299646593558 0.004900062173807693
490 0.24175687264293513 0.004904465122419795
491 0.24204744684849788 0.004907411642777692
492 0.24217327223022886 0.004908687005780295
493 0.24216749686990677 0.004908628474124577
494 0.24209277010121227 0.004907871076351419
495 0.24201366135612068 0.004907069137399375
496 0.24197147356002607 0.004906641418869613
497 0.24196425851275657 0.004906568265796744
498 0.2419483991726648 0.004906407464754455
499 0.24187599715321392 0.004905673299144274
500 0.24174342103408852 0.004904328675700754
501 0.24160301108466006 0.004902904197304642
502 0.2415225520418887 0.004902087742606787
503 0.24152818902201575 0.004902144948051415
504 0.24158188717042609 0.004902689856450187
505 0.24161093664106967 0.004902984614193778
506 0.2415589303653169 0.004902456906929808
507 0.24141608154321242 0.004901007128694775
508 0.24121598348451373 0.004898975604324018
509 0.24101217124768576 0.004896905504818086
510 0.24085055322001625 0.004895263345152803
541 0.24011568691891355 0.004887789598010469
542 0.24004529170755476 0.004887073063809015
543 0.23994774529029878 0.00488607999099113
544 0.23979840589072757 0.004884559247751089
545 0.2396388889930054 0.004882934342538467
546 0.23955978578649467 0.004882128363914385
547 0.2396180353327828 0.0048827218785484384
548 0.23976513194619253 0.004884220350185634
549 0.23986654348753356 0.004885253160807469
550 0.2398037309915236 0.004884613482110656
551 0.2395671855231146 0.00488220376510275
552 0.23925994609172624 0.004879072103425554
553 0.23901785321275842 0.00487660305756903
554 0.2389219657537343 0.004875624779217452
555 0.23896465923681443 0.00487606037773006
556 0.23906468482800425 0.00487708077923153
557 0.23909556168142926 0.004877395723378101
558 0.23892275945187136 0.004875632877617024
559 0.23846552690518028 0.0048709653322766095
560 0.23775945405890075 0.004863748763069699
561 0.23695923797648277 0.004855557016620441
562 0.2362593445681246 0.004848380918554316
563 0.235787737229874 0.00484353947148844
564 0.2355552635338926 0.004841151151351298
565 0.23548759106164527 0.0048404556962905795
566 0.23548627229476307 0.004840442142621838
567 0.23545538175499725 0.004840124653256315
568 0.2353007423800271 0.004838534974610575
569 0.23495332034203611 0.0048349616015979655
570 0.23441626187119147 0.004829432540241016
601 0.23460964801225015 0.004831424195545647
602 0.23495094485159854 0.004834937159649103
603 0.2351720103165357 0.004837211222289191
604 0.23524992000571202 0.004838012411203416
605 0.2352319226554528 0.004837827346168553
606 0.23518598785237518 0.004837354970876706
607 0.235147999736114 0.004836964281308444
608 0.23510812279711948 0.0048365541321515855
609 0.23503392520950206 0.00483579088977118
610 0.2348990344693127 0.004834403011337567
611 0.23469598237153752 0.004832313075327442
612 0.2344386102607117 0.004829662744976852
613 0.23417062609663286 0.004826901588845397
614 0.23397378085237397 0.004824872400987616
615 0.23394028037492587 0.0048245269748577145
616 0.23410228271772732 0.004826197164804599
617 0.23438290015443258 0.004829088869771762
618 0.23463885062564824 0.004831724877601832
619 0.2347688210414267 0.004833062879282532
620 0.2347797693226656 0.004833175571237385
621 0.23474704183666942 0.004832838695536764
622 0.23472325233127006 0.0048325938069232474
623 0.23469555806061826 0.004832308707114341
624 0.2346177178120131 0.004831507287376895
625 0.23446631321479086 0.00482994809040855
626 0.2342733579684015 0.004827960266164029
627 0.2341220386261205 0.004826400802070522
628 0.23410780852701055 0.004826254123855606
629 0.23428234752926505 0.004828052894763999
630 0.2346155370009713 0.004831484832489378
661 0.23475965306760796 0.004832968510221224
662 0.23493044112519937 0.004834726187116837
663 0.23516048454290164 0.004837092685043584
664 0.2354604316188521 0.00484017655659211
665 0.23584275961593984 0.004844104572023721
666 0.23629582500149227 0.00484875521953762
667 0.236788227072849 0.004853804599056033
668 0.23727984602370375 0.0048588407131218495
669 0.2377318184433194 0.004863466089563246
670 0.23812965304263026 0.0048675337955539875
671 0.23850270893726563 0.004871345062907528
672 0.2389010553292833 0.004875411417473866
673 0.2393389160669791 0.004879877228608065
674 0.23976819998382334 0.004884251599358049
675 0.24011733117757533 0.004887806333228248
676 0.2403495570262852 0.004890169346048848
677 0.24047327766324192 0.004891427798603419
678 0.24050430021562277 0.004891743300772497
679 0.24043475787454402 0.004891036020537742
680 0.24023569041329915 0.004889010839678658
681 0.2398758037401909 0.004885347459581478
682 0.23934581170579103 0.004879947525634971
683 0.2386921627435555 0.004873279446936532
684 0.238037905180074 0.004866596010528086
685 0.23755279092090884 0.004861634491516856
686 0.23737895663893957 0.004859855364016967
687 0.2375695346008431 0.004861805822312927
688 0.2380843982947469 0.004867071254500189
689 0.23882774167099255 0.004874663279981029
690 0.23967907559277118 0.004883343750842168
721 0.24384208350733444 0.0049255708022607906
722 0.24338730720492513 0.004920975454608443
723 0.2430719588407212 0.004917786453990934
724 0.24295089716749244 0.004916561652892917
725 0.2429922172540685 0.004916979729381646
726 0.24314824598476875 0.0049185581070728115
727 0.24340153468091022 0.004921119283055712
728 0.243736103951825 0.004924500300958194
729 0.24408743451135714 0.004928048204611065
730 0.24435697900935993 0.004930768462964234
731 0.24449123594024605 0.0049321228317635545
732 0.24452978461390443 0.004932511637724374
733 0.24455613951756164 0.00493277743840531
734 0.2446082488330069 0.004933302941394102
735 0.24465114485816583 0.004933735489787714
736 0.2446240792412201 0.004933462574064441
737 0.2444921368642023 0.004932131918926748
738 0.24426418359624888 0.004929832135821281
739 0.2439940389969151 0.0049271053014381455
740 0.2437665265584077 0.004924807624038781
741 0.24365216770710102 0.004923652294347742
742 0.24365882828490842 0.0049237195913995075
743 0.2437347396197275 0.004924486518299167
744 0.2438169745842293 0.00492531719763132
745 0.2438614457552037 0.004925766355522683
746 0.24382665360429223 0.004925414959017584
747 0.24365071957418724 0.0049236376626011725
748 0.24326343930335348 0.004919723071143635
749 0.24262988676306815 0.004913312459027245
750 0.24179005917688498 0.004904801734593852
781 0.23821439256695884 0.0048683997855822995
782 0.23838085628464661 0.004870100502297344
783 0.2386448824127824 0.004872796771525987
784 0.2389912503285657 0.004876331665046122
785 0.23937182294974257 0.004880212686023978
786 0.2397126511994415 0.0048836857821330844
787 0.23991349349743807 0.0048857312421991825
788 0.2398654931534618 0.004885242464956796
789 0.239503068689703 0.004881550394332794
790 0.23886128171877338 0.004875005557428328
791 0.23808512303482332 0.004867078662291153
792 0.23736585714967035 0.0048597212693558605
793 0.23683986950000052 0.004854333866469222
794 0.23652215356637238 0.004851076778024031
795 0.2363246871005835 0.004849051333488236
796 0.23614337669152624 0.004847190858847025
797 0.23593913913443607 0.004845094266976975
798 0.23574493629493362 0.004843099844243844
799 0.23560490432482614 0.004841661235288203
800 0.23551895956692692 0.0048407780759184725
801 0.23544580123629508 0.004840026181571095
802 0.23534281728218714 0.004838967552475962
803 0.23519649132364875 0.004837462988476238
804 0.23502621025348627 0.004835711522037043
805 0.2348623635603879 0.004834025638836864
806 0.2347124390315389 0.004832482490965737
807 0.23455026460727466 0.00483081270198714
808 0.23434311066814492 0.004828678952664369
809 0.23408132538800527 0.004825981134298885
810 0.2337804403486205 0.004822878510802878
841 0.24130800198544922 0.004899909940019214
842 0.24097761085430588 0.004896554391745175
843 0.24069045755961452 0.0048936361105754835
844 0.24041375661134878 0.004890822407125943
845 0.2401409066168064 0.004888046277076315
846 0.23990271826483942 0.004885621524565328
847 0.2397330132290531 0.004883893196390049
848 0.2396300015453492 0.004882843795411641
849 0.23955406655765019 0.004882070085819162
850 0.23945795500045836 0.004881090619181912
851 0.23932455711478062 0.004879730844192211
852 0.23919048061678058 0.004878363769935886
853 0.239136092616041 0.004877809108362466
854 0.2392400038553381 0.004878868764675404
855 0.23952984475524225 0.004881823261526008
856 0.2399690789394624 0.0048862971957816005
857 0.24048221784476537 0.004891518723146919
858 0.24098798527528795 0.004896659792345904
859 0.24142253846601983 0.004901072669509023
860 0.24175407298651014 0.004904436724350087
861 0.2419825565312142 0.004906753786542544
862 0.24211911423929894 0.004908138102326843
863 0.24216412664632722 0.004908594317532139
864 0.2421096227644249 0.004908041897766147
865 0.24196374548231472 0.004906563064160281
866 0.2417687158659178 0.004904585251295704
867 0.241588181702842 0.004902753727006816
868 0.2414688013444837 0.0049015422339281365
869 0.24140795968493303 0.004900924686754982
870 0.2413568171805876 0.004900405526494696
901 0.23355509307759195 0.004820553499052587
902 0.23404699078136812 0.004825627188421039
903 0.23446159068644135 0.004829899448705341
904 0.23479004717452676 0.004833281359992201
905 0.2350710592100377 0.004836172888176403
906 0.2353664880482852 0.004839210897886712
907 0.2357275292938749 0.004842921037857349
908 0.2361727705899438 0.004847492526004204
909 0.23669163872374535 0.0048528145397151055
910 0.23725118663667563 0.0048585472714244285
911 0.23779275626520224 0.004864089376009707
912 0.23824044818272122 0.0048686660282814915
913 0.23852945380255133 0.004871618183107859
914 0.23862718810692182 0.004872616121612468
915 0.23853867485748376 0.004871712345535236
916 0.23831928379259046 0.004869471501304994
917 0.2380872433143901 0.004867100334255219
918 0.23799228923767848 0.004866129687739082
919 0.2381415487228827 0.004867655371976331
920 0.23854459114670323 0.0048717727598067044
921 0.23911722714473727 0.004877616699132782
922 0.23972520899741998 0.0048838137009891746
923 0.24023987441619035 0.004889053413590945
924 0.24059349559922547 0.004892650312565892
925 0.24081230676895263 0.004894874652079794
926 0.24099586252333274 0.004896739821000717
927 0.24124434238042491 0.0048992635733344165
928 0.24158419457783184 0.004902713269786351
929 0.24194847074454065 0.004906408190447953
930 0.24222341481451304 0.004909195157465007
961 0.234564796681709 0.004830962351450421
962 0.23478890982653566 0.004833269653513225
963 0.23514360081999044 0.004836919038525814
964 0.2356155610520213 0.004841770731479877
965 0.23616678331554417 0.0048474310806229754
966 0.23675491725877298 0.00485346318635754
967 0.23733890421505272 0.004859445350422691
968 0.2378837927572784 0.004865020370014176
969 0.23837144878771974 0.004870004404170488
970 0.23879805149075145 0.004874360270521728
971 0.2391472843535055 0.004877923249476913
972 0.23936776290999753 0.004880171298651724
973 0.23939368218014825 0.004880435509364044
974 0.2392058813948596 0.0048785208192220755
975 0.23888200978210347 0.004875217076078533
976 0.2385802465297555 0.004872136839395773
977 0.23845472680120905 0.004870855028015094
978 0.23856980654453683 0.004872030238799565
979 0.2388859563718323 0.004875257347847403
980 0.23931732245708945 0.004879657087763886
981 0.23979382859248943 0.004884512629027645
982 0.2402727274037357 0.0048893876930698275
983 0.24071052296715567 0.004893840087828075
984 0.24104639157020968 0.0048972531381700135
985 0.24122545812108354 0.004899071815936872
986 0.2412412989855398 0.0048992326701418724
987 0.2411550346631345 0.004898356645231131
988 0.24106743745109982 0.004897466924312908
989 0.24106189731488492 0.0048974106479654144
990 0.24116368942609934 0.004898444542494772
