0.0 0.3679511249065399 0.13985857367515564
0.4646400064229965 0.3774951100349426 0.13492678105831146
0.6969600096344948 0.41106095910072327 0.11490724980831146
0.9292800016701221 0.4255147874355316 0.10998772829771042
1.1616000048816204 0.4691152572631836 0.11090333759784698
1.3939200080931187 0.4496941566467285 0.09997211396694183
1.6264800019562244 0.4303392767906189 0.07863502949476242
1.8588000051677227 0.4014556407928467 0.08862868696451187
2.0918400026857853 0.4448436498641968 0.06833891570568085
2.324400007724762 0.4934869706630707 0.08488773554563522
2.557200003415346 0.5772107243537903 0.0754489004611969
2.789760008454323 0.49837377667427063 0.06903480738401413
3.02208000048995 0.45939120650291443 0.06852804124355316
3.254640005528927 0.5032733082771301 0.09035958349704742
3.4871999993920326 0.5772107243537903 0.10239493101835251
3.7209600023925304 0.5971023440361023 0.08654557913541794
3.953520007431507 0.49837377667427063 0.09027629345655441
4.186320003122091 0.5672909021377563 0.09682715684175491
4.4186400063335896 0.6020843386650085 0.09745344519615173
4.650720007717609 0.5672909021377563 0.09144788235425949
4.883280001580715 0.6070801019668579 0.08670522272586823
5.115600004792213 0.7949270606040955 0.08410384505987167
5.34816000983119 0.9202494621276855 0.08598367869853973
5.580720003694296 0.8416023850440979 0.11872556060552597
5.813040006905794 0.820814847946167 0.09575778990983963
6.045840002596378 0.9308233261108398 0.09188511222600937
6.278640009462833 0.8834115266799927 0.10251733660697937
6.510960001498461 0.7179996967315674 0.11612991243600845
6.743520006537437 0.4691152572631836 0.10562222450971603
6.975840009748936 0.4691152572631836 0.08977890014648438
7.20864000543952 0.5573956370353699 0.11275722831487656
7.44072000682354 0.45939120650291443 0.0790708065032959
7.673040010035038 0.5130665302276611 0.1011761873960495
7.905360002070665 0.3015877604484558 0.0767037570476532
8.137440003454685 0.4496941566467285 0.09997211396694183
