1 0.9701186589227081 0.004924730117299314
2 0.9670673106196824 0.004916979054242217
3 0.9687899700870247 0.0049213564702217365
4 0.9697662641041379 0.004923835583940428
5 0.9751458285091856 0.004937473642382218
6 0.9756797741615235 0.00493882522576655
7 0.9741490735362598 0.004934949553403136
8 0.9720439100663816 0.004929614387285596
9 0.9700902894915466 0.0049246581091938165
10 0.9699050534732442 0.0049241879119243746
11 0.9691412385641736 0.004922248593784599
12 0.9718268067063116 0.004929063848569451
13 0.9719409353217836 0.004929353267791943
14 0.97501028241493 0.004937130473952161
15 0.9738658393991433 0.004934232082212125
16 0.9718691049098896 0.004929171114738751
17 0.971019424922925 0.00492701592025815
18 0.9716788793600775 0.004928688693717582
19 0.9711420559309941 0.004927327029304148
20 0.9698348532322091 0.00492400970611328
21 0.9705805654230025 0.004925902393558338
22 0.9731658767683 0.004932458532534887
23 0.9733427678569174 0.004932906795433923
24 0.9729549542511303 0.00493192397672465
25 0.9742378315294992 0.004935174368194921
26 0.9757812574435073 0.004939082069853093
27 0.9739724459204099 0.004934502143498482
28 0.9739794552842032 0.004934519899472266
29 0.972531708864646 0.004930851141275516
30 0.9732496674574209 0.004932670873109848
31 0.9717876453693287 0.0049289645352588425
32 0.9696205610684003 0.004923465677929136
33 0.9684231330909504 0.0049204246343171444
34 0.967282577637141 0.004917526278053811
35 0.9654626992518491 0.004912898099415333
36 0.9627317262069671 0.004905944700911174
37 0.9617159228053072 0.0049033558226065695
38 0.9644653334450753 0.004910359822844668
39 0.9635083433349969 0.004907923067531055
40 0.9612146037282014 0.004902077656058729
41 0.9592360957346306 0.004897029982108602
42 0.9602371821949979 0.00489958465662581
43 0.962247378569232 0.004904710462130018
44 0.9641869477755478 0.004909651102471102
45 0.9658392916642994 0.004913856178771323
46 0.9653331163875406 0.0049125683876763485
47 0.965939320866333 0.004914110629170476
48 0.9677935116310269 0.004918824864267004
49 0.9658864585753277 0.004913976161769328
50 0.9655687631901931 0.00491316795293274
51 0.9622405676880169 0.0049046931040887245
52 0.9622004643557671 0.004904590896494701
53 0.9604667617923075 0.0049001703335125185
54 0.9624908079533634 0.004905330819832131
55 0.9599354048517695 0.004898814690696412
56 0.9619251837905822 0.004903889257291264
57 0.9617333893959986 0.004903400349539249
58 0.9632808667002332 0.004907343672586475
59 0.9630585587667589 0.004906777376494596
60 0.9615661878119187 0.004902974092141998
61 0.961971643745025 0.004904007682156498
62 0.961072938867468 0.004901716405961757
63 0.9625780878774389 0.004905553225694306
64 0.9625403730364869 0.004905457122336927
65 0.9640508935161238 0.004909304695318302
66 0.9620051181357865 0.0049040930054830515
67 0.9626536158009229 0.004905745677083839
68 0.9635898252661419 0.004908130589654629
69 0.9670022034183667 0.004916813535187873
70 0.9662454809831358 0.00491488934552212
71 0.9673156106623875 0.004917610244924827
72 0.9669724476473053 0.004916737886599438
73 0.9656998417417823 0.004913501429484833
74 0.9646784338657436 0.004910902269479599
75 0.9641823407922769 0.004909639373051011
76 0.9658647860998478 0.004913921031777426
77 0.9680656190697075 0.004919516310712862
78 0.9686671650807566 0.004921044541741554
79 0.9659489579974707 0.004914135143034554
80 0.9638712211230478 0.004908847194769884
81 0.9631217511338653 0.004906938356212912
82 0.9647436034036946 0.0049110681464265785
83 0.9672389681612784 0.004917415424635358
84 0.9704026359020145 0.004925450857819238
85 0.972536522284934 0.00493086334356637
86 0.9748439050160701 0.004936709215845291
87 0.9744500112915229 0.0049357117560281565
88 0.9728242483193025 0.004931592690385269
89 0.9704239221778278 0.004925504878658958
90 0.97216952535811 0.00492993289910313
91 0.9717913812084042 0.004928974009448345
92 0.9735441823098587 0.004933417153841208
93 0.9708203814420364 0.004926510914572573
94 0.969551190404503 0.004923289552233397
95 0.9658518068691696 0.00491388801518453
96 0.9671419149233103 0.004917168710494587
97 0.9664639852373448 0.004915445034291356
98 0.9688172726745279 0.004921425816944528
99 0.97069097899392 0.0049261825717451585
100 0.9710313426660946 0.004927046155868609
101 0.9698634145073418 0.004924082210705221
102 0.9696287107993912 0.004923486368928335
103 0.970175111533275 0.004924873403805821
104 0.9674132922433262 0.004917858534010386
105 0.9675299812806945 0.004918155120215677
106 0.9668394156589565 0.004916399662942242
107 0.966093011950768 0.004914501556910686
108 0.9652392814435473 0.004912329619434397
109 0.9642688123583367 0.004909859525748875
110 0.9683763164804144 0.004920305698502817
111 0.9672176217399288 0.004917361162036238
112 0.9655512036462549 0.004913123278030201
113 0.9655673628151827 0.004913164390120655
114 0.9634433977190304 0.004907757654610423
115 0.9612200582711211 0.004902091564791979
116 0.9602250766241741 0.004899553772352058
117 0.9628182378634944 0.004906165121541912
118 0.9615238723457806 0.004902866208816132
119 0.9628565799552802 0.004906262809118473
120 0.9613737664898482 0.0049024834946293575
121 0.9624508789795513 0.004905229069843646
122 0.9611795916770411 0.004901988376642893
123 0.9596491613829327 0.004898084246619975
124 0.9584504165069528 0.004895024071929777
125 0.9600841453655121 0.004899194207894362
126 0.95903946156824 0.0048965280343789604
127 0.9586652802278074 0.004895572720106387
128 0.9571708177669213 0.00489175537981353
129 0.9555390949859867 0.004887584027511145
130 0.9562154592140474 0.004889313523579919
131 0.9565093362093587 0.004890064790656823
132 0.9577530534400706 0.004893242952063232
133 0.95858337958733 0.004895363596487637
134 0.9591161747950444 0.00489672386623438
135 0.9595540677468849 0.004897841559918059
136 0.960330446933935 0.0048998225912721596
137 0.9620487320022294 0.004904204171229042
138 0.961759725779383 0.004903467487141437
139 0.962705907851957 0.00490587891712753
140 0.9621836184601092 0.004904547962308332
141 0.9617375749038437 0.00490341101943931
142 0.9647878563422638 0.004911180780863362
143 0.9656471384712867 0.004913367349972241
144 0.9670703897296603 0.004916986881984427
145 0.969156686634262 0.004922287823844796
146 0.9694660755659473 0.004923073444926883
147 0.9694034386575966 0.004922914403218789
148 0.9684300573754863 0.004920442224953994
149 0.9641765572040675 0.0049096246479446845
150 0.9644489503470879 0.004910318117225514
151 0.967850956870926 0.004918970845242315
152 0.9675786558465591 0.004918278830105416
153 0.9685185454714551 0.004920667016933041
154 0.9696345913167895 0.004923501298665374
155 0.9696451873660652 0.0049235282003045645
156 0.9697651197672388 0.004923832678844315
157 0.9692677779704697 0.00492256992882835
158 0.9680797505931642 0.004919552217373044
159 0.9696311254173366 0.004923492499280606
160 0.969004303628222 0.004921900836625993
161 0.9712668781542616 0.004927643677187481
162 0.9702564798130177 0.004925079923263064
163 0.9724130381863436 0.004930550294888927
164 0.9718832080965583 0.004929206879209402
165 0.9691857933467436 0.004922361738900386
166 0.9661471143974997 0.0049146391641767635
167 0.9689756039168294 0.004921827948312221
168 0.9703732916889389 0.0049253763863747165
169 0.9694631102465835 0.00492306591578453
170 0.9678977920885863 0.00491908986061423
171 0.9686312029043764 0.004920953192968348
172 0.9691269526126218 0.004922212314622553
173 0.9694044194250954 0.004922916893530372
174 0.9695961570887528 0.004923403719201646
175 0.9712760039311079 0.004927666826577191
176 0.9747410178801111 0.004936448693482572
177 0.9740643255798428 0.004934734886060354
178 0.9735383214899966 0.0049334023040206836
179 0.9744088854752104 0.004935607601215469
180 0.9749408872481792 0.004936954773708188
181 0.9727075156967376 0.004931296801883516
182 0.9696985118886092 0.004923663580330396
183 0.9689732788001947 0.004921822043194046
184 0.9677484947334517 0.004918710463412142
185 0.9695860423868917 0.004923378038978869
186 0.9704744642367208 0.004925633143178531
187 0.9709705766121574 0.004926891988941428
188 0.9737790299633018 0.004934012161032088
189 0.9726738980016362 0.0049312115859979294
190 0.973588894443868 0.004933530441496908
191 0.9726206939394999 0.004931076718558819
192 0.9735061043325486 0.004933320673174603
193 0.9785709128270129 0.004946137187550069
194 0.9763756283989945 0.004940586095473676
195 0.9778949862578966 0.004944428674140219
196 0.9782786527398859 0.00494539852547908
197 0.9769585115484545 0.004942060607244476
198 0.9771090383484182 0.004942441321423688
199 0.9757254054142367 0.004938940715578377
200 0.9776291425546932 0.004943756549528911
201 0.9770683685130406 0.004942338461681998
202 0.9748533756187707 0.004936733195837288
203 0.9766473031214735 0.004941273402162772
204 0.9774543620588823 0.004943314607484411
205 0.9775153091460578 0.00494346872001474
206 0.97626280555271 0.0049403006381799315
207 0.9757302760413719 0.004938953042667799
208 0.9774303893209625 0.0049432539880239264
209 0.9755689510640984 0.004938544728278083
210 0.9738085891791705 0.004934087046822039
211 0.9732439446541665 0.004932656370794889
212 0.9752342338199703 0.004937697449420327
213 0.9770598802782273 0.004942316993470635
214 0.9760438382804907 0.004939746573837362
215 0.9769660807181525 0.004942079751979128
216 0.9776450473199149 0.004943796763636701
217 0.9801460255894803 0.00495011625091186
218 0.9806159914188818 0.004951302863227045
219 0.981369282057201 0.004953204246702982
220 0.9800095476084395 0.004949771605637958
221 0.9798446952903835 0.004949355275183325
222 0.980724338208653 0.00495157638668466
223 0.9811474891820988 0.004952644494370715
224 0.9807452122154416 0.00495162908176171
225 0.9786703626811636 0.004946388513293879
226 0.9770356731250572 0.004942255768888636
227 0.9772782514296321 0.004942869262158486
228 0.9754306026862556 0.004938194540894555
229 0.9750255889708667 0.004937169227475349
230 0.9775276189298558 0.004943499846299417
231 0.9779236805494527 0.004944501215588531
232 0.9766265488045388 0.004941220899432895
233 0.9764114052444176 0.004940676612361187
234 0.9751597427309268 0.004937508868322803
235 0.9759197660149914 0.004939432599708983
236 0.9770538695156703 0.004942301791157953
237 0.9775758750907092 0.0049436218640179575
238 0.9757763645100168 0.0049390696866318615
239 0.9785293154433802 0.004946032060496974
240 0.9773691999243824 0.004943099256052204
241 0.9773045731419672 0.004942935826571743
242 0.9766206407379748 0.0049412059535427965
243 0.9811307215556299 0.004952602174307404
244 0.9811685900141993 0.004952697750562679
245 0.97875805060169 0.004946610104150301
246 0.9811546671838742 0.0049526626109262515
247 0.9817036142111668 0.004954047901816608
248 0.9842240095522292 0.004960403259583138
249 0.9805892416867109 0.004951235330711824
250 0.9803692363815968 0.004950679869210219
251 0.9806118080347134 0.004951292301894024
252 0.9807201298638926 0.004951565762923178
253 0.9796090050963278 0.004948759984589233
254 0.9799141530832972 0.004949530693391659
255 0.9794980433995825 0.004948479700132537
256 0.9767171246348813 0.004941450027347723
257 0.976789519763774 0.004941633156256763
258 0.9761657238720366 0.004940054994993342
259 0.9756915237431157 0.004938854963471889
260 0.980687593067621 0.004951483624595526
261 0.9823912965432837 0.004955782750684027
262 0.9834376406778487 0.0049584212483023945
263 0.9830104132132494 0.0049573441063627335
264 0.9803848803695326 0.004950719368647936
265 0.9792808949350919 0.004947931146545435
266 0.978817672002412 0.004946760764127934
267 0.9799050774691614 0.0049495077729477645
268 0.9778486645762923 0.004944311567003814
269 0.9781958530484925 0.0049451892363694275
270 0.979890180928491 0.00494947015153639
271 0.9791916655192232 0.004947705720385383
272 0.9782047970826314 0.004945211844234771
273 0.9774681311803713 0.004943349424894988
274 0.9767309833620871 0.0049414850845630005
275 0.9763304044672596 0.0049404716746969165
276 0.9747943296319411 0.004936583686842103
277 0.9740669408759204 0.004934741510768698
278 0.9730389224092749 0.004932136790090801
279 0.9741944603851335 0.004935064514863772
280 0.9739155561909772 0.004934358029261793
281 0.9731666835070488 0.004932460576998578
282 0.9768858020490813 0.004941876699005569
283 0.9766078699348716 0.004941173646538425
284 0.9749272059323895 0.0049369201335186415
285 0.9747463916327671 0.0049364623007983775
286 0.9743533430460488 0.004935466931550881
287 0.973571666748152 0.004933486791791303
288 0.9736364573749097 0.004933650949394903
289 0.9722017527627497 0.00493001461202539
290 0.9736852885771631 0.004933774667588134
291 0.9712176543822342 0.004927518809199223
292 0.9722143647951601 0.0049300465895970435
293 0.9727139332779785 0.00493131306933552
294 0.9725196132972757 0.004930820478199406
295 0.9712782761460719 0.004927672590495843
296 0.9718830600069244 0.004929206503668152
297 0.9730643145139588 0.0049322011433832426
298 0.9749163135287547 0.004936892554497007
299 0.97297082662735 0.004931964205223022
300 0.9746144967681963 0.004936128308254826
301 0.9737351969902723 0.004933901111785204
302 0.9713649166037959 0.004927892365970457
303 0.971578751626417 0.004928434746064077
304 0.971603432321353 0.004928497343368623
305 0.9717739477695495 0.004928929797617464
306 0.9709635139047427 0.0049268740701389965
307 0.9727027787519423 0.004931284794518104
308 0.9753810482973181 0.0049380691027955765
309 0.9748978468185463 0.0049368457973576535
310 0.9766317101790171 0.004941233956346911
311 0.9767241011344858 0.004941467675222288
312 0.9783668764446649 0.004945621514880949
313 0.9774992342626087 0.0049434280730757795
314 0.9801067187685145 0.004950016992597824
315 0.9797047953145066 0.004949001933779304
316 0.9770538530122777 0.004942301749417805
317 0.9767501795687692 0.0049415336431244405
318 0.9788023665122461 0.004946722088439718
319 0.9784379397146874 0.004945801123197595
320 0.9774567592083582 0.00494332066907522
321 0.9789384983466566 0.0049470660715370965
322 0.9794761236791852 0.004948424329987083
323 0.9797934338279454 0.004949225808488694
324 0.9792541801669448 0.004947863656341363
325 0.976168674818684 0.004940062461874913
326 0.9788401856707225 0.004946817653727421
327 0.9775408343823644 0.004943533262422591
328 0.9771598128960809 0.004942569734401453
329 0.9794800859635896 0.004948434338931785
330 0.9814002027917502 0.0049532822782401885
331 0.9805106147692413 0.0049510368234473474
332 0.9812782638283838 0.004952974546049281
333 0.9818928092850028 0.004954525253784584
334 0.984620518057823 0.00496140234313114
335 0.9832435650206462 0.004957931966469041
336 0.9862732538033511 0.004965564580639353
337 0.9862629290283136 0.004965538589631686
338 0.9862062189994887 0.004965395828570557
339 0.986507170106731 0.0049661533919268044
340 0.9825737043971159 0.004956242817737154
341 0.983810361152708 0.004959360774090366
342 0.9843413769722716 0.004960699011552198
343 0.9857732771326073 0.004964305811248938
344 0.9878903008263981 0.004969633566018885
345 0.9868141454817186 0.004966926000717299
346 0.9878828620759529 0.004969614855473058
347 0.9880427422528626 0.00497001698349244
348 0.9873046638200601 0.004968160308926142
349 0.9867886754073628 0.004966861901113815
350 0.9857128839679135 0.004964153740414044
351 0.986573816929669 0.004966321141724232
352 0.986491187929933 0.004966113164006832
353 0.9879297251304643 0.004969732728036147
354 0.9892719931062117 0.004973107689147737
355 0.9875289821228309 0.004968724666634021
356 0.9878927452595628 0.004969639714439201
357 0.9890891967020898 0.0049726482057058105
358 0.988399932959725 0.004970915266222992
359 0.9887500563865148 0.004971795618258119
360 0.9876774566661078 0.004969098175367271
361 0.9847178633268223 0.004961647593509413
362 0.9854261251086898 0.00496343161400565
363 0.983629067270409 0.004958903804318152
364 0.981940562310156 0.004954645730628033
365 0.9814825894957487 0.004953490183249579
366 0.9817157379119812 0.004954078492113047
367 0.979286331554811 0.004947944881104561
368 0.9781554729433805 0.004945087166154467
369 0.9788493977398911 0.004946840931439064
370 0.9783036593089772 0.004945461731733905
371 0.980037745668095 0.004949842815633499
372 0.9789748191738213 0.004947157844342765
373 0.9825364962031943 0.004956148975112965
374 0.9838854643033718 0.0049595500669287074
375 0.9822796895944255 0.00495550123582131
376 0.9816279689469479 0.004953857030826401
377 0.9808139929920981 0.00495180271040586
378 0.9795324007406379 0.004948566486989866
379 0.9783559496178736 0.004945593897377814
380 0.9777596822342007 0.004944086600478599
381 0.9772978932452993 0.00494291893400934
382 0.9761446662555758 0.004940001711856141
383 0.9768575266485754 0.0049418051785915336
384 0.9758929467524362 0.004939364728940039
385 0.9762684994380656 0.004940315044886958
386 0.975821819279906 0.00493918472408807
387 0.9768652578227042 0.004941824734094619
388 0.9773329606174191 0.004943007614044333
389 0.975763819290264 0.004939037936573138
390 0.9738834048243499 0.0049342765808947295
391 0.972600367439375 0.004931025191763305
392 0.9736236906393055 0.004933618603223375
393 0.9729473924765694 0.0049319048113102785
394 0.9712508376511212 0.004927602986924072
395 0.9722255800182149 0.0049300750254105425
396 0.9689212432568299 0.004921689886235521
397 0.9711183973759929 0.004927267010202511
398 0.9732758918502429 0.004932737328528017
399 0.9713178832288697 0.004927773060542093
400 0.971893668296421 0.004929233405210653
401 0.969732026740876 0.0049237486657614255
402 0.9694295450210101 0.004922980690649843
403 0.9659102001925877 0.004914036554491121
404 0.9683291780744155 0.004920185942274633
405 0.9698971608532755 0.004924167876549381
406 0.9686832844631252 0.0049210854865941725
407 0.9687631398751277 0.004921288322349024
408 0.970716890016519 0.004926248319536637
409 0.9692629978043936 0.004922557790422779
410 0.968253734385552 0.004919994269744172
411 0.9649086604347736 0.004911488243360273
412 0.9678155644080154 0.004918880905730675
413 0.9696133938935905 0.004923447481427427
414 0.9673358864718864 0.004917661783432491
415 0.9658134374136126 0.004913790409589641
416 0.9624257181934182 0.004905164952168195
417 0.9637573128778381 0.004908557127653702
418 0.9629069043889145 0.004906391022227355
419 0.9638202397783036 0.0049087173729975685
420 0.9641526479166902 0.004909563774055211
421 0.9629496935609705 0.004906500034882894
422 0.9626224444469 0.004905666250813238
423 0.9640426864429097 0.004909283798543511
424 0.9642860944372666 0.004909903523956938
425 0.9659835373398766 0.004914223101119492
426 0.966340392672025 0.0049151307277603565
427 0.9672980636245633 0.004917565642168837
428 0.9654574137713766 0.004912884651426857
429 0.9662986672118982 0.004915024611785774
430 0.9672560659744522 0.0049174588868414115
431 0.9669498893462724 0.004916680535482303
432 0.9656758679212889 0.004913440439450839
433 0.9649598816088792 0.00491161860225652
434 0.9655332884656834 0.004913077697900087
435 0.9664170277996738 0.004915325619853218
436 0.9669527671906503 0.004916687852009802
437 0.9658960045457182 0.004914000444413848
438 0.9676538166239763 0.004918469850483817
439 0.9704920253014082 0.004925677708478359
440 0.9688688369163724 0.004921556783960517
441 0.9701194729129173 0.004924732183377118
442 0.9682544832707873 0.0049199961724016176
443 0.9691432231819922 0.00492225363369874
444 0.9685618445534235 0.00492077700862306
445 0.9685825933540383 0.004920829715466096
446 0.9685445168098149 0.004920732991638394
447 0.9685932139080962 0.004920856693957708
448 0.9680540118615366 0.004919486817866531
449 0.9684851067104283 0.004920582071513313
450 0.969175401715703 0.004922335349995131
451 0.9699454785569233 0.004924290529512322
452 0.9721253901918152 0.004929820991728849
453 0.9700036544685238 0.004924438203171003
454 0.9690410031230435 0.004921994040321447
455 0.9708062769043021 0.0049264751271020975
456 0.9710776831993447 0.004927163721189207
457 0.9685475325026043 0.0049207406523123194
458 0.9687883454796954 0.004921352343798368
459 0.9679723925447459 0.004919279425710775
460 0.9675906936568556 0.004918309424581141
461 0.9680798377729253 0.004919552438886497
462 0.9683130964422262 0.004920145085843298
463 0.9694273223267121 0.00492297504697649
464 0.9689847133309349 0.004921851083499208
465 0.9697960031397013 0.004923911080997998
466 0.9668036894232972 0.004916308827756625
467 0.9623767284606717 0.004905040108362791
468 0.96413605047866 0.004909521515948385
469 0.9644101773420027 0.004910219413347615
470 0.9625218987489721 0.004905410046254376
471 0.9643836936303815 0.004910151993005746
472 0.9647557556890091 0.004911099077190548
473 0.9644607954896417 0.0049103482708378315
474 0.9663734140487134 0.004915214705930957
475 0.9707563214038714 0.004926348372824614
476 0.9737439598432043 0.004933923312355074
477 0.9726433676699485 0.004931134194846049
478 0.9719489309999454 0.004929373543427933
479 0.9694956525994174 0.0049231485423445005
480 0.9718517147896637 0.004929127014529515
481 0.9694123158709943 0.00492293694371117
482 0.9710008271206828 0.00492696873680119
483 0.971524190066803 0.004928296359514815
484 0.9700199589030591 0.004924479589532048
485 0.9682663763407223 0.004920026388465622
486 0.9676723560451441 0.004918516967100182
487 0.9648617078697979 0.004911368745118761
488 0.9657595494679139 0.0049136533242302004
489 0.965416158269322 0.0049127796826911934
490 0.9615668315396966 0.004902975733308321
491 0.9587510826049361 0.004895791796767979
492 0.9581539640922936 0.004894266988459816
493 0.9578832553830596 0.004893575547237976
494 0.9583273954831357 0.004894709913686835
495 0.9610473751249531 0.004901651214734178
496 0.9610649427057483 0.004901696014690175
497 0.9635549916980888 0.004908041874912337
498 0.963749448084485 0.004908537099340705
499 0.9649691728091829 0.004911642248173449
500 0.9633890545086319 0.004907619241150738
501 0.9638239017003145 0.004908726698036812
502 0.9625114706443442 0.004905383473213376
503 0.9632665982117774 0.00490730732771643
504 0.967457117612498 0.004917969926176817
505 0.9678307993371721 0.00491891962101382
506 0.9668808052600493 0.004916504895331316
507 0.967550255823898 0.004918206649795137
508 0.969520269560243 0.004923211045041223
509 0.9725206931536476 0.004930823215715628
510 0.9736965904706874 0.004933803301498296
511 0.9734662306251952 0.0049332196405266196
512 0.9741644089050799 0.004934988397033812
513 0.9754037108706839 0.004938126469454222
514 0.9750081337194579 0.00493712503380659
515 0.9760247509214276 0.004939698273149521
516 0.9757730037288789 0.004939061181021797
517 0.9756704304662749 0.004938801577132285
518 0.9748033431980705 0.00493660651017996
519 0.9734004808731909 0.004933053038216819
520 0.9750222660666782 0.004937160814488824
521 0.9770935060105881 0.004942402038206371
522 0.9770814299964471 0.004942371496246492
523 0.9770047653371507 0.004942177596000291
524 0.9779795991552733 0.004944642579207994
525 0.9770205883384708 0.00494221761615617
526 0.9761399958052631 0.004939989893904902
527 0.9725856109469461 0.004930987784358194
528 0.9750451847407225 0.004937218840094197
529 0.975327863954908 0.004937934472571509
530 0.9761995962522722 0.004940140702760749
531 0.9783876980395129 0.004945674140936705
532 0.9768197818058365 0.004941709704350884
533 0.9775076870721159 0.0049434494468856074
534 0.975113313202506 0.004937391324023608
535 0.9735617887776438 0.004933461763864593
536 0.9736251249441009 0.00493362223723017
537 0.9728918560094065 0.004931764051141518
538 0.9743367770796318 0.004935424974940606
539 0.9745368797374953 0.004935931750922687
540 0.9771025164122291 0.00494242482667262
541 0.9763446118607068 0.004940507621016536
542 0.9762367397223699 0.0049402346857042815
543 0.9757798149587049 0.0049390784191611975
544 0.9763962750623166 0.004940638332581763
545 0.9757789701820215 0.0049390762811690365
546 0.9739643634295276 0.004934481669022282
547 0.9710110671882106 0.004926994716366886
548 0.9690124397430196 0.004921921499623063
549 0.9679287904874907 0.0049191686306507615
550 0.9670875685429937 0.004917030553895796
551 0.9669977405747496 0.004916802189300996
552 0.968402045112048 0.004920371061466492
553 0.971360614427381 0.004927881453137687
554 0.977415793584426 0.004943217079665549
555 0.9745673059361567 0.004936008803146652
556 0.9765791033135386 0.00494110087325739
557 0.9768081077832312 0.004941680174951379
558 0.9761349437739605 0.0049399771103820584
559 0.9756687864336807 0.004938797416119542
560 0.9745406697281673 0.004935941348875056
561 0.9753743262404333 0.004938052086861825
562 0.9761696831378625 0.004940065013256946
563 0.9757600945212174 0.0049390285097052735
564 0.9769989849117038 0.00494216297584059
565 0.9749990057690309 0.00493710192326193
566 0.9750178346216876 0.004937149594857139
567 0.9739703712362938 0.004934496887939809
568 0.979281681054796 0.004947933132525866
569 0.9804719919472137 0.004950939310531968
570 0.9830373479970855 0.004957412022264471
571 0.9836696701620855 0.004959006151718672
572 0.9849766574690868 0.004962299537089879
573 0.9848337864069561 0.0049619396327657585
574 0.9884002844465339 0.004970916150081302
575 0.9876043927129701 0.004968914376158103
576 0.985798767960865 0.0049643699961136175
577 0.9855081000510675 0.004963638056959001
578 0.984673810590122 0.0049615366091311525
579 0.9860955885648528 0.004965117317193108
580 0.9846715128560736 0.004961530820260703
581 0.9844523672849051 0.004960978677746961
582 0.9845116670640183 0.004961128091024602
583 0.9825397162076664 0.004956157096342482
584 0.983822642515128 0.004959391728997612
585 0.9804807448202524 0.00495096140950412
586 0.9799026791018678 0.004949501715858614
587 0.9830909678440115 0.004957547221628813
588 0.9832445008516305 0.004957934325897271
589 0.9838105807223966 0.004959361327512694
590 0.9848588354915135 0.004962002735421667
591 0.9865629933384344 0.004966293899172035
592 0.9831900596138204 0.004957797066132382
593 0.9812568073729756 0.004952920395324483
594 0.9786491882041018 0.004946335003061713
595 0.9781667166466348 0.00494511558747113
596 0.9771740646359123 0.004942605777615769
597 0.9752898576506225 0.004937838261607293
598 0.9754624271765406 0.004938275097236512
599 0.9747262820791956 0.0049364113795710984
600 0.9734103280551119 0.004933077990201534
601 0.9724182602345766 0.0049305635338809375
602 0.9705649910488641 0.004925862871772438
603 0.9702143790125587 0.004924973069013307
604 0.9718554618397763 0.004929136516837249
605 0.9728786773652992 0.004931730648568071
606 0.970291602625315 0.004925169065204318
607 0.9716441908314767 0.004928600716872425
608 0.9720975564015536 0.004929750416169824
609 0.9721223162344992 0.004929813197430173
610 0.9747656430466313 0.004936511048560033
611 0.9718544084374188 0.004929133845470138
612 0.9698321563016599 0.00492400285973042
613 0.9709450593594531 0.004926827248785054
614 0.9701982270411589 0.0049249320737668155
615 0.9685808003396172 0.004920825160809226
616 0.9674138766941414 0.004917860019541967
617 0.9680435303844674 0.004919460185247268
618 0.968941281636157 0.004921740779009136
619 0.9695670034855808 0.00492332970073726
620 0.9728444807144206 0.004931643972728029
621 0.9737032240895194 0.0049338201080246155
622 0.9742181029569348 0.004935124398651856
623 0.9773709040850331 0.004943103565494109
624 0.9775083521546821 0.0049434511286122725
625 0.9782729994416068 0.004945384236169338
626 0.9793725724470886 0.004948162746795871
627 0.978971982694072 0.004947150677394784
628 0.9796564625278165 0.004948879855166351
629 0.9815191685048473 0.004953582488541705
630 0.9833807946571153 0.0049582779394748925
631 0.9838583160984451 0.004959481642393914
632 0.9815174301005621 0.004953578101804739
633 0.981384045700976 0.0049532415043741515
634 0.9812817146209684 0.004952983254931072
635 0.9835601230045538 0.004958730012192287
636 0.9840222996038211 0.004959894933254108
637 0.9815488919558268 0.0049536574929106006
638 0.9787645065774832 0.004946626418265117
639 0.9785166504785298 0.004946000052500945
640 0.978827802534827 0.004946786362966226
641 0.9774173232919926 0.004943220947862514
642 0.9771060929304095 0.004942433872118607
643 0.9783944685763097 0.004945691253177023
644 0.978768437867819 0.004946636352526615
645 0.9807330466585829 0.004951598370670187
646 0.9801775394277559 0.004950195828803832
647 0.9791436732509201 0.004947584470103975
648 0.977626795424804 0.004943750614944301
649 0.9753010759240252 0.004937866660272527
650 0.9758576246968856 0.004939275338964093
651 0.9766196592176981 0.004941203470544357
652 0.9767853622218003 0.004941622639626152
653 0.9739140156232687 0.004934354126605346
654 0.975140302355133 0.004937459652024142
655 0.9754625711974789 0.004938275461789245
656 0.977887591475681 0.004944409979370914
657 0.9758151476787692 0.004939167839690687
658 0.9740884808457354 0.004934796072519589
659 0.975418664201608 0.004938164321040913
660 0.9726785385494335 0.004931223349187944
661 0.9751344938234225 0.00493744494673835
662 0.9767890451943739 0.004941631955819965
663 0.9783935215800652 0.00494568885968834
664 0.9784270339388899 0.004945773559901907
665 0.9774090289461841 0.0049431999737760334
666 0.980661309269398 0.004951417270809961
667 0.9765752300249771 0.004941091074599809
668 0.9720422599459816 0.004929610203081245
669 0.9722501886642315 0.004930137419213956
670 0.9718662816115231 0.004929163955065297
671 0.9755786710922751 0.0049385693306776834
672 0.9756184147652273 0.004938669924761573
673 0.97617785189265 0.0049400856828679795
674 0.9747652034402157 0.004936509935409303
675 0.9765059192405917 0.004940915728674395
676 0.9776147585496854 0.0049437201802773004
677 0.9776046099947572 0.004943694519992628
678 0.9788280359977559 0.004946786952902046
679 0.9802702440786741 0.004950429916664229
680 0.9811211413908895 0.004952577994623951
681 0.9864208229965491 0.004965936048155357
682 0.9851436047941465 0.00496272005849341
683 0.9888502675039135 0.004972047560883943
684 0.9899419079024576 0.004974791247674891
685 0.991062459081529 0.004977606024758711
686 0.9928034282262173 0.004981976110620096
687 0.9933324437340391 0.004983303257340861
688 0.9887742156772338 0.004971856358746194
689 0.9894399731298323 0.00497352989218875
690 0.9911504837251317 0.004977827071506948
691 0.992636534602816 0.004981557349480222
692 0.9929613460105524 0.004982372317625336
693 0.9911364569869048 0.004977791848336778
694 0.990547734921378 0.004976313257178958
695 0.9897858293920864 0.004974399058694665
696 0.9894504643879499 0.004973556259855793
697 0.9883789591912608 0.004970862524728649
698 0.9888385261877143 0.004972018042483746
699 0.9902782813585759 0.004975636370800637
700 0.9898526716197126 0.004974567021445243
701 0.9875453664343214 0.004968765885067331
702 0.9872567928474347 0.004968039863050705
703 0.9868508615119344 0.004967018401150391
704 0.987050386360491 0.00496752050007174
705 0.9837732543831119 0.0049592672461097045
706 0.9823026019317733 0.004955559030691315
707 0.9805376303682158 0.004951105029901212
708 0.9815472613017311 0.00495365337813583
709 0.9807029664394257 0.004951522434457589
710 0.979483933759238 0.004948444058652323
711 0.9792903157938176 0.004947954946482945
712 0.9812604486371553 0.004952929585005896
713 0.979912165234975 0.004949525673094094
714 0.9778096355064175 0.0049442128943695965
715 0.9795109771972785 0.0049485123711646515
716 0.9784695340878857 0.004945880974059208
717 0.9788266328276424 0.004946783407240376
718 0.9774129218722463 0.004943209817911026
719 0.9804516209861764 0.004950887878203208
720 0.9817821548000697 0.00495424607061829
721 0.9829424693414548 0.004957172782148771
722 0.9823601693961059 0.004955704237874745
723 0.9806140939205478 0.004951298072823074
724 0.982312492730441 0.004955583979374735
725 0.9816797745015592 0.0049539877493537535
726 0.9817322989808588 0.004954120278388826
727 0.9829759175822418 0.004957257124469646
728 0.9845017778078874 0.004961103174108309
729 0.9835721926651009 0.004958760437380835
730 0.9849425962117487 0.004962213736263284
731 0.9840782639748742 0.004960035973479509
732 0.9831675907013511 0.00495774041536396
733 0.9835298004671458 0.004958653574345898
734 0.9821610650760566 0.0049552020024652985
735 0.9829261362710181 0.004957131596529526
736 0.982095548835481 0.0049550367283406165
737 0.9819779862171412 0.004954740145932485
738 0.9848208553155013 0.004961907056961246
739 0.9821529371077304 0.004955181498797577
740 0.981824304718862 0.004954352417442431
741 0.9814186047677758 0.004953328716866446
742 0.9791694806388197 0.004947649671664144
743 0.980104618161567 0.004950011688050137
744 0.9779675518321884 0.004944612123618635
745 0.97694996868476 0.004942038999652171
746 0.978294110867312 0.0049454375973214315
747 0.9784254961921448 0.004945769673383078
748 0.9781063161782422 0.004944962908023096
749 0.9795301522020062 0.004948560807213835
750 0.9774099468857985 0.004943202294993598
751 0.9785999661293194 0.004946210611228661
752 0.9807727522412842 0.004951698603913775
753 0.9806830256292371 0.004951472094102607
754 0.9799595607301498 0.00494964536871172
755 0.9786073665003387 0.004946229313316198
756 0.9780921512829336 0.00494492710151907
757 0.9799473289220025 0.004949614477997502
758 0.9812457979058413 0.004952892609954306
759 0.9803505199056431 0.004950632611646672
760 0.979756050987119 0.004949131391707042
761 0.9810655208885659 0.004952437609931162
762 0.9836602351610872 0.0049589823691717425
763 0.9848401731195862 0.004961955721994002
764 0.9831415969848507 0.00495767487671528
765 0.9803086322718418 0.004950526847179348
766 0.9823777490772228 0.004955748579712479
767 0.9802703949289728 0.004950430297566234
768 0.9786371042366371 0.004946304465287567
769 0.9790943703094647 0.004947459905372117
770 0.9810731793507711 0.004952456939925659
771 0.9830239470892495 0.004957378232069133
772 0.9823581294064142 0.004955699092312494
773 0.9823923593996869 0.004955785431532291
774 0.981270137431928 0.004952954037127596
775 0.980464358080941 0.004950920036711553
776 0.9815568480434526 0.004953677569166374
777 0.9828907223196939 0.004957042295211829
778 0.9837487573532193 0.004959205500136365
779 0.9869944032141629 0.00496737962511021
780 0.9871218105524633 0.004967700224797293
781 0.9865185571395777 0.004966182053446114
782 0.9863140694377027 0.004965667326288543
783 0.9875267769987494 0.004968719119120616
784 0.9861672276740457 0.004965297669952886
785 0.9890977386467156 0.004972669677982553
786 0.9880957992865123 0.0049701504244900364
787 0.9860762913181422 0.004965068734903683
788 0.986780607671642 0.004966841597166231
789 0.9880353719905576 0.004969998446643995
790 0.9889904928495475 0.004972400082592881
791 0.986710582346807 0.004966665362011166
792 0.9867136436296307 0.00496667306657816
793 0.9874433455648027 0.004968509222980685
794 0.985515661172133 0.0049636570982009185
795 0.9912811528179953 0.004978155188539566
796 0.9911038456163002 0.004977709955501061
797 0.9883599562464257 0.0049708147386646594
798 0.9900556520067005 0.004975077040667681
799 0.9902258226709613 0.0049755045801637005
800 0.990991251312863 0.004977427201223423
801 0.9898980943802009 0.004974681157609476
802 0.991540548002952 0.004978806479556676
803 0.9885459450991329 0.0049712824188022555
804 0.9875031604533723 0.0049686597057027465
805 0.9874616483145928 0.004968555269652709
806 0.9858624418658597 0.004964530320781085
807 0.9839858910333743 0.00495980317499082
808 0.9879259528842418 0.004969723239975949
809 0.9868526494444745 0.004967022900659967
810 0.9852472889618649 0.004962981209232316
811 0.9822829758317058 0.004955509525180977
812 0.9846046959427601 0.004961362479959152
813 0.9832295130940141 0.0049578965384491505
814 0.9788278752457275 0.004946786546698893
815 0.9797570842490083 0.004949134001411518
816 0.9799962827670423 0.004949738106904379
817 0.9838336505147784 0.004959419474257454
818 0.9832823759608555 0.0049580298161317074
819 0.9831977717948668 0.004957816510670704
820 0.9799159977566063 0.004949535352097138
821 0.9805931440796032 0.004951245182770932
822 0.9781836853358282 0.004945158479835023
823 0.9777298299228877 0.004944011125113023
824 0.9755989134303906 0.004938620565741858
825 0.9782443042886051 0.004945311705496389
826 0.9795423138187873 0.004948591527204035
827 0.979254516561853 0.004947864506190172
828 0.9769042840546647 0.004941923447233741
829 0.9750735064031323 0.004937290544068556
830 0.9766323196674589 0.00494123549818939
831 0.979583636197773 0.004948695905246258
832 0.9820276330708911 0.004954865395252616
833 0.9807080953259502 0.0049515353821922015
834 0.9813646523639399 0.004953192563107526
835 0.9786219697988193 0.004946266218307936
836 0.9793669489165207 0.0049481485406677895
837 0.9776585969050723 0.004943831022575228
838 0.9800253601892513 0.004949811538079427
839 0.9786751903108455 0.004946400713163961
840 0.9791872206080794 0.0049476944906445535
841 0.9815456352472022 0.004953649274964151
842 0.9824282233509045 0.004955875890513963
843 0.9835865798308714 0.004958796704290409
844 0.9823294042500009 0.004955626636927866
845 0.9830470902372088 0.004957436587037494
846 0.9809002329989054 0.004952020404135638
847 0.9833949280598415 0.004958313570172349
848 0.9820224119870691 0.004954852223626346
849 0.9829638182278209 0.0049572266151792325
850 0.9805414846830512 0.004951114760837702
851 0.9819156033713847 0.004954582761702013
852 0.9816425163966965 0.004953893738072679
853 0.98237800638655 0.004955749228729748
854 0.9825506756350183 0.004956184737205891
855 0.9816054387072563 0.004953800180252525
856 0.9798793592265506 0.0049494428210050375
857 0.9773933609175468 0.004943160353460054
858 0.9760660382212564 0.0049398027503396265
859 0.9770023534120936 0.004942171495636321
860 0.9756248919368268 0.004938686318752808
861 0.973388322393921 0.004933022229412234
862 0.9736135168702251 0.004933592826515184
863 0.9759991078960646 0.004939633382561457
864 0.9755992342502471 0.004938621377759681
865 0.9737620737288296 0.0049339692033236555
866 0.9702609283705869 0.004925091213822268
867 0.9715123683635395 0.00492826637516909
868 0.972765774065916 0.004931444474746864
869 0.9701465076080874 0.004924800802608845
870 0.973702767975043 0.004933818952443027
871 0.9709569290868906 0.004926857363731972
872 0.9714438012281279 0.004928092459179206
873 0.9702509388219788 0.004925065860042023
874 0.9702723982229678 0.004925120324497854
875 0.9705027167807975 0.00492570484040489
876 0.9705631921851655 0.004925858306926142
877 0.9709433546811216 0.004926822923792996
878 0.9706219770858364 0.004926007478927078
879 0.9715776311353301 0.004928431904159193
880 0.9702931404587637 0.0049251729681994115
881 0.9703832142064944 0.004925401568440807
882 0.9705433128370321 0.004925807860260559
883 0.9732530449561676 0.004932679432103391
884 0.9753274435564797 0.004937933408365209
885 0.9761773281098829 0.0049400843575295224
886 0.975967074590309 0.004939552319943906
887 0.9760115845681882 0.004939664955330666
888 0.9753289895218937 0.004937937321856669
889 0.9755430025599148 0.004938479049321949
890 0.9731059258278216 0.00493230660053169
891 0.9694207970981649 0.004922958478642469
892 0.9689186326317525 0.004921683255822685
893 0.9682972826647762 0.004920104909583488
894 0.9664077847786854 0.004915302114179584
895 0.9650153941273542 0.004911759878801973
896 0.9625777658540274 0.004905552405135882
897 0.9612367178284457 0.004902134045346186
898 0.9595979870842241 0.004897953647137301
899 0.9589326158416731 0.0048962552678824675
900 0.959916602157864 0.004898766712799294
901 0.960102402710876 0.004899240790194392
902 0.9646194717553671 0.004910752187557926
903 0.9642352797504379 0.004909774154416949
904 0.9642800203504553 0.004909888060067447
905 0.9650656545736711 0.0049118877855850816
906 0.9685506346195091 0.0049207485325143884
907 0.9678165237502414 0.004918883343637835
908 0.9670135316834907 0.004916842334917578
909 0.9673374695096759 0.004917665807288818
910 0.9677285869010698 0.004918659871048749
911 0.9675627107715855 0.004918238304899892
912 0.9671229877720173 0.004917120595295554
913 0.9677280144178627 0.004918658416172542
914 0.9653157416139737 0.004912524177472642
915 0.9655564968708185 0.004913136745068033
916 0.9682352542424227 0.004919947317881808
917 0.9697326340543998 0.004923750207557819
918 0.9709306279413558 0.004926790634268385
919 0.9729334456362079 0.004931869462669584
920 0.972479716869926 0.004930719336723231
921 0.9720859296098294 0.004929720934893819
922 0.9766668275282274 0.004941322793047954
923 0.9781899370721238 0.004945174282479159
924 0.9778109893753654 0.004944216317231138
925 0.9795249049840601 0.0049485475527919105
926 0.9798420057887772 0.004949348482623157
927 0.9820039704852057 0.0049548056995631536
928 0.9827262143026076 0.00495662744374121
929 0.9831999773018065 0.00495782207134878
930 0.9822232234223404 0.004955358800723671
931 0.9835644907156471 0.0049587410223357106
932 0.9840277388178648 0.004959908641222366
933 0.9853721935102704 0.004963295789788884
934 0.9847663715564462 0.004961769799973706
935 0.9822527528412784 0.004955433288764037
936 0.9818150027638548 0.0049543289482370904
937 0.9827648340773383 0.004956724837070033
938 0.9807502589310777 0.004951641821784018
939 0.979214811916869 0.004947764197643363
940 0.9824588903314888 0.004955953239963049
941 0.9790312028889239 0.004947300307211454
942 0.9781899720768017 0.004945174370961071
943 0.978507837220484 0.004945977778749707
944 0.9779561565223971 0.004944583316143901
945 0.977547562305396 0.0049435502743227075
946 0.9814261730016415 0.004953347815688136
947 0.9810958785143377 0.004952514232277678
948 0.9790015154855056 0.004947225297542177
949 0.9784345616736139 0.004945792585541256
950 0.9788835762596751 0.004946927295196938
951 0.9808706107443781 0.004951945630416868
952 0.9808445756611992 0.004951879910651953
953 0.9804012181547662 0.004950760619515041
954 0.9810668152802771 0.004952440876987205
955 0.978450935696472 0.004945833969086571
956 0.9803459526856637 0.004950621079723115
957 0.9787954210414306 0.00494670453771854
958 0.9769213251283219 0.00494196655038908
959 0.9799978511295886 0.004949742067623869
960 0.9839111088150964 0.004959614700677101
961 0.9837986217765693 0.00495933118506716
962 0.9798420324581161 0.004949348549978838
963 0.9822292447410432 0.004955373989607515
964 0.9835072806293219 0.00495859680498645
965 0.9840919899328697 0.004960070564736384
966 0.981690148521348 0.004954013925217058
967 0.9835602954623572 0.004958730446925064
968 0.9832305186157257 0.004957899073600543
969 0.9828622855580523 0.0049569705867062025
970 0.9821411084830357 0.004955151659677566
971 0.9822166829348948 0.004955342302174663
972 0.9811951603217637 0.004952764810297852
973 0.982425349473831 0.004955868641847761
974 0.9828223700222781 0.004956869930618069
975 0.9833192007880046 0.004958122656645298
976 0.9838540363396762 0.004959470855572385
977 0.9846553426128867 0.0049614900810455035
978 0.9852023281923387 0.0049628679676113775
979 0.9863104870178612 0.004965658308308439
980 0.9858485342186366 0.004964495303127046
981 0.9861828669618444 0.004965337041273094
982 0.9869139611995201 0.004967177195306488
983 0.9849778210714245 0.0049623024681957045
984 0.9861708170545417 0.004965306706111204
985 0.9848815365104082 0.004962059922230933
986 0.9843391065079743 0.004960693290418883
987 0.9827609277996814 0.004956714986105667
988 0.9813612742148465 0.004953184037918991
989 0.9809990085023971 0.004952269729183677
990 0.9825517752003955 0.004956187510420418
991 0.9816690626566446 0.004953960720940507
992 0.9836130624660597 0.0049588634605490095
993 0.9827636686095103 0.004956721897961489
994 0.9805124452518177 0.00495104144490798
995 0.9781385369238937 0.00494504435575395
996 0.9770205644243295 0.004942217555671829
997 0.9784545207789127 0.0049458430299426795
998 0.9778139155777003 0.004944223715269544
999 0.9787081686743218 0.004946484051756816
1000 0.9803821256326716 0.0049507124132475685
