1 0.955507054873589 0.004887502084210675
6 0.954441502628126 0.004884776127597543
11 0.9574060531821167 0.004892356444636508
16 0.9609994941166246 0.004901529108929604
21 0.9558726643429606 0.004888437056973747
26 0.9608499638625831 0.004901147758361695
31 0.9729819613589105 0.0049319924259768584
36 0.9768858254226258 0.004941876758126694
41 0.9739928279363154 0.0049345537746177314
46 0.9513367615482818 0.00487682471377987
51 0.9481469666113024 0.004868641947676028
56 0.9521581453393563 0.004878929583825434
61 0.9585284435642738 0.00489522331883087
66 0.9674152701615379 0.004917863561394785
71 0.9701225662766417 0.00492474003497487
76 0.971799950154336 0.0049289957404594935
81 0.9660578376237711 0.004914412090443106
86 0.9644556133898557 0.004910335079037282
91 0.9626160395930091 0.004905649930745064
96 0.9763924132865694 0.004940628562134742
101 0.97285828484876 0.004931678961277468
106 0.9707159984798058 0.004926246057325951
111 0.968415775415429 0.004920405942613376
116 0.9689771996630774 0.004921832001038223
121 0.9651020521521032 0.004911980410959544
126 0.9671450282437279 0.004917176624901557
131 0.9642804362127791 0.004909889118804118
136 0.9650283887697216 0.004911792948921134
141 0.960411143959707 0.00490002845416295
146 0.9610020209201229 0.0049015355528418195
151 0.9612301895630568 0.00490211739882938
156 0.9654015818468784 0.00491274259452889
161 0.9667173279742509 0.004916089243863342
166 0.9706780144801447 0.004926149674676761
171 0.9743851819433819 0.004935547568899926
176 0.9736886237739274 0.004933783117492538
181 0.9828375966018168 0.004956908328137414
186 0.980144632404722 0.004950112732849865
191 0.9756532072886784 0.004938757985449369
196 0.9670899362617493 0.004917036573070644
201 0.9759161616729606 0.004939423478354141
206 0.9784364142354585 0.004945797267705326
211 0.9746459755815157 0.004936208022956074
216 0.9730716743054285 0.004932219795749136
221 0.9671868836384142 0.00491728302473596
226 0.9674232189970567 0.004917883765338975
231 0.9577203346913521 0.004893159369894866
236 0.9580180051684154 0.004893919735875814
241 0.9608327232710119 0.0049011037873626035
246 0.9595782562029899 0.004897903291967855
251 0.9493565712906509 0.004871746558676108
256 0.9427856813455422 0.004854857596430245
261 0.9418293296027213 0.004852394613775181
266 0.9444470466321951 0.004859133298667548
271 0.9526967008872168 0.004880309188234408
276 0.9524586079983459 0.004879699319679522
281 0.9521497791179631 0.0048789081492061305
286 0.9507248124560534 0.004875255948303375
291 0.9592794991854766 0.004897140771098288
296 0.9605397057240487 0.004900356404971878
301 0.9620342941468638 0.004904167371400817
306 0.9670252306269852 0.004916872076841962
311 0.9712687238746288 0.004927648359241498
316 0.9564275697263194 0.00488985577442976
321 0.9550250729240994 0.004886269238826252
326 0.9650284611283403 0.004911793133066259
331 0.9526777050272826 0.004880260533645907
336 0.9475613418139822 0.004867138152403688
341 0.9432363817704993 0.004856017894567413
346 0.9404055323623178 0.004848725456902031
351 0.9401944218331753 0.0048481811840241406
356 0.9342008908990004 0.004832703437848725
361 0.9380780657261848 0.004842721537513209
366 0.9394799035753331 0.0048463386010979175
371 0.9424588606373078 0.004854016044866832
376 0.9504843573588623 0.004874639390147175
381 0.946878911016637 0.00486538518767738
386 0.9502238550106092 0.00487397134021114
391 0.9545413626826604 0.004885031659890903
396 0.9504913584587926 0.004874657342980583
401 0.9625927449626316 0.0049055905737488414
406 0.9564343605651561 0.004889873133906111
411 0.9717639039210454 0.004928904325874676
416 0.9703577384488176 0.0049253369140040085
421 0.9590076534383529 0.004896446832980374
426 0.9505365950761221 0.0048747733410815786
431 0.9559037308749909 0.004888516495144829
436 0.9637032937781786 0.004908419562133444
441 0.9761476161424715 0.004940009176136698
446 0.9818590281309846 0.004954440025020977
451 0.9611858457847813 0.004902004324502088
456 0.9671955919304606 0.004917305161636796
461 0.966663239648559 0.004915951713094049
466 0.9683029632552022 0.0049201193416491115
471 0.9660591234043626 0.004914415360875443
476 0.9628178028507051 0.004906164013209762
481 0.9616196603782836 0.0049031104171116556
486 0.9552556594193073 0.00488685908705587
491 0.9586102094707398 0.0048954321044120995
496 0.9613515147464108 0.004902426758404605
501 0.9629976999589607 0.004906622336421281
506 0.9604799416169234 0.00490020395423038
511 0.9615422518546769 0.004902913067685201
516 0.962340980596447 0.004904949007689341
521 0.9536588312272284 0.0048827728834667855
526 0.9601265446364534 0.004899302385896419
531 0.94247513183526 0.004854057946067159
536 0.9455152740663455 0.004861880510703086
541 0.9287302413196177 0.004818532585473652
546 0.9200378442888903 0.004795930186024071
551 0.9229491738586122 0.00480351221391449
556 0.9274533645445854 0.0048152190352630615
561 0.9369547651879926 0.004839821213241666
566 0.93242766836154 0.004828114741210276
571 0.9427905879611755 0.004854870229677471
576 0.9405131264103119 0.004849002826111567
581 0.938188209280434 0.004843005830966911
586 0.9446729755032109 0.004859714460341738
591 0.940310432869058 0.004848480284486398
596 0.9345869929890905 0.004833702004731849
601 0.9392591353256047 0.004845769147430617
606 0.949382917044371 0.0048718141565357795
611 0.9423798180379337 0.004853812491106294
616 0.9548923643107692 0.004885929733319086
621 0.9479633541189761 0.004868170508755232
626 0.9359680153051962 0.004837272023446126
631 0.93906753012476 0.004845274863216629
636 0.9531279906296924 0.004881413731332402
641 0.9605228215594034 0.004900313336066209
646 0.9636913937118774 0.004908389256800402
651 0.9523612596004978 0.004879449942412462
656 0.9552142680556955 0.00488675321175925
661 0.9667167864989253 0.004916087867069257
666 0.9644904152465706 0.004910423671624588
671 0.9702155229907252 0.004924975972526243
676 0.9750932224714997 0.004937340460031407
681 0.9787953224360902 0.004946704288549262
686 0.9832788001691667 0.0049580208009706705
691 0.9702202303392957 0.004924987920155371
696 0.975779285871471 0.004939077080127712
701 0.9780045089907684 0.004944705550587477
706 0.9791459453646978 0.0049475902105630245
711 0.9756629144718574 0.004938782554276097
716 0.9754500105498103 0.00493824366757198
721 0.9556837188911116 0.004887953889271893
726 0.9409358019637456 0.004850092297738774
731 0.9436276130383984 0.00485702486859593
736 0.9476597492027983 0.004867390880063966
741 0.9575499936583848 0.004892724199596881
746 0.9540061853604181 0.004883662036314517
751 0.9551453925731306 0.004886577029532749
756 0.963905586164071 0.004908934701911891
761 0.9450923855726074 0.004860793133625398
766 0.940303950841558 0.004848463572964542
771 0.9401738573763417 0.004848128162672627
776 0.9360897388241414 0.004837586559103643
781 0.9300185804786674 0.004821873573268642
786 0.9469592461785014 0.004865591577962355
791 0.9612945856747865 0.0049022816009197095
796 0.9712517504410458 0.004927605302425448
801 0.9717103971642566 0.004928768627628233
806 0.9689831463671958 0.004921847103887771
811 0.9644165466977104 0.004910235627860455
816 0.9589565576744467 0.004896316390317567
821 0.9522505729538498 0.004879166381085366
826 0.9674836025214438 0.0049180372423874765
831 0.971224237254411 0.004927535508427948
836 0.9648509630135242 0.004911341398143665
841 0.9619112210342383 0.004903853666134868
846 0.9535645529501272 0.004882531523151307
851 0.9565170326813159 0.004890084464364856
856 0.9553421820815384 0.00488708039664983
861 0.943869278021987 0.004857646775838337
866 0.9245707577605069 0.004807730149165983
871 0.9415730257094761 0.0048517343177873875
876 0.944367155501489 0.0048589277763649765
881 0.9543721253201156 0.004884598589856524
886 0.9514245547457085 0.004877049735126029
891 0.9671820659421225 0.004917270777875454
896 0.9671225399909686 0.00491711945697411
901 0.9692912105918748 0.004922629431487449
906 0.9656546485564766 0.004913386456193424
911 0.9515637760826767 0.004877406549832985
916 0.9501114440395808 0.0048736830375901855
921 0.9448691076161666 0.004860218918827635
926 0.9400473835312951 0.004847802062330932
931 0.9403098839235778 0.004848478869234778
936 0.9538224908274203 0.004883191837473354
941 0.9606640599653318 0.004900673601844311
946 0.9548330763340768 0.004885778050576859
951 0.9659738929351589 0.004914198569192742
956 0.9615018886185726 0.004902810160343258
961 0.9694720881647805 0.004923088711278384
966 0.9732228185355934 0.004932602834140766
971 0.9620789863537924 0.004904281283929111
976 0.9565224007969796 0.004890098186285784
981 0.9637102155379543 0.004908437189363889
986 0.9664764761996878 0.004915476798765448
991 0.9565280791451672 0.004890112701177929
996 0.9467024110282187 0.004864931708124337
