1 0.9352199313952659 0.00483533851254176
2 0.9428868796216144 0.004855118148772992
3 0.9505512214603494 0.004874810846230773
4 0.9439459424908772 0.004857844049633028
5 0.93860259418808 0.004844075257629638
6 0.9443738592401605 0.0048589450222656
7 0.9371318372683993 0.004840278522791924
8 0.9406546954589391 0.004849367756098817
9 0.9382624617047401 0.0048431974757805075
10 0.940151558679859 0.004848070669274689
11 0.9377005887146636 0.004841747098363046
12 0.9425288130152181 0.004854196181994583
13 0.936325604714673 0.00483819598240352
14 0.9354052097978798 0.004835817458401799
15 0.9362497712492984 0.004838000054515424
16 0.9449396527499364 0.004860400350515672
17 0.9506897569782968 0.0048751660663524385
18 0.9484678348515316 0.004869465691506693
19 0.9539980450606913 0.004883641200727623
20 0.9486965162551313 0.004870052685126814
21 0.9465297697260341 0.004864488101754752
22 0.9545694118935956 0.004885103432724555
23 0.951089237271504 0.004876190232338107
24 0.9492289011302191 0.00487141896965639
25 0.9437339744005355 0.004857298591628964
26 0.9559202233517676 0.004888558666440123
27 0.9469424402394657 0.004865548402293198
28 0.9387255094711976 0.004844392426681586
29 0.9385123104217592 0.004843842277304028
30 0.9367924000572765 0.0048394018481454325
31 0.9322282927580428 0.00482759852971973
32 0.9342889031071075 0.004832931079936968
33 0.9337592501743089 0.004831560979638096
34 0.9307688168151882 0.004823818058882078
35 0.9210766361816859 0.004798636905081483
36 0.915332739142188 0.004783651191225354
37 0.9026767759725075 0.004750465202139773
38 0.9013409574214916 0.004746948933010984
39 0.8933902185209651 0.004725966112659898
40 0.8931729256103456 0.004725391346247108
41 0.8960856746645859 0.004733090121929773
42 0.8936165713597144 0.004726564769368761
43 0.8987315649327616 0.0047400727167111615
44 0.8944915171412599 0.004728878108368489
45 0.8986401263283533 0.004739831578714087
46 0.9069945045392214 0.004761812979532523
47 0.9106090668658186 0.00477129195408959
48 0.9090932902305968 0.0047673192147034615
49 0.9096256940687782 0.004768714983197821
50 0.9075889981470854 0.004763373299710759
51 0.918708342829314 0.0047924637518063475
52 0.9149233020121487 0.004782581184982966
53 0.9141622379311986 0.004780591614928966
54 0.923103241687213 0.0048039131221308765
55 0.9253354760178506 0.004809717990052463
56 0.9292527456012404 0.004819887849779224
57 0.9375082460897094 0.004841250499492102
58 0.9335162750306046 0.004830932324231516
59 0.9282292138814423 0.004817232669405249
60 0.926288300285125 0.004812193652666814
61 0.927290128123581 0.004814795265324548
62 0.92365562401527 0.004805350231078681
63 0.923317922870258 0.00480447169984524
64 0.9366053871511042 0.004838918776455121
65 0.9428863303966467 0.00485511673473672
66 0.9392536093120458 0.004845754892671525
67 0.9424383583885253 0.004853963247450447
68 0.9502265648366368 0.0048739782899445685
69 0.9471604942898317 0.004866108569110886
70 0.9488102922649683 0.004870344706094913
71 0.9477551821695049 0.004867635956347048
72 0.9409181713722601 0.004850046858721388
73 0.9377683127451174 0.004841921939197919
74 0.9448129428518693 0.004860074466487922
75 0.9497143452737102 0.004872664454037758
76 0.947952826659219 0.004868143477324541
77 0.9482689587387202 0.004868955146423939
78 0.9465932761914537 0.004864651287992362
79 0.9491567295559958 0.004871233774779605
80 0.956117134258027 0.004889062139913453
81 0.966197624653867 0.004914767631382236
82 0.9705659375250522 0.004925865273574904
83 0.9703501348774406 0.004925317616881586
84 0.9561062389349839 0.004889034283460913
85 0.9538276899779036 0.004883205146246657
86 0.9598331924161682 0.004898553874651789
87 0.9617961050039295 0.004903560224783254
88 0.9633756034709138 0.004907584980432479
89 0.9684497823715646 0.004920492334514644
90 0.9729282774068827 0.004931856363589504
91 0.9715101793713634 0.004928260823030504
92 0.9806645321257399 0.004951425406999943
93 0.9824656052955522 0.004955970176545012
94 0.9787291861432275 0.004946537163613824
95 0.9768905792685766 0.0049418887825064236
96 0.9786558545707259 0.004946351849765732
97 0.9765595867821704 0.004941051500077246
98 0.980541028164278 0.004951113608271934
99 0.9678648911543148 0.004919006254664887
100 0.96496403792906 0.004911629180021422
101 0.9810632456698226 0.004952431867253854
102 0.9819439238803427 0.004954654211474918
103 0.9770276947630996 0.004942235589898762
104 0.9764281153302583 0.004940718888996137
105 0.9702958242013044 0.004925179779484849
106 0.9765698313838942 0.004941077417068204
107 0.9703504680083518 0.004925318462336925
108 0.9710787500280664 0.004927166427686546
109 0.9632211470076035 0.004907191552053279
110 0.95303372380117 0.004881172333128863
111 0.9447112102538991 0.004859812805533959
112 0.9432844066634553 0.004856141515101827
113 0.9405374907754234 0.0048490656333743465
114 0.9420373067111912 0.004852930343159774
115 0.9515637817913128 0.004877406564463291
116 0.9364424635582765 0.0048384978903856495
117 0.9450284137307213 0.004860628621056728
118 0.9451339596582127 0.004860900044235726
119 0.9452734863473535 0.004861258829492223
120 0.9457732340897269 0.004862543686282611
121 0.9490207676521463 0.004870884872476618
122 0.9510328291478478 0.004876045629282331
123 0.9458124414616055 0.004862644474492677
124 0.9380279872982147 0.004842592273687913
125 0.9390264300238008 0.004845168830658447
126 0.9437412920913038 0.004857317423281275
127 0.9380826587223298 0.004842733392909332
128 0.9361793588103438 0.004837818125611882
129 0.9377811472783598 0.004841955072965937
130 0.9360923443577888 0.004837593291623646
131 0.9419274346468753 0.004852647330470662
132 0.936647308431668 0.004839027067206284
133 0.9370477793912517 0.004840061438788765
134 0.9349545909534579 0.004834652523165917
135 0.9308630053753264 0.00482406212431236
136 0.9346096797702255 0.004833760672611237
137 0.9346766855425303 0.004833933944977763
138 0.9284058054722696 0.004817690876447176
139 0.9363217059617812 0.004838185909545254
140 0.9299028109796692 0.004821573448479354
141 0.9301102425612771 0.004822111187921308
142 0.9317033474107849 0.004826239108284273
143 0.9234641498021635 0.0048048521296653775
144 0.9178184411572141 0.0047901420929176205
145 0.9151125558310542 0.004783075802919654
146 0.9119196119383841 0.0047747241321691985
147 0.9107224500462026 0.004771588990126819
148 0.9123224182897033 0.0047757785435683505
149 0.9117984894688167 0.0047744070287887965
150 0.8997636006100955 0.0047427935071974545
151 0.8978204866732578 0.004737669511793989
152 0.9002681976907343 0.004744123225535254
153 0.9076807125643572 0.004763613969755871
154 0.8955017928906721 0.004731547850102309
155 0.8917050604540897 0.004721506830016724
156 0.8965481495793769 0.004734311351749124
157 0.8936341489268772 0.0047266112552463695
158 0.8823521120340854 0.004696680001121472
159 0.9085925468398686 0.004766006075319345
160 0.9125037610370119 0.004776253161834939
161 0.9134724467878497 0.004778787650645714
162 0.9126543226401302 0.004776647182496924
163 0.9063920962710168 0.004760231364669246
164 0.9158870648477855 0.0047850994620903635
165 0.917920450702608 0.004790408282078145
166 0.9220309004499745 0.004801122030709926
167 0.9176534587527894 0.0047897115477017185
168 0.9244607894972854 0.004807444225426864
169 0.9295205826879855 0.004820582414157906
170 0.9348492700143992 0.0048343802080773905
171 0.9365734794808801 0.004838836351166046
172 0.9256598383801244 0.004810560903156353
173 0.9247332999275455 0.0048081527369061685
174 0.9220178535513397 0.004801088062231196
175 0.9260939433421128 0.004811688770810135
176 0.9339259629066138 0.004831992272170239
177 0.9411642115997026 0.004850680935450607
178 0.9379669132420394 0.0048424346229723565
179 0.9379648507056081 0.0048424292988488845
180 0.9427948525940163 0.004854881209960829
181 0.9489996259192355 0.004870830616803793
182 0.9471462415444575 0.004866071956695286
183 0.934498235089296 0.004833472470494735
184 0.9457590742803185 0.00486250728593469
185 0.9509909456501695 0.004875938257544936
186 0.9497668558070241 0.004872799159106575
187 0.9567135865330221 0.004890586868154667
188 0.9462079043507738 0.004863660952168375
189 0.9351257200370476 0.004835094957380808
190 0.9403203955440288 0.004848505969464221
191 0.9497408735842305 0.004872732507475971
192 0.9498241784625722 0.004872946204442803
193 0.9489778100327918 0.004870774630428552
194 0.9472926365618133 0.004866448002723207
195 0.954335690747946 0.004884505350566679
196 0.9607044623411115 0.004900776653880364
197 0.9536721160068031 0.004882806892660348
198 0.942875775703854 0.00485508956051255
199 0.9423262527415839 0.004853674542694088
200 0.9473428643067628 0.004866577016430094
201 0.9328155478326972 0.0048291188576357206
202 0.9332907107836842 0.004830348643221582
203 0.9441576942847866 0.004858388889895337
204 0.94527450299082 0.0048612614436381665
205 0.9395813289758714 0.004846600197203382
206 0.9416832180531243 0.00485201820885042
207 0.9402390986242602 0.004848296372223402
208 0.9506996238770111 0.004875191365165552
209 0.9486347898169429 0.004869894248845651
210 0.9526462344859968 0.004880179926265159
211 0.9526283970462088 0.004880134237571956
212 0.9453123457111489 0.004861358749508332
213 0.9413554971138584 0.004851173845106789
214 0.939049857136377 0.0048452292696429455
215 0.9389588120796959 0.004844994380694753
216 0.9306530967350789 0.004823518183148446
217 0.9376966882839323 0.004841737028560894
218 0.9359599318734768 0.004837251134995936
219 0.9418876605595675 0.004852544874777655
220 0.9504709670452579 0.004874605053348506
221 0.9430545078841813 0.004855549705764853
222 0.9376365443865784 0.004841581751482464
223 0.9424578292423952 0.0048540133888310966
224 0.938941383183336 0.004844949414240581
225 0.9290278465801634 0.004819304556558271
226 0.9351450137160366 0.004835144836390025
227 0.9372261384273688 0.004840522049035601
228 0.9364486910167611 0.004838513978664331
229 0.936738821378838 0.0048392634543759205
230 0.9364067274497976 0.004838405567182748
231 0.9428234385050593 0.004854954810357592
232 0.9457736364473515 0.004862544720611586
233 0.9418562772879966 0.004852464031802128
234 0.929298699979579 0.004820007027372465
235 0.9230006837871431 0.004803646254404304
236 0.929576098874324 0.004820726368127685
237 0.9280920352349027 0.00481687669812978
238 0.9363625613442231 0.004838291462892044
239 0.9350498919300017 0.004834898917681033
240 0.9304249662566558 0.004822926953743246
241 0.9383605398548016 0.004843450602946624
242 0.9271775676692476 0.004814503031009924
243 0.9353765038408022 0.004835743256423892
244 0.9421049040091941 0.004853104454679365
245 0.9440352346558929 0.00485807380704574
246 0.947292753799267 0.004866448303860328
247 0.9422639819521287 0.004853514169820039
248 0.9324941258387619 0.004828286796705432
249 0.9326641989112858 0.004828727080514888
250 0.9252096361164353 0.004809390932983699
251 0.9234278248265549 0.004804757627971482
252 0.9215954853794761 0.004799988268411832
253 0.9270989829192884 0.004814298995371402
254 0.9236537315043409 0.004805345308149479
255 0.9218005077361141 0.004800522152418536
256 0.9298649947952983 0.004821475408468022
257 0.921385650385204 0.004799441790664746
258 0.9268702691337396 0.004813705118942706
259 0.9305255469372964 0.004823187630414721
260 0.9304672424939292 0.0048230365235073696
261 0.9335149030836751 0.004830928774328113
262 0.9383340223122194 0.004843382165864313
263 0.9301708227379736 0.004822268222850031
264 0.9249469411361707 0.004808708118787218
265 0.9318568154725644 0.004826636575496174
266 0.9331329330836161 0.004829940328050584
267 0.9268066040899314 0.00481353979375088
268 0.9184639924625657 0.004791826379695407
269 0.9159044814078661 0.0047851449587346965
270 0.9161528415576917 0.004785793693831259
271 0.910359951880737 0.004770639269161681
272 0.9126630314544221 0.00477666997252431
273 0.9155640757879913 0.004784255651145502
274 0.913103188511984 0.004777821674463187
275 0.9194592298044183 0.004794421861596336
276 0.9103866929950094 0.004770709335552873
277 0.9090205992732033 0.0047671286138436485
278 0.9232346377690295 0.004804255008537869
279 0.9214006894327189 0.0047994809592466405
280 0.917557684453249 0.0047894615931932775
281 0.9070623489431408 0.004761991071197029
282 0.9030862476364526 0.004751542531478299
283 0.909526260344672 0.004768454335300548
284 0.9095235658860711 0.004768447272056267
285 0.9032715892892951 0.004752030089321512
286 0.9009225408272591 0.0047458470010787596
287 0.9037323080780812 0.00475324183475424
288 0.8951052820394655 0.0047305002152439775
289 0.8942306578664194 0.004728188520127673
290 0.8853562040956182 0.0047046684617795195
291 0.8808762944554503 0.004692750535994891
292 0.8822027933940499 0.004696282579540357
293 0.8853233895623921 0.00470458127487703
294 0.875961575076676 0.004679640969916204
295 0.8806091566399933 0.004692038911563249
296 0.8824117321060353 0.0046968386745500235
297 0.8815606428957335 0.004694573069435326
298 0.8832064700867949 0.004698953286049654
299 0.8798816473896117 0.0046901003631236666
300 0.8805466950764916 0.00469187250556957
301 0.8770663769005801 0.004682591125990659
302 0.8785853897139211 0.0046866443191199755
303 0.8752862988963185 0.004677836861481139
304 0.8811469263835259 0.004693471358318212
305 0.8947935059684878 0.004729676298074412
306 0.9022904906171796 0.004749448652502317
307 0.906503851470214 0.004760524816151068
308 0.9089781191013347 0.004767017224283858
309 0.9157241300168202 0.004784673812422378
310 0.8979784181797487 0.004738086184387755
311 0.8938130500196443 0.004727084353551129
312 0.8978642084219297 0.004737784867077714
313 0.8983050236720479 0.0047389477553650555
314 0.9088213245740393 0.0047666060623252
315 0.91299103003445 0.004777528230267443
316 0.91584671584445 0.004784994058199392
317 0.9158046571683617 0.004784884185650705
318 0.9147799040793579 0.004782206378084867
319 0.9100694771881678 0.004769878108408732
320 0.9071353314191042 0.004762182642872753
321 0.9119588622564899 0.004774826886524984
322 0.9171451954135323 0.004788384918380317
323 0.9141125046622063 0.0047804615736339985
324 0.9147953022646125 0.004782246626558588
325 0.9209381329450033 0.004798276103545574
326 0.9229687024612337 0.004803563032197699
327 0.9241069583586822 0.0048065241289347495
328 0.9217134274918705 0.004800295400257374
329 0.9128310400464187 0.004777109611601925
330 0.9030119925558383 0.0047513471827906155
331 0.9111094475255418 0.0047726026890769725
332 0.9181458819303098 0.004790996481918425
333 0.9272572613017781 0.004814709936895261
334 0.9325743920085506 0.004828494594126188
335 0.9195962416835873 0.004794779065188316
336 0.911773500416212 0.0047743416038471915
337 0.9184159133461497 0.004791700958451158
338 0.9120054848281168 0.004774948938008113
339 0.9098486648839927 0.004769299409914878
340 0.9030252101776742 0.004751381956016764
341 0.8988946818570592 0.0047405028512658735
342 0.9024857617458839 0.004749962555749786
343 0.8943283000252834 0.004728446651477037
344 0.9053338266637391 0.0047574516187472195
345 0.9148687686151299 0.004782438651568179
346 0.9203704271965086 0.004796796944002822
347 0.9250087384870399 0.004808868755276868
348 0.9342656826487735 0.0048328710216553735
349 0.9374733724583275 0.004841160455721212
350 0.9287598250757267 0.004818609329586898
351 0.9292798598392077 0.004819958167910351
352 0.9287137742031154 0.004818489867100947
353 0.9397627719398949 0.004847068139162082
354 0.9265232530760223 0.004812803919816494
355 0.9153682255156048 0.004783743918591013
356 0.9021805791216799 0.0047491593693347114
357 0.9043196451939505 0.0047547861537306875
358 0.9206322893740907 0.00479747928359292
359 0.9286871900770711 0.004818420902764349
360 0.9279759559243709 0.004816575457956807
361 0.9259918948747761 0.004811423657861578
362 0.9223771956516521 0.004802023545746234
363 0.9187928698465547 0.004792684215325586
364 0.9261502141520153 0.0048118349511805485
365 0.9311491513996663 0.004824803522415068
366 0.922673456705743 0.004802794671889631
367 0.9303977850457251 0.00482285650531536
368 0.9380469241989344 0.00484264115454623
369 0.9328175266965001 0.004829123979850643
370 0.927605039145513 0.004815612756713606
371 0.9254233857709242 0.0048099464537231865
372 0.9255769350298394 0.0048103454781540924
373 0.923229815474055 0.0048042424615838825
374 0.9329292679019078 0.004829413208965775
375 0.9251276028110238 0.004809177716991643
376 0.9366829630146198 0.004839119167962102
377 0.9300014887242049 0.004821829265198058
378 0.928105347550399 0.0048169112440314445
379 0.92855543777304 0.0048180790973749036
380 0.9360500358040204 0.004837483968067156
381 0.9398393741203224 0.004847265682857812
382 0.9327178985877514 0.004828866089468996
383 0.9427664831412057 0.00485480816577782
384 0.9369759706677132 0.0048398759811737555
385 0.9315591423597647 0.004825865601528822
386 0.9264382370204162 0.004812583107769516
387 0.926933394454397 0.004813869036977248
388 0.9253489885755539 0.004809753107778032
389 0.925882225277461 0.004811138729601171
390 0.9270122356573013 0.0048140737567326074
391 0.9278403764311609 0.004816223588541744
392 0.9328859656135566 0.004829301128083952
393 0.9311062039325766 0.004824692253731869
394 0.9319544130062678 0.004826889326500628
395 0.9269860853776108 0.004814005855653113
396 0.9230517369700287 0.0048037791026480465
397 0.9186509184910228 0.004792313971757838
398 0.915717119978377 0.00478465549860359
399 0.9254833066509971 0.004810102172480523
400 0.9282776006012357 0.004817358224088466
401 0.9307414911336289 0.004823747249094907
402 0.9367344895844543 0.0048392522651746145
403 0.9424083470025022 0.004853885961056482
404 0.9410007879971959 0.004850259781438344
405 0.938714186193551 0.004844363209106617
406 0.938468492663004 0.0048437292000500475
407 0.9362757927971193 0.00483806728624082
408 0.9468427040736656 0.0048652921650078375
409 0.9398238767838246 0.0048472257185728914
410 0.953273026265427 0.0048817851148296185
411 0.9574693949107932 0.004892518280457411
412 0.9533025292380561 0.004881860657750846
413 0.958897346110363 0.004896165224435832
414 0.960937311032234 0.004901370525532437
415 0.954827568934305 0.004885763960170699
416 0.9531606318286311 0.0048814973160314825
417 0.952027437848885 0.00487859469485126
418 0.939063204061299 0.00484526370268237
419 0.9555114360574413 0.0048875132892669615
420 0.9529531324190663 0.004880965945499812
421 0.9543670100093075 0.004884585499431532
422 0.9624847840953428 0.004905315469523124
423 0.9503212807519807 0.00487422119612554
424 0.9494967654478511 0.00487210625766099
425 0.9535719095571078 0.004882550357112834
426 0.9503164629480152 0.00487420884079243
427 0.9482077434002745 0.0048687979866093144
428 0.9392167170253847 0.004845659725225636
429 0.9370641078257212 0.004840103608613767
430 0.943797382662059 0.00485746176668386
431 0.9336357371949248 0.004831241421771876
432 0.9283149338016192 0.004817455094675216
433 0.937172513049409 0.00484038356669559
434 0.9411510089437233 0.00485064691264382
435 0.9321251749061715 0.004827331521433782
436 0.9359445655596269 0.004837211426552408
437 0.9374027305707376 0.0048409780531242326
438 0.9441214172329642 0.004858295552882034
439 0.9549254530173882 0.004886014385632291
440 0.9431276384579621 0.004855737967551061
441 0.9378350366590609 0.004842094191891797
442 0.9340269582370038 0.004832253532421412
443 0.9290779125555768 0.0048194344126942755
444 0.9327144607066061 0.004828857190163534
445 0.9330617351097299 0.004829756062490475
446 0.9251873141157222 0.004809332915929413
447 0.9298798680416029 0.004821513968207849
448 0.9386384128730973 0.004844167685858376
449 0.9385458997405891 0.004843928956991159
450 0.9509944630792908 0.004875947274850222
451 0.9582230445413469 0.004894443417342979
452 0.9635562436405309 0.0049080450634090955
453 0.9680818576874317 0.004919557571247365
454 0.9711679335481779 0.004927392677080613
455 0.9697845781729992 0.004923882077122107
456 0.9686810005650041 0.004921079685283929
457 0.9524872145606634 0.004879772598651115
458 0.9502049712791714 0.004873922909926732
459 0.9499218788904742 0.004873196817502528
460 0.9383887165814101 0.0048435233210295
461 0.9364325279071122 0.0048384722220949725
462 0.9485951320052547 0.004869792454472502
463 0.9356577019500902 0.004836470075877169
464 0.9303004577963117 0.004822604243518407
465 0.9301448444257149 0.004822200882926374
466 0.9284632134254585 0.004817839825050971
467 0.9347034662152964 0.004834003196237511
468 0.9299475154889774 0.004821689344184832
469 0.920090965817968 0.004796068638735041
470 0.9172269569985488 0.004788598350897577
471 0.9177037376608431 0.004789842761813978
472 0.9209413269336747 0.004798284424205605
473 0.9164823195984131 0.004786654179175653
474 0.910077606183022 0.004769899411303173
475 0.9034032766240219 0.004752376474272616
476 0.9166021714419954 0.004786967153338408
477 0.9226665563207864 0.0048027767125596935
478 0.9319007851761607 0.0048267504466793084
479 0.9375770409581909 0.004841428123040005
480 0.9373819795627172 0.004840924471175368
481 0.9362546468655354 0.004838012651688548
482 0.9387684542057957 0.004844503235840199
483 0.9417466000924054 0.00485218149392773
484 0.9419352767811305 0.004852667531088699
485 0.9419004041587036 0.004852577701769715
486 0.9440119552621249 0.004858013907951846
487 0.9396108728496116 0.0048466763940233455
488 0.9378294345344197 0.004842079729830434
489 0.9327085096419301 0.0048288417851877884
490 0.9416354763997474 0.00485189521297287
491 0.9410508374603734 0.004850388766277496
492 0.9311141121414184 0.004824712742583068
493 0.9385192136895336 0.004843860091816655
494 0.942113803263837 0.004853127376176841
495 0.9439572325936543 0.0048578731007641
496 0.9350279175751289 0.004834842105520679
497 0.9361775481873126 0.004837813447304743
498 0.9277381103374897 0.004815958160372371
499 0.9387247122702526 0.004844390369661189
500 0.9339716212494705 0.004832110385421295
501 0.9247512562698147 0.004808199418699243
502 0.9122221077193262 0.004775515986039835
503 0.9223458857205241 0.004801942043133673
504 0.9298693374136248 0.004821486666985731
505 0.9272495335299262 0.004814689873931616
506 0.9339377161332869 0.004832022676786898
507 0.939852192708595 0.004847298738980423
508 0.9397188241888518 0.004846954801923836
509 0.952116664616772 0.004878823307504741
510 0.9418128706906856 0.004852352214646951
511 0.947618399868638 0.004867284689225091
512 0.9545167612155411 0.004884968708339084
513 0.9558067520384619 0.004888268512711259
514 0.958212651741785 0.004894416874928027
515 0.9567546422222951 0.004890691802517257
516 0.9594642544153267 0.004897612337940599
517 0.9658501194176483 0.004913883722625687
518 0.9544592627404488 0.00488482157499735
519 0.9550276857646618 0.004886275922961619
520 0.9456479334976691 0.004862221569012716
521 0.9557147658331199 0.004888033285198312
522 0.9641466107820444 0.004909548403177986
523 0.9613489516983568 0.004902420223248867
524 0.9564661087438306 0.004889954291214999
525 0.9521434492774526 0.004878891931819721
526 0.9600231894230239 0.004899038679995028
527 0.9591789356735961 0.004896884075014404
528 0.9668328616363107 0.004916382999239454
529 0.9542651058754803 0.004884324712576377
530 0.94389011472338 0.004857700393844077
531 0.9445574191138514 0.004859417220849657
532 0.9377996338870863 0.004842002797793863
533 0.9342964256013743 0.004832950536243813
534 0.9440576529230675 0.004858131489717951
535 0.9398546693120562 0.004847305125531957
536 0.9442767720732524 0.004858695251834737
537 0.9375110263490151 0.004841257678053907
538 0.9325600081466795 0.004828457357060873
539 0.9341706068039086 0.004832625106069125
540 0.9311913367276942 0.004824912814043445
541 0.9367041428687476 0.004839173877646575
542 0.9311075599672046 0.004824695766997787
543 0.9340286166719115 0.004832257822433769
544 0.939748459280614 0.004847031228411303
545 0.9445804981455478 0.004859476587255945
546 0.9455438141647506 0.004861953887360732
547 0.9371281723149142 0.004840269058054798
548 0.9390334296244098 0.004845186888820823
549 0.9398675555317226 0.004847338355789023
550 0.932430792930072 0.00482812283071859
551 0.9333978184857723 0.004830625809111378
552 0.9432980883052199 0.004856176732342345
553 0.9352830713388968 0.004835501735029875
554 0.9304109108087293 0.004822890524876264
555 0.9145636468722618 0.004781641079416281
556 0.9230597658576234 0.004803799994715647
557 0.9355441242815034 0.004836176522120627
558 0.9364497983098654 0.0048385168392863975
559 0.9307131900930193 0.004823673910737333
560 0.9200108063127311 0.004795859714358394
561 0.9121459036940471 0.004775316516448936
562 0.9078697087401562 0.004764109880900941
563 0.9100535331538561 0.004769836325097003
564 0.9075100947680312 0.004763166237693186
565 0.903353400494759 0.004752245285123142
566 0.905435976801443 0.004757720006283473
567 0.9066069025476842 0.004760795395955808
568 0.9070674439919311 0.004762004445439056
569 0.9087977272295199 0.004766544179987862
570 0.9066294911132764 0.004760854704388674
571 0.9164417326706237 0.00478654818818471
572 0.9132036233339361 0.004778084430349199
573 0.918523026144344 0.004791980372998702
574 0.927103185522496 0.0048143099071326296
575 0.9362314012082311 0.0048379525913819915
576 0.9339900698139533 0.004832158109066099
577 0.931262816092912 0.004825097993540637
578 0.9255591426828981 0.004810299243344359
579 0.9210408194067922 0.004798543604827222
580 0.9218544058058067 0.004800662494658168
581 0.9250685217746283 0.004809024151289274
582 0.9291144953183825 0.004819529295205247
583 0.9274221503803171 0.004815138004610544
584 0.9252630710618263 0.004809529812769087
585 0.9255059312835894 0.004810160966695668
586 0.9166699006702679 0.00478714400847368
587 0.9081292899204002 0.0047647909174351345
588 0.9035878360366923 0.004752861889281566
589 0.9013110257206859 0.004746870114094771
590 0.9067461486574442 0.00476116098813458
591 0.8999480883604394 0.0047432797140503375
592 0.8935567011616613 0.004726406432382947
593 0.8978126374325619 0.004737648802091902
594 0.8952311600353571 0.004730832826929495
595 0.8947442197834033 0.004729546038461493
596 0.896841552743145 0.0047350859606212
597 0.9002548119407225 0.004744087956110132
598 0.9037270404302933 0.004753227981957289
599 0.905103834146823 0.004756847284887034
600 0.9005965432465317 0.00474498828428947
601 0.890069858149134 0.004717175710935578
602 0.8944984073877511 0.004728896321550181
603 0.8924860874906699 0.004723574115224034
604 0.8912858087438305 0.0047203967474173
605 0.8876174063192919 0.004710672498852947
606 0.883783158373825 0.004700487122820813
607 0.8934210432764459 0.004726047642259315
608 0.9054551810185341 0.004757770461426479
609 0.9077097448175647 0.0047636901514677785
610 0.9032714512204137 0.0047520297261375525
611 0.9072428375434318 0.0047624648216249305
612 0.8998846391394213 0.0047431125029013714
613 0.9053635739696625 0.004757529777875957
614 0.9170735914656556 0.004788197993802713
615 0.91836581031262 0.004791570254036804
616 0.9206107642979319 0.004797423198926024
617 0.9145726526218443 0.00478166462187628
618 0.9109923822097324 0.004772296071584277
619 0.9064477131916002 0.004760377408169446
620 0.9063764036908587 0.004760190156986668
621 0.9096169777817903 0.004768692135564887
622 0.9179420620762913 0.0047904646740530975
623 0.909932182487804 0.004769518298689256
624 0.9100574819076692 0.0047698466733283205
625 0.913972725738023 0.004780096064290957
626 0.9163409845627074 0.004786285078752615
627 0.9235751427273786 0.004805140873180461
628 0.9256658923254358 0.004810576634002502
629 0.9222704196633896 0.004801745592403515
630 0.9196869152771081 0.004795015445629974
631 0.9233462342789899 0.00480454535828725
632 0.9195206181758063 0.004794581910474961
633 0.9190735145483159 0.004793416120623044
634 0.9222208246309678 0.004801616483887795
635 0.9321532076302278 0.0048274041094502305
636 0.9397787591381233 0.004847109368029577
637 0.9437295283513003 0.004857287149943749
638 0.9371551826379084 0.004840338811740831
639 0.9302175190501517 0.004822389264765541
640 0.9353307368636898 0.004835624951090531
641 0.9382545658193401 0.004843177096934367
642 0.938137094598143 0.004842873900042079
643 0.9332967308986116 0.004830364222079672
644 0.9169560120560721 0.004787891032864659
645 0.9122463241696054 0.004775579372619135
646 0.9204686208570063 0.0047970528205902715
647 0.9174723220347089 0.004789238800914769
648 0.9111679583171459 0.004772755933167989
649 0.91213292955588 0.004775282554866508
650 0.9164195559880213 0.004786490273754188
651 0.918415107314595 0.00479169885577471
652 0.9215507979490238 0.004799871893198625
653 0.9291122037204941 0.004819523351680513
654 0.9244456278115789 0.004807404802847733
655 0.9190835983175156 0.004793442416435344
656 0.9258254036286289 0.004810991096877297
657 0.921056548381206 0.0047985845779555366
658 0.9195894992056421 0.004794761487500472
659 0.9201219493847292 0.004796149390566871
660 0.9289382684778622 0.004819072209075334
661 0.9298402560436478 0.004821411271159525
662 0.92708083680851 0.004814251879997541
663 0.9310578666131011 0.004824567017901265
664 0.9290752722953809 0.004819427564737976
665 0.9327691056526874 0.004828998642230133
666 0.9267336449446592 0.0048133503266822655
667 0.9232985009570166 0.004804421168754637
668 0.9294532340960288 0.004820407772883103
669 0.933674894033421 0.004831342732245048
670 0.9302361725182788 0.0048224376157327345
671 0.9305343409837974 0.004823210421425797
672 0.9384396613231547 0.004843654795700624
673 0.9375244308816898 0.004841292288081386
674 0.9489971815368795 0.0048708243437875776
675 0.9565374365272991 0.004890136620256888
676 0.9593715317000496 0.0048973756793656
677 0.9497338834811686 0.0048727145757611005
678 0.9560860101625908 0.004888982563431886
679 0.9575265166575512 0.0048926642198595565
680 0.9617509370292171 0.004903445082663484
681 0.9604380026085573 0.004900096970248127
682 0.9642481479898509 0.004909806916098573
683 0.9646696952011037 0.004910880026406833
684 0.963733352964782 0.0049084961116015215
685 0.9607042659569114 0.004900776152979624
686 0.96063094063469 0.004900589124639908
687 0.958823495169574 0.004895976677991392
688 0.9563904543236346 0.004889760894936192
689 0.9541348709596277 0.004883991403038476
690 0.9510091375382134 0.004875984894213294
691 0.9453168974004158 0.004861370453241974
692 0.943999973578405 0.004857983078167052
693 0.9436122040505649 0.0048569852119869
694 0.9455324475931395 0.0048619246640120685
695 0.9377567143567733 0.004841891996479732
696 0.9382716676115133 0.004843221235611525
697 0.9439803192321905 0.004857932505613565
698 0.9544305064523028 0.004884747988622174
699 0.9550099240754929 0.00488623048505497
700 0.9669417782590382 0.004916659914088788
701 0.9689730370193568 0.004921821429140822
702 0.9632755958733553 0.004907330246702497
703 0.9573016167671327 0.0048920896016911115
704 0.9547949791103293 0.004885680579908485
705 0.945485963209175 0.004861805151270208
706 0.9509411827899656 0.004875810683350222
707 0.9525024521445202 0.004879811631010636
708 0.9523664548067713 0.004879463251287706
709 0.9574999179884678 0.004892596263903229
710 0.952317522611373 0.004879337897273498
711 0.9534188078287854 0.004882158379906815
712 0.9402013667135354 0.004848199089882401
713 0.9440208613144908 0.004858036823776149
714 0.9415860529351272 0.00485176788099354
715 0.9455611838078242 0.004861998544210348
716 0.9444949407840555 0.004859256503625722
717 0.9539749525817851 0.004883582093654781
718 0.9514618442054465 0.0048771453080050965
719 0.9482142397992408 0.004868814665232882
720 0.9386723602585563 0.004844255283669503
721 0.9352248149533289 0.004835351137179431
722 0.9312921778726004 0.004825174058183789
723 0.9380305552627191 0.004842598902272947
724 0.9423665018413354 0.004853778197847635
725 0.9484450559358367 0.004869407217296823
726 0.9482237696748949 0.004868839131793187
727 0.9501089861583419 0.004873676733623464
728 0.9580028456269921 0.0048938810153757555
729 0.9436981768596994 0.004857206467683909
730 0.9404968591338932 0.004848960891337774
731 0.9359617554140127 0.00483725584722716
732 0.9338295074939318 0.00483174274283829
733 0.9338313572490302 0.004831747528260187
734 0.9271672219493226 0.004814476170114761
735 0.924854744245712 0.004808468451534687
736 0.933541065940927 0.0048309964700949115
737 0.9320547903283317 0.004827149262594196
738 0.9259723290513336 0.00481137282590311
739 0.9312773530347469 0.004825135653100292
740 0.9303548207622729 0.004822745148125192
741 0.9325000341923043 0.004828302092876968
742 0.9374173627076267 0.004841015834952057
743 0.9203675677997617 0.0047967894926789715
744 0.9332662203551336 0.0048302852663535695
745 0.9347014000034692 0.004833997853323712
746 0.9346807600410957 0.004833944481153408
747 0.9333001621237226 0.004830373101384201
748 0.9359784965071674 0.004837299107856224
749 0.9422598811847605 0.004853503608472813
750 0.955126835393352 0.004886529559519492
751 0.9604417608312514 0.0049001065573519124
752 0.9584988024933323 0.004895147629484139
753 0.9537509748895777 0.004883008767461053
754 0.9483860104564902 0.00486925564238141
755 0.9448490550209752 0.004860167345271663
756 0.9373376911808299 0.004840810110515148
757 0.9265591763875849 0.004812897220323692
758 0.9237343372675472 0.004805554980921097
759 0.921783729502906 0.004800478463656147
760 0.9291756818840877 0.004819687986944829
761 0.9243211177952171 0.0048070810465397455
762 0.9261312712979018 0.0048117857419096395
763 0.9360206452158883 0.004837408022546344
764 0.9381627174246546 0.004842940034976513
765 0.936831866648132 0.004839503787850072
766 0.934753062849077 0.004834131443919584
767 0.9278416238738914 0.004816226826146636
768 0.9328669375657369 0.004829251876275706
769 0.9346675379404646 0.004833910290267521
770 0.9245547176003055 0.004807688444896394
771 0.9189885496657852 0.004793194548874816
772 0.9105406293349815 0.004771112655646597
773 0.9160720939374447 0.004785582784717827
774 0.9172290071968421 0.004788603702664991
775 0.911207249521206 0.004772858836976229
776 0.9161768719808424 0.004785856458409522
777 0.9064449403317174 0.00476037012707124
778 0.9046785961758605 0.0047557297171255675
779 0.9031150733237862 0.00475161836331982
780 0.9131702759902308 0.004777997189193819
781 0.9082064834248533 0.004764993423343204
782 0.8987220274239397 0.004740047565371731
783 0.8931582460818661 0.0047253525145719245
784 0.9001053299575709 0.004743694075896031
785 0.9010678827856784 0.004746229799182396
786 0.9077285990889907 0.004763739625124543
787 0.9259802205522923 0.004811393328066718
788 0.9377291482130025 0.004841820830222135
789 0.9408246333290868 0.0048498057776254575
790 0.9417632746450515 0.004852224450067749
791 0.9410057651666596 0.004850272608490808
792 0.9365520137960598 0.004838780899280291
793 0.9364706513563117 0.004838570711504037
794 0.9544841569048814 0.0048848852774325165
795 0.960006542874865 0.004898996205793497
796 0.9588699269543214 0.004896095222324269
797 0.9610152408959176 0.00490156926658909
798 0.951878284593824 0.004878212517430447
799 0.9570210366837867 0.004891372626248879
800 0.948593002679992 0.004869786988822528
801 0.9530949011505291 0.004881328997256048
802 0.9550944052639024 0.004886446600835109
803 0.955270785199329 0.004886897776836042
804 0.9566325348933539 0.004890379701409068
805 0.9513718871974618 0.004876914745017884
806 0.9471194432414329 0.004866003116537599
807 0.945930569661544 0.004862948127457633
808 0.9396228485703734 0.004846707280350788
809 0.9326138851764353 0.004828596832902218
810 0.9345018359343678 0.004833481782748149
811 0.9369018046487753 0.0048396844280024776
812 0.9483043927633498 0.004869046114847673
813 0.9436741999169795 0.004857144762732124
814 0.9467316610852163 0.004865006862908439
815 0.9449166962818344 0.004860341310606106
816 0.9530482337622715 0.004881209490969838
817 0.9456699460027621 0.004862278159341113
818 0.9475912529035638 0.004867214970784729
819 0.9523579269884975 0.00487944140503891
820 0.9632790034208422 0.004907338926433475
821 0.9653319205527132 0.004912565344881023
822 0.9529972805812338 0.004881079006243873
823 0.9543140296741441 0.004884449917121044
824 0.9512724097973236 0.004876659768237193
825 0.951208904595987 0.004876496987089514
826 0.9401142496810869 0.004847974472839396
827 0.9417112467293834 0.004852090417122283
828 0.9314194474301662 0.00482550374890979
829 0.9330805536295773 0.004829804766878743
830 0.9306732244370038 0.004823570343191555
831 0.9253793321721959 0.0048098319666807976
832 0.9315637248719099 0.004825877471178063
833 0.9283200597268366 0.00481746839505398
834 0.922831752840405 0.004803206643872363
835 0.9296714246866946 0.004820973538788184
836 0.9264553120428612 0.004812627457507397
837 0.923314669076821 0.004804463234303811
838 0.9184014835814754 0.004791663315707928
839 0.9236636363682241 0.004805371073304735
840 0.9218313664159978 0.004800602504151568
841 0.9321454246715708 0.004827383956344109
842 0.9172914581285211 0.004788766719572511
843 0.9274210320231383 0.004815135101377224
844 0.9297017481746995 0.004821052162018574
845 0.9239327351718197 0.00480607101719425
846 0.9223166818336865 0.004801866021499993
847 0.929476106908371 0.004820467084960378
848 0.9328898757966392 0.004829311249059333
849 0.9311212220347225 0.004824731163057472
850 0.9335213133084247 0.004830945360718929
851 0.9310138755283227 0.004824453039784891
852 0.9313525797044514 0.0048253305314332594
853 0.9258914776893971 0.0048111627685798785
854 0.9371235888621705 0.004840257221268606
855 0.929001510204072 0.0048192362464869985
856 0.93615024437992 0.004837742898886898
857 0.9339749571326895 0.004832119014881327
858 0.9416366080521587 0.0048518981284626774
859 0.9426432024508972 0.0048544907363402045
860 0.9382793196041517 0.0048432409848051545
861 0.9312916810154419 0.004825172771035326
862 0.9211424710522876 0.0047988083956949515
863 0.911401677239524 0.0047733680112381
864 0.9167586227887388 0.0047873756705371015
865 0.914153650839353 0.004780569161870868
866 0.9304619039594051 0.004823022687456649
867 0.934830272227755 0.004834331086259949
868 0.9332523844017914 0.004830249461002524
869 0.9326204708284704 0.0048286138814380205
870 0.9260725357541865 0.004811633156989066
871 0.9178989324564693 0.004790352132447442
872 0.9141028826326305 0.0047804364137858085
873 0.9141021689468153 0.004780434547622606
874 0.914714407587373 0.004782035176604071
875 0.9127566552926757 0.0047769149691402665
876 0.9200780745479418 0.004796035040082979
877 0.9205164966418358 0.004797177572090323
878 0.9168092490555642 0.004787507855610737
879 0.9181436391236278 0.004790990630296315
880 0.9201442650663059 0.004796207550625833
881 0.907132840185509 0.0047621761037615964
882 0.9046439373305758 0.004755638618651547
883 0.9033060898711128 0.004752120840674354
884 0.9012512722193935 0.004746712761747658
885 0.9120805316748377 0.004775145393783584
886 0.9207055061592168 0.004797670048695579
887 0.9233032441694808 0.004804433509487931
888 0.9198799471239839 0.004795518628892258
889 0.916120902214853 0.0047857102708308286
890 0.9292113059805426 0.00481978037818333
891 0.9258338312394332 0.0048110129935913645
892 0.9197195092353546 0.004795100413212924
893 0.9312800964640084 0.0048251427602250116
894 0.9341595796789576 0.004832596583378645
895 0.9382305794714163 0.004843115188963112
896 0.9437055834058611 0.004857225528361473
897 0.938224905157135 0.004843100543629739
898 0.9409055347765717 0.004850014290380769
899 0.9397731591659632 0.004847094926482729
900 0.9391916970236042 0.004845595182495407
901 0.9407617397295442 0.004849643671516925
902 0.9409264290416166 0.004850068141122276
903 0.934023010126649 0.004832243319498648
904 0.9366807952327812 0.0048391135683296055
905 0.9287307889892307 0.004818534006211003
906 0.9295628015754929 0.004820691888503896
907 0.9255803596073321 0.004810354377136444
908 0.9285142438879922 0.004817972222981774
909 0.9290437830920255 0.004819345891473661
910 0.9299935091801206 0.00482180857916573
911 0.9260557323512174 0.004811589503725138
912 0.9113895646660642 0.004773336291983992
913 0.9099485919252391 0.004769561304509237
914 0.9136816837212668 0.004779334925840042
915 0.9119713116307703 0.004774859477580691
916 0.9072686515662116 0.004762532574984791
917 0.9045783702015202 0.004755466275031962
918 0.9028208938426177 0.004750844407421857
919 0.9033174590915665 0.004752150746229108
920 0.9020961264624089 0.00474893708095145
921 0.9100993307567691 0.004769956342389282
922 0.9092491981382805 0.004767727990627604
923 0.9090745570444358 0.004767270095685987
924 0.9070922894249784 0.0047620696628896605
925 0.9150242027469607 0.00478284489706178
926 0.9151833288951036 0.00478326075633509
927 0.9098493362989649 0.004769301169646229
928 0.9157517200374424 0.004784745891037821
929 0.9194574615964598 0.004794417251528433
930 0.9233923445112936 0.004804665321919861
931 0.9266333937280873 0.004813089972868947
932 0.9272942021554116 0.004814805842169393
933 0.9286582895584976 0.0048183459281401185
934 0.9342338875000996 0.0048327887842560474
935 0.9239576954296613 0.0048061359353192635
936 0.9258625827634805 0.004811087695377594
937 0.9351867975790834 0.004835252856413641
938 0.9317058758391112 0.004826245656930592
939 0.9280670416862113 0.0048168118383700425
940 0.9359683148975163 0.004837272797622919
941 0.9343318239831656 0.004833042090167792
942 0.9281745964910952 0.004817090943340408
943 0.9188959525826287 0.004792953062179931
944 0.9197221338713049 0.004795107255181494
945 0.9282141812654953 0.0048171936618515345
946 0.9218772265314182 0.0048007219150627625
947 0.9252181027641255 0.004809412938442726
948 0.9236018366147694 0.00480521031363886
949 0.9179686493336932 0.004790534049017154
950 0.9254748819072894 0.004810080279070915
951 0.9347299772885453 0.004834071749371607
952 0.9337675208239726 0.004831582377048455
953 0.9340093898213798 0.00483220808649669
954 0.9215063511526723 0.004799756141846967
955 0.9202434610171897 0.0047964660707106475
956 0.9252506151699318 0.004809497439713843
957 0.9183813404067098 0.0047916107679700625
958 0.9341116463003938 0.004832472597253527
959 0.9448194787345457 0.004860091276599287
960 0.9391008731298638 0.004845360881838967
961 0.9450064698308152 0.004860572187956107
962 0.9423554831713065 0.0048537498212358875
963 0.9569975041546903 0.004891312488032558
964 0.948343872360074 0.0048691474673131134
965 0.9462154193481421 0.004863680266278158
966 0.9564232369987203 0.004889844698610883
967 0.9552290491245238 0.004886791020635519
968 0.9569144406926314 0.00489110021048536
969 0.96432046360599 0.004909991022781191
970 0.9555378063812885 0.004887580731902468
971 0.954477981522082 0.004884869475134964
972 0.9647032234688524 0.00491096536746739
973 0.9558929505905228 0.004888488929739796
974 0.9449994157602843 0.004860554046872361
975 0.9414283642583858 0.0048513615979517075
976 0.9469066762581542 0.004865456520771272
977 0.9489865516006718 0.004870797064098
978 0.9473874099308709 0.004866691432324434
979 0.9601633228528716 0.004899396220338837
980 0.9510143113706823 0.004875998157752863
981 0.9537602972922813 0.004883032631794668
982 0.9614219490231425 0.004902606345451193
983 0.9540618291921975 0.004883804457669121
984 0.9661916308803169 0.004914752387063077
985 0.9693424968607778 0.004922759660645897
986 0.9755879854680748 0.0049385929062140425
987 0.9672609620249913 0.004917471332406559
988 0.9684767767476377 0.00492056091044774
989 0.9701776377500441 0.004924879815684219
990 0.9607689367271394 0.004900941100532271
991 0.9595997326933751 0.004897958102080379
992 0.9492048785825551 0.00487135732770962
993 0.9534288100598796 0.004882183988982218
994 0.9514565855118087 0.004877131830087618
995 0.952387500540729 0.004879517165050418
996 0.951727476939762 0.004877826070476876
997 0.956565039866059 0.004890207178459183
998 0.9484550554001492 0.0048694328863300735
999 0.9512346174920641 0.004876562896908211
1000 0.9517985290524954 0.004878008146432405
