1 0.955507054873589 0.004887502084210675
2 0.956325785416078 0.004889595574987901
3 0.9542409134854613 0.0048842627988395
4 0.9574102729816731 0.004892367226237866
5 0.9524161968559105 0.004879590676676554
6 0.954441502628126 0.004884776127597543
7 0.9509921723460942 0.00487594140231287
8 0.9472685887198492 0.004866386232837799
9 0.9529090026350789 0.004880852929203827
10 0.9560620916060181 0.004888921408820192
11 0.9574060531821167 0.004892356444636508
12 0.9592174145586851 0.004896982296911744
13 0.9624800740943635 0.0049053034672196525
14 0.9597054997708536 0.00489822802110106
15 0.958883412362953 0.004896129651192446
16 0.9609994941166246 0.004901529108929604
17 0.9593784955846255 0.00489739345386481
18 0.9576808000329997 0.004893058374137868
19 0.9568667242944612 0.00489097826196796
20 0.9600809111340071 0.004899185955939741
21 0.9558726643429606 0.004888437056973747
22 0.9589268629005289 0.004896240580765684
23 0.9562058491725509 0.004889288954523095
24 0.9583915843438879 0.004894873835011468
25 0.960156121450234 0.004899377847115146
26 0.9608499638625831 0.004901147758361695
27 0.9628789431901825 0.004906319785034149
28 0.968888521585259 0.004921606779749387
29 0.9712281141348602 0.004927545343153174
30 0.9738664320315741 0.004934233583540845
31 0.9729819613589105 0.0049319924259768584
32 0.9736579806424152 0.004933705480889443
33 0.9750131219277623 0.004937137663125127
34 0.976785441963125 0.004941622841334503
35 0.9770982390688028 0.004942414008733293
36 0.9768858254226258 0.004941876758126694
37 0.9774714281806913 0.004943357761847555
38 0.975063026723403 0.004937264012036706
39 0.9728289226624222 0.004931604538326308
40 0.9708601465072944 0.004926611809148819
41 0.9739928279363154 0.0049345537746177314
42 0.9628942673700335 0.0049063588268203374
43 0.9635921222951932 0.004908136439712163
44 0.959325062374487 0.004897257070206789
45 0.9572451524928705 0.004891945325134255
46 0.9513367615482818 0.00487682471377987
47 0.947247480758486 0.004866332013756729
48 0.9475234982556593 0.004867040959927866
49 0.9474638406522133 0.004866887739152581
50 0.9461336776500918 0.0048634701798315584
51 0.9481469666113024 0.004868641947676028
52 0.9482180419969731 0.0048688244268335545
53 0.9500632257501432 0.004873559365971207
54 0.9528612544890201 0.004880730643341585
55 0.9528719208215721 0.004880757960723944
56 0.9521581453393563 0.004878929583825434
57 0.9566163971221602 0.004890338452466225
58 0.9559036169275907 0.004888516203779838
59 0.9555787564527396 0.004887685460692138
60 0.9572389948626094 0.004891929591004428
61 0.9585284435642738 0.00489522331883087
62 0.9619538990325762 0.004903962451817312
63 0.9691147493454483 0.004922181324223983
64 0.9643199419992164 0.004909989694859084
65 0.9670144492355249 0.0049168446675931145
66 0.9674152701615379 0.004917863561394785
67 0.9696534812627049 0.0049235492570515104
68 0.972946182894303 0.004931901745601639
69 0.9702777081914126 0.004925133801227573
70 0.9706329789370739 0.004926035396617582
71 0.9701225662766417 0.00492474003497487
72 0.9724359804616023 0.004930608458123276
73 0.9758289260206565 0.004939202709667379
74 0.9705265795878387 0.004925765396866813
75 0.9697662746943353 0.004923835610825458
76 0.971799950154336 0.0049289957404594935
77 0.9737563115996957 0.0049339546051941335
78 0.9706464791501181 0.004926069653796929
79 0.9691814015988885 0.004922350586345196
80 0.9681661427381649 0.004919771724694934
81 0.9660578376237711 0.004914412090443106
82 0.9701148685185302 0.004924720496447435
83 0.9725566034987931 0.00493091425024592
84 0.9708621883803866 0.004926616989869665
85 0.9685950115736787 0.004920861260400299
86 0.9644556133898557 0.004910335079037282
87 0.9642018223038041 0.004909688972960103
88 0.9645870269384923 0.0049106696006934285
89 0.9634814410867576 0.004907854549657149
90 0.9594195866693095 0.004897498332729252
91 0.9626160395930091 0.004905649930745064
92 0.9661337425920045 0.0049146051539181845
93 0.971623315955526 0.004928547773376162
94 0.9736724478917738 0.004933742134870477
95 0.9768839527020204 0.00494187202125846
96 0.9763924132865694 0.004940628562134742
97 0.9753211243114683 0.004937917411654665
98 0.9796447512793408 0.004948850274524008
99 0.9763042872280625 0.004940405594432077
100 0.9725911202952143 0.004931001750476053
101 0.97285828484876 0.004931678961277468
102 0.9696817584630312 0.00492362104722003
103 0.9687794617503372 0.004921329779497956
104 0.9719141290090606 0.004929285291080846
105 0.9654132599731344 0.004912772308305966
106 0.9707159984798058 0.004926246057325951
107 0.9693793086343165 0.004922853133177005
108 0.9696284880369869 0.004923485803367667
109 0.9656237584166688 0.004913307868880359
110 0.9623443209554035 0.004904957520408045
111 0.968415775415429 0.004920405942613376
112 0.9676260779570466 0.004918399353797713
113 0.9633541852494466 0.004907530426255566
114 0.9646477653482798 0.00491082420652941
115 0.9638588803866562 0.004908815769937504
116 0.9689771996630774 0.004921832001038223
117 0.9659325354934568 0.004914093369219044
118 0.9648055095248463 0.004911225711763905
119 0.9687252747263135 0.004921192144486796
120 0.9685371898907633 0.00492071437923604
121 0.9651020521521032 0.004911980410959544
122 0.9622377929000279 0.004904686032315935
123 0.964423823444513 0.004910254152259549
124 0.9671945433218826 0.004917302496028199
125 0.9650738063409343 0.004911908530537151
126 0.9671450282437279 0.004917176624901557
127 0.964202120643306 0.004909689732528284
128 0.9702253774981258 0.004925000984025122
129 0.9699898786670875 0.004924403235094637
130 0.966933869674974 0.004916639807450193
131 0.9642804362127791 0.004909889118804118
132 0.9638134382984849 0.004908700053066075
133 0.9642346661720423 0.004909772592281706
134 0.9631024732620199 0.004906889247259639
135 0.958752546419453 0.0048957955341970665
136 0.9650283887697216 0.004911792948921134
137 0.9651692052584732 0.0049121512991078765
138 0.9614064493642843 0.004902566826365835
139 0.9558118786386401 0.0048882816221418905
140 0.9547287791852972 0.004885511204649078
141 0.960411143959707 0.00490002845416295
142 0.9577346709127259 0.004893195992879095
143 0.9606000540938259 0.004900510341281733
144 0.9566191661440177 0.004890345530248034
145 0.9546056156868866 0.00488519607009371
146 0.9610020209201229 0.0049015355528418195
147 0.9617198199962694 0.00490336575760618
148 0.9669101344132356 0.004916579462863808
149 0.9621470356515146 0.004904454724468188
150 0.9597689889435099 0.004898390039189684
151 0.9612301895630568 0.00490211739882938
152 0.9659354782964892 0.004914100854833888
153 0.9688215415335305 0.004921436659468889
154 0.9667378320404174 0.004916141378692073
155 0.9645403208698744 0.004910550709996468
156 0.9654015818468784 0.00491274259452889
157 0.965168804070725 0.004912150278201329
158 0.9652666055707068 0.004912399148395686
159 0.9663622640633369 0.004915186350054553
160 0.9654977940861279 0.0049129873912015076
161 0.9667173279742509 0.004916089243863342
162 0.9650833961984451 0.004911932935088174
163 0.9635085296405069 0.004907923542032949
164 0.9633509903346095 0.0049075222884621085
165 0.9649133538998976 0.004911500188465386
166 0.9706780144801447 0.004926149674676761
167 0.9753823473664432 0.004938072391198086
168 0.9765488814172982 0.004941024417293542
169 0.9748324327330643 0.004936680167352719
170 0.9736499977524349 0.004933685255456303
171 0.9743851819433819 0.004935547568899926
172 0.9714399432309285 0.004928082673442883
173 0.9666253089625524 0.004915855264174504
174 0.9680805152860298 0.004919554160366758
175 0.9708964952755259 0.004926704033860766
176 0.9736886237739274 0.004933783117492538
177 0.9798897827039315 0.00494946914581105
178 0.9810241566084159 0.004952333204989952
179 0.9822438751861893 0.004955410894972404
180 0.9819667440516021 0.004954711783703834
181 0.9828375966018168 0.004956908328137414
182 0.9830047108214729 0.004957329727695487
183 0.9804773139016825 0.0049509527472430875
184 0.9776784654499806 0.004943881258020378
185 0.9767767299476433 0.004941600803951038
186 0.980144632404722 0.004950112732849865
187 0.9726202166200504 0.004931075508580907
188 0.9747242759580527 0.0049364062996607085
189 0.9707831648499331 0.004926416484280468
190 0.9740872380194364 0.004934792924398851
191 0.9756532072886784 0.004938757985449369
192 0.9705301202296162 0.004925774381862799
193 0.9774352670530081 0.004943266322323416
194 0.9708338382082625 0.0049265450582088345
195 0.9690545427945664 0.004922028425837409
196 0.9670899362617493 0.004917036573070644
197 0.9699461695625636 0.004924292283586133
198 0.9696240517626017 0.004923474540312172
199 0.9702913440437343 0.0049251684089283675
200 0.9734440691470119 0.004933163486518279
201 0.9759161616729606 0.004939423478354141
202 0.9765443190412321 0.0049410128751995915
203 0.9742683549915291 0.004935251678592179
204 0.9764858855857546 0.004940865045362586
205 0.9758868922456538 0.0049393494068374795
206 0.9784364142354585 0.004945797267705326
207 0.9761204402312055 0.00493994041082744
208 0.9739262300482174 0.004934385068818012
209 0.9726421712607469 0.004931131162050918
210 0.9726470709010008 0.0049311435822086205
211 0.9746459755815157 0.004936208022956074
212 0.971999559671136 0.0049295019269131385
213 0.9739761144457594 0.004934511436538151
214 0.976409927810267 0.004940672874424967
215 0.9735543894497505 0.004933443016019812
216 0.9730716743054285 0.004932219795749136
217 0.975519665551854 0.004938419979647759
218 0.9735935148504743 0.004933542148126744
219 0.9692157058610907 0.004922437699093507
220 0.969646337029734 0.004923531119104085
221 0.9671868836384142 0.00491728302473596
222 0.9655694842760365 0.004913169787506999
223 0.9628375362126397 0.004906214289915196
224 0.9673858607034796 0.004917788809214503
225 0.9607471685464833 0.004900885579807423
226 0.9674232189970567 0.004917883765338975
227 0.9678511539566206 0.004918971346072908
228 0.9674826038878408 0.004918034704195353
229 0.963804655104793 0.004908677686620531
230 0.9606651869851565 0.004900676476498893
231 0.9577203346913521 0.004893159369894866
232 0.9645535637555105 0.004910584420167442
233 0.9626450497594259 0.004905723850481914
234 0.9614118669500267 0.00490258063948241
235 0.958695331855043 0.00489564945114932
236 0.9580180051684154 0.004893919735875814
237 0.9557801069903197 0.0048882003770461145
238 0.9532027521693383 0.0048816051719645795
239 0.954533944345581 0.004885012677538057
240 0.9594036160229272 0.0048974575703033965
241 0.9608327232710119 0.0049011037873626035
242 0.9581233901645081 0.004894188901761439
243 0.9593578945584024 0.004897340871972963
244 0.9580329616991179 0.004893957937545673
245 0.954496464845686 0.004884916772290015
246 0.9595782562029899 0.004897903291967855
247 0.9555832812793761 0.004887697032686091
248 0.9567037062772701 0.004890561614842458
249 0.9573195085546525 0.004892135317595682
250 0.9506801733874642 0.004875141493817485
251 0.9493565712906509 0.004871746558676108
252 0.9448220550444164 0.004860097902781788
253 0.9455390997173856 0.004861941766582233
254 0.943421090190203 0.004856493333970521
255 0.9435366877373652 0.0048567908583353235
256 0.9427856813455422 0.004854857596430245
257 0.9451964492728749 0.004861060736139168
258 0.9424476270759731 0.004853987116256935
259 0.9424523256574113 0.0048539992160408834
260 0.9396381222929482 0.004846746672199169
261 0.9418293296027213 0.004852394613775181
262 0.9462939135254366 0.004863881997647207
263 0.9422752767089184 0.00485354325885395
264 0.9467546721662051 0.00486506598651827
265 0.9457497481312457 0.004862483311234978
266 0.9444470466321951 0.004859133298667548
267 0.9460016387154943 0.004863130803989457
268 0.9443694276176234 0.004858933621571204
269 0.9416142779131844 0.004851840598731517
270 0.9493535504315836 0.004871738807704598
271 0.9526967008872168 0.004880309188234408
272 0.955023076867626 0.004886264132533905
273 0.9574638767339264 0.004892504181928394
274 0.9540768731848992 0.004883842962316691
275 0.9511938905268748 0.004876458501142131
276 0.9524586079983459 0.004879699319679522
277 0.9531038737557347 0.004881351974052397
278 0.9524020399359224 0.004879554410897098
279 0.9539726557730184 0.004883576214747328
280 0.9557233672804255 0.0048880552813354615
281 0.9521497791179631 0.0048789081492061305
282 0.9558986617520214 0.004888503533314414
283 0.9591262447243714 0.004896749571949253
284 0.9563461290035422 0.004889647582048549
285 0.9497399207124281 0.004872730063077346
286 0.9507248124560534 0.004875255948303375
287 0.9590374272713401 0.0048965228411635186
288 0.9540388621389359 0.004883745673600458
289 0.9545756041562032 0.004885119277457209
290 0.9562692281436511 0.004889450987085944
291 0.9592794991854766 0.004897140771098288
292 0.9581186678202954 0.004894176840646267
293 0.9672456088505069 0.004917432305144037
294 0.9718332652723646 0.004929080227327134
295 0.9662918734410002 0.004915007333685848
296 0.9605397057240487 0.004900356404971878
297 0.9610183693775786 0.004901577244848137
298 0.9651323428133813 0.004912057493982558
299 0.9666094899477646 0.0049158150395370165
300 0.9697401883092371 0.00492376938562303
301 0.9620342941468638 0.004904167371400817
302 0.9628483180098263 0.004906241759585495
303 0.9704336182071386 0.0049255294852866855
304 0.9731030351935067 0.004932299274759171
305 0.9723392635536879 0.004930363256859831
306 0.9670252306269852 0.004916872076841962
307 0.964148715836586 0.0049095537627682215
308 0.9631619358192902 0.004907040722148091
309 0.9660293283393967 0.004914339575423795
310 0.975886784998378 0.0049393491354270385
311 0.9712687238746288 0.004927648359241498
312 0.9724647008644265 0.004930681269094054
313 0.9676422890791391 0.00491844055382337
314 0.9663370615000367 0.0049151222560251204
315 0.9592075895362634 0.004896957217569282
316 0.9564275697263194 0.00488985577442976
317 0.959432731809006 0.004897531883263413
318 0.9592951030005196 0.004897180599828162
319 0.9575061697136596 0.004892612236289657
320 0.9553851199144989 0.004887190220275283
321 0.9550250729240994 0.004886269238826252
322 0.9573551383608104 0.004892226355232383
323 0.959957439171347 0.004898870913973771
324 0.9614724859828446 0.004902735196037427
325 0.9628077601681219 0.004906138426241894
326 0.9650284611283403 0.004911793133066259
327 0.9580376976688141 0.004893970034002042
328 0.9575598712007762 0.004892749434815083
329 0.9565783582353259 0.004890241221809912
330 0.9516209541212347 0.004877553085649882
331 0.9526777050272826 0.004880260533645907
332 0.9518894532555536 0.004878241136081865
333 0.9522337305030566 0.0048791232319997215
334 0.9509894042924687 0.004875934306104566
335 0.9515174814737161 0.004877287902832629
336 0.9475613418139822 0.004867138152403688
337 0.9495368798128208 0.004872209175012313
338 0.9554045175694722 0.004887239833539357
339 0.9520638032381129 0.004878687869844834
340 0.9436790817084495 0.0048571573261450085
341 0.9432363817704993 0.004856017894567413
342 0.9365085349591823 0.0048386685793001365
343 0.9320920997191408 0.004827245875045493
344 0.9363048795967881 0.004838142436534189
345 0.9384534093130954 0.004843690274952125
346 0.9404055323623178 0.004848725456902031
347 0.9407701006684074 0.004849665221864076
348 0.9388222479077398 0.004844642034725467
349 0.941440093927801 0.004851391820479872
350 0.9401243793636904 0.004848000591106624
351 0.9401944218331753 0.0048481811840241406
352 0.9401965178101866 0.004848186588050377
353 0.9448069623008654 0.004860059084623477
354 0.9432079692399975 0.004855944756593604
355 0.940238494527356 0.004848294814725258
356 0.9342008908990004 0.004832703437848725
357 0.938632419339206 0.004844152219982939
358 0.9411510394505163 0.00485064699125909
359 0.9426883484153411 0.0048546069828911825
360 0.9415054670142051 0.004851560256556266
361 0.9380780657261848 0.004842721537513209
362 0.9377923115497584 0.004841983894583755
363 0.9368445886010272 0.004839536647391041
364 0.9362558646897648 0.0048380157981867435
365 0.934267445666097 0.0048328755816169945
366 0.9394799035753331 0.0048463386010979175
367 0.9430089414687918 0.004855432399360166
368 0.942833992840204 0.004854981984415155
369 0.9416593472840424 0.004851956711449795
370 0.9420205642650098 0.004852887218388853
371 0.9424588606373078 0.004854016044866832
372 0.9486312869496359 0.004869885257709503
373 0.9518583891655686 0.004878161536839825
374 0.9579388628098754 0.0048937175870916875
375 0.9524835544117295 0.004879763222823618
376 0.9504843573588623 0.004874639390147175
377 0.9489194217648709 0.004870624784738917
378 0.9496804992917536 0.004872577627096901
379 0.9432507566007776 0.004856054897045509
380 0.9487281415965106 0.004870133857447216
381 0.946878911016637 0.00486538518767738
382 0.9444090390997587 0.004859035524247468
383 0.9470209670815447 0.004865750140125417
384 0.9473552809985776 0.004866608909101313
385 0.9464575246116456 0.004864302454025123
386 0.9502238550106092 0.00487397134021114
387 0.9507443540842186 0.004875306052154748
388 0.9513375764110011 0.004876826802389266
389 0.9538237837213416 0.004883195147023592
390 0.954252241974805 0.004884291791075144
391 0.9545413626826604 0.004885031659890903
392 0.9518563247825701 0.004878156246977743
393 0.9513876691406358 0.004876955195483792
394 0.9480785350590757 0.004868466249841623
395 0.9468194118887562 0.004865232321920279
396 0.9504913584587926 0.004874657342980583
397 0.9468842661113293 0.004865398945804874
398 0.9456737451779614 0.0048622879262942235
399 0.9496919541186509 0.00487260701296141
400 0.9571729218363807 0.0048917607563812495
401 0.9625927449626316 0.0049055905737488414
402 0.96554233216212 0.00491310070709084
403 0.9671815077721626 0.004917269358973406
404 0.9641622013284162 0.004909588097469166
405 0.959228906267978 0.004897011630474484
406 0.9564343605651561 0.004889873133906111
407 0.9580629709339159 0.004894034585630157
408 0.9619393874477924 0.004903925462240495
409 0.9639677160493605 0.004909092905495206
410 0.9707489115384722 0.004926329571171095
411 0.9717639039210454 0.004928904325874676
412 0.9728542199444018 0.004931668658222771
413 0.9677524638612021 0.0049187205502117
414 0.96958170102045 0.004923367016639855
415 0.9763041832556714 0.004940405331365631
416 0.9703577384488176 0.0049253369140040085
417 0.9685874689088694 0.004920842100442383
418 0.9638138819846269 0.004908701182912294
419 0.9638588997068499 0.0049088158191351984
420 0.9588262635595909 0.004895983746009251
421 0.9590076534383529 0.004896446832980374
422 0.9579023719437886 0.00489362437775405
423 0.9507070033961984 0.004875210286230368
424 0.948800343425413 0.004870319171799241
425 0.9460724537838818 0.004863312820849535
426 0.9505365950761221 0.0048747733410815786
427 0.9520556902874177 0.004878667083087511
428 0.9500237674998551 0.00487345816001103
429 0.9515859599765455 0.004877463403215472
430 0.9501252989640793 0.004873718572508101
431 0.9559037308749909 0.004888516495144829
432 0.9565363200938188 0.0048901337664669425
433 0.9546968713785533 0.004885429565102203
434 0.9635966685204844 0.004908148017986403
435 0.9662718625096193 0.004914956440996795
436 0.9637032937781786 0.004908419562133444
437 0.966773895184152 0.00491623307359316
438 0.9642859376569937 0.00490990312481396
439 0.9698922852833285 0.004924155499899539
440 0.9695148902980384 0.004923197387111283
441 0.9761476161424715 0.004940009176136698
442 0.9732522209484131 0.004932677343968663
443 0.9740821021648098 0.004934779915085368
444 0.9738106311225381 0.004934092219872036
445 0.9777811159524309 0.0049441407904704145
446 0.9818590281309846 0.004954440025020977
447 0.9779914183899757 0.004944672458008452
448 0.9762049153626418 0.004940154161646588
449 0.9675722729247161 0.004918262607630396
450 0.9635581613110566 0.0049080499474045735
451 0.9611858457847813 0.004902004324502088
452 0.9589328909670485 0.0048962559702696576
453 0.9588877719033487 0.0048961407812477065
454 0.956333211921314 0.0048896145604305176
455 0.961089763282078 0.004901759310170616
456 0.9671955919304606 0.004917305161636796
457 0.9672774466686378 0.004917513235481511
458 0.969603165228733 0.004923421512093998
459 0.9712387924081937 0.004927572431295828
460 0.9694537705169642 0.004923042201516907
461 0.966663239648559 0.004915951713094049
462 0.9706042850282057 0.0049259625842062674
463 0.9652542410485602 0.004912367685760273
464 0.9657727357689982 0.004913686869169532
465 0.9708495072988801 0.004926584814841966
466 0.9683029632552022 0.0049201193416491115
467 0.968695920078949 0.004921117582091157
468 0.966007808306568 0.004914284837262707
469 0.9635772705070037 0.004908098615158597
470 0.9646521258744422 0.00491083530578968
471 0.9660591234043626 0.004914415360875443
472 0.9693407534625191 0.004922755233761433
473 0.9661491691780194 0.0049146443903474455
474 0.967584081973719 0.004918292620802825
475 0.9655736326421263 0.004913180341695683
476 0.9628178028507051 0.004906164013209762
477 0.9640543811188026 0.0049093135753934284
478 0.9602977774125048 0.004899739246929032
479 0.9645199029139699 0.0049104987350109194
480 0.9624042532409327 0.004905110251988372
481 0.9616196603782836 0.0049031104171116556
482 0.9637132914506374 0.004908445022585907
483 0.9647733883656798 0.004911143956646278
484 0.9593915395634713 0.004897426746918475
485 0.9584818130852988 0.0048951042460032325
486 0.9552556594193073 0.00488685908705587
487 0.9529229332622102 0.004880888605797056
488 0.9537156900282667 0.004882918441010403
489 0.9600037691303134 0.004898989128459519
490 0.9567072496066552 0.004890570671384479
491 0.9586102094707398 0.0048954321044120995
492 0.9578164546244367 0.004893404910442454
493 0.9589579505253694 0.004896319946180588
494 0.9625229358994105 0.004905412689127653
495 0.9587143562197934 0.004895698025579438
496 0.9613515147464108 0.004902426758404605
497 0.9618989974319597 0.004903822507881399
498 0.9635837058500174 0.0049081150047343815
499 0.9666515036053357 0.0049159218712657195
500 0.9666245358888021 0.004915853298407939
501 0.9629976999589607 0.004906622336421281
502 0.9663490922619371 0.004915152852223839
503 0.9637113336805861 0.004908440036864723
504 0.9655688739177019 0.004913168234643817
505 0.9613651428491641 0.004902461506640711
506 0.9604799416169234 0.00490020395423038
507 0.9612131450185615 0.004902073936436379
508 0.960148566703144 0.004899358572315707
509 0.9580565063605386 0.004894018074242065
510 0.9623264691525782 0.004904912025911587
511 0.9615422518546769 0.004902913067685201
512 0.9595550932730195 0.0048978441772083966
513 0.9546605561348146 0.004885336646994931
514 0.9545055809323435 0.004884940099363465
515 0.9583573496569762 0.004894786409384793
516 0.962340980596447 0.004904949007689341
517 0.9641194692538732 0.00490947929875828
518 0.9602559345670919 0.004899632498131911
519 0.956427268719236 0.004889855004961487
520 0.9529856667826757 0.004881049264269689
521 0.9536588312272284 0.0048827728834667855
522 0.955893175217639 0.004888489504117453
523 0.9553908980985907 0.0048872049991542385
524 0.9565160625135559 0.0048900819844281
525 0.9598643672390746 0.004898633425093873
526 0.9601265446364534 0.004899302385896419
527 0.9547071755645493 0.004885455929616735
528 0.9475308363249239 0.004867059806222758
529 0.943036018269825 0.004855502106352069
530 0.9376715883712389 0.004841672227228288
531 0.94247513183526 0.004854057946067159
532 0.9423535782589462 0.004853744915458362
533 0.9414198828063218 0.00485133974462485
534 0.9415361781604612 0.00485163938289531
535 0.9425576094397072 0.004854270334860905
536 0.9455152740663455 0.004861880510703086
537 0.9418141869817342 0.004852355605503963
538 0.9331315948063088 0.004829936864555928
539 0.9315014461377701 0.004825716153945868
540 0.9315308009879654 0.004825792190896403
541 0.9287302413196177 0.004818532585473652
542 0.9259388950084553 0.004811285963103641
543 0.9226168348072069 0.004802647302566901
544 0.9265552163007871 0.004812886935221783
545 0.9242483156099514 0.00480689173305899
546 0.9200378442888903 0.004795930186024071
547 0.9181808760033101 0.004791087782705399
548 0.9161515561416775 0.0047857903364558665
549 0.9183604086976144 0.004791556162562822
550 0.9227932633583397 0.0048031064767166945
551 0.9229491738586122 0.00480351221391449
552 0.9302786627228676 0.0048225477512161465
553 0.9281151786983176 0.004816936756028369
554 0.931123931451528 0.004824738182658076
555 0.9251965878392083 0.00480935701932511
556 0.9274533645445854 0.0048152190352630615
557 0.9304185617479861 0.004822910354591372
558 0.933640285153208 0.004831253188811638
559 0.9373703704349338 0.004840894494556443
560 0.9338212099205608 0.004831721276484606
561 0.9369547651879926 0.004839821213241666
562 0.9344325189494812 0.004833302516863374
563 0.9343633654407765 0.004833123667131022
564 0.9361207695934461 0.004837666739871713
565 0.9345593103260156 0.0048336304165672965
566 0.93242766836154 0.004828114741210276
567 0.934158237053708 0.004832593110541313
568 0.9383839006738046 0.004843510892283121
569 0.9399339792137271 0.004847509641823419
570 0.944388838629931 0.004858983557715323
571 0.9427905879611755 0.004854870229677471
572 0.939674674049802 0.004846840940076812
573 0.9403617964525176 0.004848612704542743
574 0.9398246524973579 0.00484722771897845
575 0.9414636347260834 0.004851452474855572
576 0.9405131264103119 0.004849002826111567
577 0.9411765428824791 0.004850712712542007
578 0.9393147361338122 0.004845912571478179
579 0.9382954268076071 0.0048432825559724495
580 0.9373437060164649 0.004840825642073689
581 0.938188209280434 0.004843005830966911
582 0.9288725684537643 0.00481890178937717
583 0.9335074605841025 0.004830909516865333
584 0.936559600922102 0.004838800499027918
585 0.9410668018518488 0.004850429908144433
586 0.9446729755032109 0.004859714460341738
587 0.9376264206969843 0.0048415556140609895
588 0.9363435473328225 0.004838242338866876
589 0.93891316672522 0.004844876615053249
590 0.9397265625154497 0.004846974758553991
591 0.940310432869058 0.004848480284486398
592 0.9378177780353643 0.00484204963807222
593 0.9396873292782467 0.004846873577794156
594 0.9353512127484457 0.0048356778805803
595 0.9325147539509814 0.004828340200736782
596 0.9345869929890905 0.004833702004731849
597 0.9378064364059187 0.004842020358984067
598 0.9368535074750258 0.004839559683823853
599 0.9453137412644643 0.004861362337889911
600 0.9468386289573977 0.004865281695131216
601 0.9392591353256047 0.004845769147430617
602 0.9405322104545181 0.004849052021658268
603 0.9439085619056876 0.004857747862530068
604 0.9459850498397661 0.004863088164408864
605 0.9455720172810665 0.004862026396548815
606 0.949382917044371 0.0048718141565357795
607 0.9470654993822163 0.004865864541236122
608 0.9441237833083151 0.0048583016405980535
609 0.942671785399492 0.0048545643350289686
610 0.9389887813609913 0.004845071700295466
611 0.9423798180379337 0.004853812491106294
612 0.9406082350314877 0.0048492479956373
613 0.9468750384540973 0.004865375238396926
614 0.9481889893833376 0.004868749837892943
615 0.9490782679852233 0.004871032431555307
616 0.9548923643107692 0.004885929733319086
617 0.9484474718083283 0.004869413418952566
618 0.9529110014780817 0.004880858048293679
619 0.9539280956421038 0.0048834621573184385
620 0.9516496228628236 0.00487762655621358
621 0.9479633541189761 0.004868170508755232
622 0.9465657270803587 0.004864580498458333
623 0.946470721730038 0.004864336367090389
624 0.9423267006748798 0.0048536756962872145
625 0.938782878080721 0.004844540452813155
626 0.9359680153051962 0.004837272023446126
627 0.9357057334972426 0.00483659421324001
628 0.9390586126200928 0.004845251857488928
629 0.9410823228348948 0.004850469906968009
630 0.939711480847402 0.004846935863858151
631 0.93906753012476 0.004845274863216629
632 0.9412738793626381 0.0048509635364168855
633 0.9461314197239418 0.0048634643765485186
634 0.9458871149811632 0.004862836427777799
635 0.9463698420891836 0.004864077127385032
636 0.9531279906296924 0.004881413731332402
637 0.9537668752711684 0.004883049470632616
638 0.9527156690821494 0.004880357771479822
639 0.9538416979924031 0.004883241003749048
640 0.9536929338057296 0.004882860185996527
641 0.9605228215594034 0.004900313336066209
642 0.9636284191296269 0.0049082288793108235
643 0.9616643651648961 0.004903224386265216
644 0.9609186877211634 0.004901323030139562
645 0.9626689205919983 0.004905784674036121
646 0.9636913937118774 0.004908389256800402
647 0.9626664651704413 0.004905778417587582
648 0.9601547377143467 0.004899374316727096
649 0.9614892324166716 0.0049027778925130015
650 0.9580034758497173 0.004893882625096716
651 0.9523612596004978 0.004879449942412462
652 0.946278932126967 0.004863843495844711
653 0.9451860436502345 0.004861033978472597
654 0.946392978567426 0.004864136584545336
655 0.9486646572259269 0.004869970911635141
656 0.9552142680556955 0.00488675321175925
657 0.9546080867642283 0.004885202392961137
658 0.9619723950722766 0.00490400959724096
659 0.9666505973756954 0.004915919566942425
660 0.9723268588861735 0.004930331807079759
661 0.9667167864989253 0.004916087867069257
662 0.9680699608691824 0.004919527342779783
663 0.963108226864288 0.004906903904187495
664 0.9654668344249927 0.0049129086206206275
665 0.9658896207346784 0.004913984205552743
666 0.9644904152465706 0.004910423671624588
667 0.967902225142268 0.00491910112552496
668 0.96879396804934 0.004921366624836264
669 0.9718002960788954 0.004928996617728796
670 0.9721993167344627 0.004930008435497454
671 0.9702155229907252 0.004924975972526243
672 0.9678511449730421 0.004918971323244002
673 0.967994781582042 0.004919336316431275
674 0.9713309640990995 0.00492780624192587
675 0.971940937632716 0.004929353273652074
676 0.9750932224714997 0.004937340460031407
677 0.9727464104552261 0.0049313953925069764
678 0.9743759920450346 0.004935524294075845
679 0.9746109090645942 0.004936119222928438
680 0.9762064536861913 0.0049401580540427295
681 0.9787953224360902 0.004946704288549262
682 0.9781563824181543 0.004945089465089101
683 0.9795706053955645 0.004948662990398764
684 0.9763557927714428 0.004940535909807135
685 0.9772362659901833 0.0049427630842266675
686 0.9832788001691667 0.0049580208009706705
687 0.982254939683168 0.0049554388050341795
688 0.9770782182932024 0.0049423633733597355
689 0.9716638001269559 0.004928650450046901
690 0.967755152948983 0.004918727384016126
691 0.9702202303392957 0.004924987920155371
692 0.9727492571167085 0.004931402608160973
693 0.9726765235167815 0.004931218241343566
694 0.9718267684524239 0.004929063751558412
695 0.9710569661704938 0.00492711116270745
696 0.975779285871471 0.004939077080127712
697 0.981361889303242 0.004953185590173816
698 0.9815198221280633 0.004953584137911418
699 0.9776474611235084 0.004943802866744911
700 0.9737310539830334 0.004933890615497389
701 0.9780045089907684 0.004944705550587477
702 0.9824208907146512 0.004955857395675274
703 0.977944065199831 0.004944552748957309
704 0.9794660099358092 0.004948398782032532
705 0.9778947176528887 0.004944427995080395
706 0.9791459453646978 0.0049475902105630245
707 0.9726851246579706 0.0049312400440752755
708 0.970709258215937 0.004926228954354535
709 0.9738615118014663 0.0049342211190002766
710 0.9768765347952892 0.0049418532583259634
711 0.9756629144718574 0.004938782554276097
712 0.9741089346746427 0.004934847882466371
713 0.9763203128241918 0.004940446141534508
714 0.9771489823483794 0.00494254234334172
715 0.9754956806351563 0.004938359269277643
716 0.9754500105498103 0.00493824366757198
717 0.9708498719543912 0.004926585740065763
718 0.9647057273321357 0.004910971740607642
719 0.9565672546376423 0.0048902128396976635
720 0.9568076334388518 0.004890827239602453
721 0.9556837188911116 0.004887953889271893
722 0.9520079141523149 0.004878544670720098
723 0.9473328824730837 0.004866551377618553
724 0.949097100941555 0.0048710807602807046
725 0.9430140179408627 0.004855445468395205
726 0.9409358019637456 0.004850092297738774
727 0.9408642744920032 0.00484990794858754
728 0.9421336192468095 0.004853178415118965
729 0.9400187073779711 0.004847728120645731
730 0.9423481595958425 0.0048537309605868025
731 0.9436276130383984 0.00485702486859593
732 0.942817490133123 0.004854939495123945
733 0.9472737805518964 0.004866399568773181
734 0.9483175261220583 0.004869079831188269
735 0.9528173583184536 0.004880618219916187
736 0.9476597492027983 0.004867390880063966
737 0.9510084480304462 0.004875983126601431
738 0.9514760213623874 0.004877181643564588
739 0.9563925953761224 0.00488976636823887
740 0.9549153141512748 0.004885988447074982
741 0.9575499936583848 0.004892724199596881
742 0.9548227835840107 0.004885751717058927
743 0.9528121408059992 0.004880604857060763
744 0.9502074005224502 0.004873929140128247
745 0.9494639260064439 0.004872022003223668
746 0.9540061853604181 0.004883662036314517
747 0.9541510162326474 0.004884032724786299
748 0.9513158373510773 0.004876771081771062
749 0.9505906247413742 0.004874911883159035
750 0.9538065271189724 0.004883150973382965
751 0.9551453925731306 0.004886577029532749
752 0.9571571911183626 0.0048917205592426335
753 0.9576335906817743 0.004892937769778772
754 0.9618968887971155 0.0049038171329009155
755 0.9623082198249074 0.00490486551790521
756 0.963905586164071 0.004908934701911891
757 0.960050109813048 0.0048991073674543115
758 0.9521328945202351 0.004878864889853208
759 0.9485582827135467 0.004869697867150992
760 0.9423493409652941 0.004853734003012061
761 0.9450923855726074 0.004860793133625398
762 0.9462275556886816 0.00486371145742634
763 0.9465807021536206 0.004864618978174613
764 0.9464989941367244 0.004864409018819523
765 0.9399911382904581 0.004847657032474999
766 0.940303950841558 0.004848463572964542
767 0.9429496990972285 0.004855279881268613
768 0.9442604805179071 0.004858653338252637
769 0.9385298375599805 0.004843887507556097
770 0.9447636745861122 0.004859947747985669
771 0.9401738573763417 0.004848128162672627
772 0.9376721824650003 0.0048416737610311915
773 0.9374042064850002 0.0048409818641147
774 0.941607445541824 0.004851822996175107
775 0.9383310754233378 0.004843374560406171
776 0.9360897388241414 0.004837586559103643
777 0.9357047565463245 0.00483659168834558
778 0.9352524777799374 0.004835422648589769
779 0.9330234389998086 0.0048296569464513096
780 0.9298938466829185 0.004821550208352079
781 0.9300185804786674 0.004821873573268642
782 0.9296620426305975 0.004820949212581582
783 0.9338430081709737 0.004831777669750553
784 0.9399317222011704 0.004847503821788746
785 0.9463546135800307 0.004864037992082031
786 0.9469592461785014 0.004865591577962355
787 0.9518717356786696 0.004878195736369597
788 0.9547133656749125 0.0048854717676994125
789 0.9532039904628355 0.0048816083427789545
790 0.9570951741510371 0.004891562082353408
791 0.9612945856747865 0.0049022816009197095
792 0.9650122703310688 0.004911751929006677
793 0.9680535549237872 0.0049194856568262006
794 0.9669688110381969 0.004916728641108195
795 0.9700874318738415 0.004924650855848061
796 0.9712517504410458 0.004927605302425448
797 0.9770751457588737 0.004942355602439872
798 0.9754511901675524 0.004938246653495411
799 0.9765711503302552 0.00494108075375426
800 0.9749129405901703 0.004936884014353841
801 0.9717103971642566 0.004928768627628233
802 0.9715246643262071 0.004928297562413638
803 0.9728281570109998 0.004931602597650674
804 0.9728366848841129 0.004931624212973344
805 0.9734497852876776 0.004933177970460353
806 0.9689831463671958 0.004921847103887771
807 0.9665052480816185 0.004915549964780874
808 0.9653325986201373 0.00491256707022019
809 0.9629913842641447 0.0049066062466735765
810 0.9617984341036392 0.004903566162046735
811 0.9644165466977104 0.004910235627860455
812 0.9631003791318336 0.004906883912588218
813 0.9548016591588321 0.004885697670764047
814 0.9603248819054744 0.0048998083942362524
815 0.9572028522795557 0.0048918372375579815
816 0.9589565576744467 0.004896316390317567
817 0.9578867309987001 0.004893584425236515
818 0.9602666444923209 0.004899659821343099
819 0.9554830610360299 0.004887440718537505
820 0.9565226767056483 0.004890098891559588
821 0.9522505729538498 0.004879166381085366
822 0.9552830488209464 0.004886929145362015
823 0.9607620802136116 0.004900923612753669
824 0.9593512694051913 0.004897323961865795
825 0.9638345321834296 0.00490875376833062
826 0.9674836025214438 0.0049180372423874765
827 0.9676999961653104 0.004918587211655782
828 0.9679617406992337 0.004919252359056275
829 0.9685604624453423 0.004920773497722784
830 0.9689776125060483 0.004921833049537367
831 0.971224237254411 0.004927535508427948
832 0.9676458250882751 0.004918449540426705
833 0.9696265741061058 0.004923480944178663
834 0.9637804379096174 0.004908616016887094
835 0.9649966351152665 0.004911712138521724
836 0.9648509630135242 0.004911341398143665
837 0.9664329495330107 0.004915366109713807
838 0.9666244987234903 0.004915853203904223
839 0.9654489807156006 0.00491286319490264
840 0.964507644900658 0.004910467531326097
841 0.9619112210342383 0.004903853666134868
842 0.9620156876261923 0.004904119945891487
843 0.9584059319702437 0.004894910474292921
844 0.957254354245324 0.004891968837586422
845 0.9516623221347568 0.004877659100806618
846 0.9535645529501272 0.004882531523151307
847 0.9507173146507232 0.004875236724132708
848 0.9534980735292763 0.0048823613230718045
849 0.9559951398629558 0.004888750223526074
850 0.9578367887218278 0.00489345685277621
851 0.9565170326813159 0.004890084464364856
852 0.9566759319465871 0.0048904906247017885
853 0.953088034442601 0.004881311413109465
854 0.9487195187554852 0.004870111725456183
855 0.9569415346527614 0.0048911694530061325
856 0.9553421820815384 0.00488708039664983
857 0.9525054508977876 0.004879819312533934
858 0.950959634359702 0.004875857986972183
859 0.9470391190099773 0.004865796771788368
860 0.9469654284277598 0.004865607460510073
861 0.943869278021987 0.004857646775838337
862 0.9388128875949956 0.004844617883466956
863 0.9367107307488656 0.004839190894674612
864 0.9275736087646631 0.004815531171438235
865 0.925761710428156 0.0048108256052577965
866 0.9245707577605069 0.004807730149165983
867 0.9319654401713324 0.004826917883019681
868 0.9343942853940344 0.004833203635335635
869 0.9372326683443616 0.0048405389116426235
870 0.9363674834559058 0.0048383041794297504
871 0.9415730257094761 0.0048517343177873875
872 0.9403462239459222 0.004848572557566228
873 0.9393313479626916 0.004845955421393867
874 0.93949666669443 0.004846381837461175
875 0.9462605076807808 0.0048637961450816785
876 0.944367155501489 0.0048589277763649765
877 0.9471315490385793 0.004866034214335681
878 0.9500641442866463 0.004873561721888673
879 0.9560503426322415 0.004888891368937635
880 0.9557577521039741 0.004888143211280666
881 0.9543721253201156 0.004884598589856524
882 0.9566904638317572 0.0048905277677801975
883 0.9566849416972465 0.004890513653397253
884 0.9531445831063733 0.0048814562200599435
885 0.9446398804610004 0.004859629333600519
886 0.9514245547457085 0.004877049735126029
887 0.9506261490015153 0.00487500297180197
888 0.9541837525319611 0.004884116508057003
889 0.9598296233034156 0.0048985447670758615
890 0.9608781288373703 0.004901219590435727
891 0.9671820659421225 0.004917270777875454
892 0.9631558401571553 0.004907025194276537
893 0.9625613961187908 0.004905510692695432
894 0.9618411531558658 0.00490367505875814
895 0.9644417106563301 0.004910299687400177
896 0.9671225399909686 0.00491711945697411
897 0.9724229552117983 0.00493057543660659
898 0.9711149379550127 0.004927258233978059
899 0.9718576939631363 0.004929142177367481
900 0.9670470248070338 0.004916927483147899
901 0.9692912105918748 0.004922629431487449
902 0.9641735271302767 0.004909616933311641
903 0.9630307118019324 0.004906706435925345
904 0.9631025738079043 0.004906889503394121
905 0.9637354534539796 0.004908501460714639
906 0.9656546485564766 0.004913386456193424
907 0.9641544566592019 0.00490956837920387
908 0.963322809599201 0.004907450508498251
909 0.9584566860674524 0.004895040081938667
910 0.9519781763136307 0.004878468474658471
911 0.9515637760826767 0.004877406549832985
912 0.9523718615145653 0.004879477101940684
913 0.9552107787695246 0.004886744286381696
914 0.9505631007402837 0.004874841307009969
915 0.9485966714176033 0.004869796405903067
916 0.9501114440395808 0.0048736830375901855
917 0.9492233684828699 0.004871404772931822
918 0.9498170437406097 0.004872927902538943
919 0.9492896830392977 0.00487157493277801
920 0.950497281906538 0.0048746725323522725
921 0.9448691076161666 0.004860218918827635
922 0.9356528904626967 0.004836457640429533
923 0.936903529278447 0.004839688882396462
924 0.9340527461721168 0.00483232023980032
925 0.9357660912743532 0.004836750203182959
926 0.9400473835312951 0.004847802062330932
927 0.9389776761345131 0.004845043049379347
928 0.9357372048165692 0.004836675549025198
929 0.9361227731451244 0.004837671916826676
930 0.9398445933527374 0.004847279142057197
931 0.9403098839235778 0.004848478869234778
932 0.9444286711831645 0.00485908602804984
933 0.9454398438511596 0.004861686574117567
934 0.9481681880211891 0.004868696432303351
935 0.9526816491333123 0.00488027063582683
936 0.9538224908274203 0.004883191837473354
937 0.9543546645795207 0.004884553906500457
938 0.9550094277977716 0.004886229215472537
939 0.9601654727491464 0.004899401705440973
940 0.9596371384162107 0.004898053563694007
941 0.9606640599653318 0.004900673601844311
942 0.9591228265400423 0.004896740846295224
943 0.9499586151978564 0.004873291047106769
944 0.9505602591596602 0.004874834020663097
945 0.9505877075862612 0.00487490440313311
946 0.9548330763340768 0.004885778050576859
947 0.9577295052977697 0.004893182796948503
948 0.9578796569283956 0.004893566355446497
949 0.9600829826290229 0.004899191241241062
950 0.9618555856666997 0.0049037118486572285
951 0.9659738929351589 0.004914198569192742
952 0.9674665014420131 0.004917993776990771
953 0.9661489035096963 0.004914643714641527
954 0.9670810362193416 0.004917013947494126
955 0.9613651652900828 0.004902461563859209
956 0.9615018886185726 0.004902810160343258
957 0.9652675972784782 0.004912401671876314
958 0.9644394141511353 0.0049102938412534745
959 0.9647771315623005 0.004911153483940382
960 0.9685935830208635 0.004920857631580867
961 0.9694720881647805 0.004923088711278384
962 0.9668024861810388 0.004916305768442494
963 0.9631870790173741 0.004907104770511668
964 0.970239503992247 0.004925036837933821
965 0.9706417172770688 0.004926057570434141
966 0.9732228185355934 0.004932602834140766
967 0.9701526321464333 0.004924816347726784
968 0.967588042183024 0.0049183026857928525
969 0.9672322188067162 0.004917398267842041
970 0.9649511327024544 0.004911596336362484
971 0.9620789863537924 0.004904281283929111
972 0.9638955759662341 0.004908909212104684
973 0.9613707204967942 0.0049024757281689955
974 0.9608319379297392 0.0049011017843917535
975 0.9567179061643368 0.004890597908819624
976 0.9565224007969796 0.004890098186285784
977 0.9565156821276768 0.004890081012087753
978 0.9609146892503007 0.004901312832701442
979 0.9622831659271709 0.0049048016678848025
980 0.9614493503532855 0.004902676209145276
981 0.9637102155379543 0.004908437189363889
982 0.9595230922995401 0.004897762505457854
983 0.9658731307792606 0.004913942258872405
984 0.9662580020574814 0.004914921190170681
985 0.9641175991726267 0.004909474537351675
986 0.9664764761996878 0.004915476798765448
987 0.9614734997132571 0.004902737780641009
988 0.9539657621391359 0.0048835585697723505
989 0.9578608731612153 0.004893518374439138
990 0.9536574581425116 0.004882769368340088
991 0.9565280791451672 0.004890112701177929
992 0.9586706011110245 0.004895586306044627
993 0.955689242541434 0.004887968014922739
994 0.9536442588248973 0.004882735577671234
995 0.9533055862316662 0.004881868485174153
996 0.9467024110282187 0.004864931708124337
997 0.947380277667762 0.004866673113214042
998 0.9493923530019499 0.004871838367060671
999 0.9531458967455054 0.004881459583909361
1000 0.9559868397123763 0.004888729000901928
