1 0.955507054873589 0.004887502084210675
2 0.956325785416078 0.004889595574987901
3 0.9542409134854613 0.0048842627988395
4 0.9574102729816731 0.004892367226237866
5 0.9524161968559105 0.004879590676676554
6 0.954441502628126 0.004884776127597543
7 0.9509921723460942 0.00487594140231287
8 0.9472685887198492 0.004866386232837799
9 0.9529090026350789 0.004880852929203827
10 0.9560620916060181 0.004888921408820192
11 0.9574060531821167 0.004892356444636508
12 0.9592174145586851 0.004896982296911744
13 0.9624800740943635 0.0049053034672196525
14 0.9597054997708536 0.00489822802110106
15 0.958883412362953 0.004896129651192446
16 0.9609994941166246 0.004901529108929604
17 0.9593784955846255 0.00489739345386481
18 0.9576808000329997 0.004893058374137868
19 0.9568667242944612 0.00489097826196796
20 0.9600809111340071 0.004899185955939741
21 0.9558726643429606 0.004888437056973747
22 0.9589268629005289 0.004896240580765684
23 0.9562058491725509 0.004889288954523095
24 0.9583915843438879 0.004894873835011468
25 0.960156121450234 0.004899377847115146
26 0.9608499638625831 0.004901147758361695
27 0.9628789431901825 0.004906319785034149
28 0.968888521585259 0.004921606779749387
29 0.9712281141348602 0.004927545343153174
30 0.9738664320315741 0.004934233583540845
31 0.9729819613589105 0.0049319924259768584
32 0.9736579806424152 0.004933705480889443
33 0.9750131219277623 0.004937137663125127
34 0.976785441963125 0.004941622841334503
35 0.9770982390688028 0.004942414008733293
36 0.9768858254226258 0.004941876758126694
37 0.9774714281806913 0.004943357761847555
38 0.975063026723403 0.004937264012036706
39 0.9728289226624222 0.004931604538326308
40 0.9708601465072944 0.004926611809148819
41 0.9739928279363154 0.0049345537746177314
42 0.9628942673700335 0.0049063588268203374
43 0.9635921222951932 0.004908136439712163
44 0.959325062374487 0.004897257070206789
45 0.9572451524928705 0.004891945325134255
46 0.9513367615482818 0.00487682471377987
47 0.947247480758486 0.004866332013756729
48 0.9475234982556593 0.004867040959927866
49 0.9474638406522133 0.004866887739152581
50 0.9461336776500918 0.0048634701798315584
51 0.9481469666113024 0.004868641947676028
52 0.9482180419969731 0.0048688244268335545
53 0.9500632257501432 0.004873559365971207
54 0.9528612544890201 0.004880730643341585
55 0.9528719208215721 0.004880757960723944
56 0.9521581453393563 0.004878929583825434
57 0.9566163971221602 0.004890338452466225
58 0.9559036169275907 0.004888516203779838
59 0.9555787564527396 0.004887685460692138
60 0.9572389948626094 0.004891929591004428
61 0.9585284435642738 0.00489522331883087
62 0.9619538990325762 0.004903962451817312
63 0.9691147493454483 0.004922181324223983
64 0.9643199419992164 0.004909989694859084
65 0.9670144492355249 0.0049168446675931145
66 0.9674152701615379 0.004917863561394785
67 0.9696534812627049 0.0049235492570515104
68 0.972946182894303 0.004931901745601639
69 0.9702777081914126 0.004925133801227573
70 0.9706329789370739 0.004926035396617582
71 0.9701225662766417 0.00492474003497487
72 0.9724359804616023 0.004930608458123276
73 0.9758289260206565 0.004939202709667379
74 0.9705265795878387 0.004925765396866813
75 0.9697662746943353 0.004923835610825458
76 0.971799950154336 0.0049289957404594935
77 0.9737563115996957 0.0049339546051941335
78 0.9706464791501181 0.004926069653796929
79 0.9691814015988885 0.004922350586345196
80 0.9681661427381649 0.004919771724694934
81 0.9660578376237711 0.004914412090443106
82 0.9701148685185302 0.004924720496447435
83 0.9725566034987931 0.00493091425024592
84 0.9708621883803866 0.004926616989869665
85 0.9685950115736787 0.004920861260400299
86 0.9644556133898557 0.004910335079037282
87 0.9642018223038041 0.004909688972960103
88 0.9645870269384923 0.0049106696006934285
89 0.9634814410867576 0.004907854549657149
90 0.9594195866693095 0.004897498332729252
120 0.9685371898907633 0.00492071437923604
150 0.9597689889435099 0.004898390039189684
180 0.9819667440516021 0.004954711783703834
210 0.9726470709010008 0.0049311435822086205
240 0.9594036160229272 0.0048974575703033965
270 0.9493535504315836 0.004871738807704598
361 0.9380780657261848 0.004842721537513209
362 0.9377923115497584 0.004841983894583755
363 0.9368445886010272 0.004839536647391041
364 0.9362558646897648 0.0048380157981867435
365 0.934267445666097 0.0048328755816169945
366 0.9394799035753331 0.0048463386010979175
367 0.9430089414687918 0.004855432399360166
368 0.942833992840204 0.004854981984415155
369 0.9416593472840424 0.004851956711449795
370 0.9420205642650098 0.004852887218388853
371 0.9424588606373078 0.004854016044866832
372 0.9486312869496359 0.004869885257709503
373 0.9518583891655686 0.004878161536839825
374 0.9579388628098754 0.0048937175870916875
375 0.9524835544117295 0.004879763222823618
376 0.9504843573588623 0.004874639390147175
377 0.9489194217648709 0.004870624784738917
378 0.9496804992917536 0.004872577627096901
379 0.9432507566007776 0.004856054897045509
380 0.9487281415965106 0.004870133857447216
381 0.946878911016637 0.00486538518767738
382 0.9444090390997587 0.004859035524247468
383 0.9470209670815447 0.004865750140125417
384 0.9473552809985776 0.004866608909101313
385 0.9464575246116456 0.004864302454025123
386 0.9502238550106092 0.00487397134021114
387 0.9507443540842186 0.004875306052154748
388 0.9513375764110011 0.004876826802389266
389 0.9538237837213416 0.004883195147023592
390 0.954252241974805 0.004884291791075144
391 0.9545413626826604 0.004885031659890903
392 0.9518563247825701 0.004878156246977743
393 0.9513876691406358 0.004876955195483792
394 0.9480785350590757 0.004868466249841623
395 0.9468194118887562 0.004865232321920279
396 0.9504913584587926 0.004874657342980583
397 0.9468842661113293 0.004865398945804874
398 0.9456737451779614 0.0048622879262942235
399 0.9496919541186509 0.00487260701296141
400 0.9571729218363807 0.0048917607563812495
401 0.9625927449626316 0.0049055905737488414
402 0.96554233216212 0.00491310070709084
403 0.9671815077721626 0.004917269358973406
404 0.9641622013284162 0.004909588097469166
405 0.959228906267978 0.004897011630474484
406 0.9564343605651561 0.004889873133906111
407 0.9580629709339159 0.004894034585630157
408 0.9619393874477924 0.004903925462240495
409 0.9639677160493605 0.004909092905495206
410 0.9707489115384722 0.004926329571171095
411 0.9717639039210454 0.004928904325874676
412 0.9728542199444018 0.004931668658222771
413 0.9677524638612021 0.0049187205502117
414 0.96958170102045 0.004923367016639855
415 0.9763041832556714 0.004940405331365631
416 0.9703577384488176 0.0049253369140040085
417 0.9685874689088694 0.004920842100442383
418 0.9638138819846269 0.004908701182912294
419 0.9638588997068499 0.0049088158191351984
420 0.9588262635595909 0.004895983746009251
421 0.9590076534383529 0.004896446832980374
422 0.9579023719437886 0.00489362437775405
423 0.9507070033961984 0.004875210286230368
424 0.948800343425413 0.004870319171799241
425 0.9460724537838818 0.004863312820849535
426 0.9505365950761221 0.0048747733410815786
427 0.9520556902874177 0.004878667083087511
428 0.9500237674998551 0.00487345816001103
429 0.9515859599765455 0.004877463403215472
430 0.9501252989640793 0.004873718572508101
431 0.9559037308749909 0.004888516495144829
432 0.9565363200938188 0.0048901337664669425
433 0.9546968713785533 0.004885429565102203
434 0.9635966685204844 0.004908148017986403
435 0.9662718625096193 0.004914956440996795
436 0.9637032937781786 0.004908419562133444
437 0.966773895184152 0.00491623307359316
438 0.9642859376569937 0.00490990312481396
439 0.9698922852833285 0.004924155499899539
440 0.9695148902980384 0.004923197387111283
441 0.9761476161424715 0.004940009176136698
442 0.9732522209484131 0.004932677343968663
443 0.9740821021648098 0.004934779915085368
444 0.9738106311225381 0.004934092219872036
445 0.9777811159524309 0.0049441407904704145
446 0.9818590281309846 0.004954440025020977
447 0.9779914183899757 0.004944672458008452
448 0.9762049153626418 0.004940154161646588
449 0.9675722729247161 0.004918262607630396
450 0.9635581613110566 0.0049080499474045735
480 0.9624042532409327 0.004905110251988372
510 0.9623264691525782 0.004904912025911587
540 0.9315308009879654 0.004825792190896403
570 0.944388838629931 0.004858983557715323
600 0.9468386289573977 0.004865281695131216
630 0.939711480847402 0.004846935863858151
721 0.9556837188911116 0.004887953889271893
722 0.9520079141523149 0.004878544670720098
723 0.9473328824730837 0.004866551377618553
724 0.949097100941555 0.0048710807602807046
725 0.9430140179408627 0.004855445468395205
726 0.9409358019637456 0.004850092297738774
727 0.9408642744920032 0.00484990794858754
728 0.9421336192468095 0.004853178415118965
729 0.9400187073779711 0.004847728120645731
730 0.9423481595958425 0.0048537309605868025
731 0.9436276130383984 0.00485702486859593
732 0.942817490133123 0.004854939495123945
733 0.9472737805518964 0.004866399568773181
734 0.9483175261220583 0.004869079831188269
735 0.9528173583184536 0.004880618219916187
736 0.9476597492027983 0.004867390880063966
737 0.9510084480304462 0.004875983126601431
738 0.9514760213623874 0.004877181643564588
739 0.9563925953761224 0.00488976636823887
740 0.9549153141512748 0.004885988447074982
741 0.9575499936583848 0.004892724199596881
742 0.9548227835840107 0.004885751717058927
743 0.9528121408059992 0.004880604857060763
744 0.9502074005224502 0.004873929140128247
745 0.9494639260064439 0.004872022003223668
746 0.9540061853604181 0.004883662036314517
747 0.9541510162326474 0.004884032724786299
748 0.9513158373510773 0.004876771081771062
749 0.9505906247413742 0.004874911883159035
750 0.9538065271189724 0.004883150973382965
751 0.9551453925731306 0.004886577029532749
752 0.9571571911183626 0.0048917205592426335
753 0.9576335906817743 0.004892937769778772
754 0.9618968887971155 0.0049038171329009155
755 0.9623082198249074 0.00490486551790521
756 0.963905586164071 0.004908934701911891
757 0.960050109813048 0.0048991073674543115
758 0.9521328945202351 0.004878864889853208
759 0.9485582827135467 0.004869697867150992
760 0.9423493409652941 0.004853734003012061
761 0.9450923855726074 0.004860793133625398
762 0.9462275556886816 0.00486371145742634
763 0.9465807021536206 0.004864618978174613
764 0.9464989941367244 0.004864409018819523
765 0.9399911382904581 0.004847657032474999
766 0.940303950841558 0.004848463572964542
767 0.9429496990972285 0.004855279881268613
768 0.9442604805179071 0.004858653338252637
769 0.9385298375599805 0.004843887507556097
770 0.9447636745861122 0.004859947747985669
771 0.9401738573763417 0.004848128162672627
772 0.9376721824650003 0.0048416737610311915
773 0.9374042064850002 0.0048409818641147
774 0.941607445541824 0.004851822996175107
775 0.9383310754233378 0.004843374560406171
776 0.9360897388241414 0.004837586559103643
777 0.9357047565463245 0.00483659168834558
778 0.9352524777799374 0.004835422648589769
779 0.9330234389998086 0.0048296569464513096
780 0.9298938466829185 0.004821550208352079
781 0.9300185804786674 0.004821873573268642
782 0.9296620426305975 0.004820949212581582
783 0.9338430081709737 0.004831777669750553
784 0.9399317222011704 0.004847503821788746
785 0.9463546135800307 0.004864037992082031
786 0.9469592461785014 0.004865591577962355
787 0.9518717356786696 0.004878195736369597
788 0.9547133656749125 0.0048854717676994125
789 0.9532039904628355 0.0048816083427789545
790 0.9570951741510371 0.004891562082353408
791 0.9612945856747865 0.0049022816009197095
792 0.9650122703310688 0.004911751929006677
793 0.9680535549237872 0.0049194856568262006
794 0.9669688110381969 0.004916728641108195
795 0.9700874318738415 0.004924650855848061
796 0.9712517504410458 0.004927605302425448
797 0.9770751457588737 0.004942355602439872
798 0.9754511901675524 0.004938246653495411
799 0.9765711503302552 0.00494108075375426
800 0.9749129405901703 0.004936884014353841
801 0.9717103971642566 0.004928768627628233
802 0.9715246643262071 0.004928297562413638
803 0.9728281570109998 0.004931602597650674
804 0.9728366848841129 0.004931624212973344
805 0.9734497852876776 0.004933177970460353
806 0.9689831463671958 0.004921847103887771
807 0.9665052480816185 0.004915549964780874
808 0.9653325986201373 0.00491256707022019
809 0.9629913842641447 0.0049066062466735765
810 0.9617984341036392 0.004903566162046735
840 0.964507644900658 0.004910467531326097
870 0.9363674834559058 0.0048383041794297504
900 0.9670470248070338 0.004916927483147899
930 0.9398445933527374 0.004847279142057197
960 0.9685935830208635 0.004920857631580867
990 0.9536574581425116 0.004882769368340088
