1 0.955507054873589 0.004887502084210675
2 0.956325785416078 0.004889595574987901
3 0.9542409134854613 0.0048842627988395
4 0.9574102729816731 0.004892367226237866
5 0.9524161968559105 0.004879590676676554
6 0.954441502628126 0.004884776127597543
7 0.9509921723460942 0.00487594140231287
8 0.9472685887198492 0.004866386232837799
9 0.9529090026350789 0.004880852929203827
10 0.9560620916060181 0.004888921408820192
11 0.9574060531821167 0.004892356444636508
12 0.9592174145586851 0.004896982296911744
13 0.9624800740943635 0.0049053034672196525
14 0.9597054997708536 0.00489822802110106
15 0.958883412362953 0.004896129651192446
16 0.9609994941166246 0.004901529108929604
17 0.9593784955846255 0.00489739345386481
18 0.9576808000329997 0.004893058374137868
19 0.9568667242944612 0.00489097826196796
20 0.9600809111340071 0.004899185955939741
21 0.9558726643429606 0.004888437056973747
22 0.9589268629005289 0.004896240580765684
23 0.9562058491725509 0.004889288954523095
24 0.9583915843438879 0.004894873835011468
25 0.960156121450234 0.004899377847115146
26 0.9608499638625831 0.004901147758361695
27 0.9628789431901825 0.004906319785034149
28 0.968888521585259 0.004921606779749387
29 0.9712281141348602 0.004927545343153174
30 0.9738664320315741 0.004934233583540845
61 0.9585284435642738 0.00489522331883087
62 0.9619538990325762 0.004903962451817312
63 0.9691147493454483 0.004922181324223983
64 0.9643199419992164 0.004909989694859084
65 0.9670144492355249 0.0049168446675931145
66 0.9674152701615379 0.004917863561394785
67 0.9696534812627049 0.0049235492570515104
68 0.972946182894303 0.004931901745601639
69 0.9702777081914126 0.004925133801227573
70 0.9706329789370739 0.004926035396617582
71 0.9701225662766417 0.00492474003497487
72 0.9724359804616023 0.004930608458123276
73 0.9758289260206565 0.004939202709667379
74 0.9705265795878387 0.004925765396866813
75 0.9697662746943353 0.004923835610825458
76 0.971799950154336 0.0049289957404594935
77 0.9737563115996957 0.0049339546051941335
78 0.9706464791501181 0.004926069653796929
79 0.9691814015988885 0.004922350586345196
80 0.9681661427381649 0.004919771724694934
81 0.9660578376237711 0.004914412090443106
82 0.9701148685185302 0.004924720496447435
83 0.9725566034987931 0.00493091425024592
84 0.9708621883803866 0.004926616989869665
85 0.9685950115736787 0.004920861260400299
86 0.9644556133898557 0.004910335079037282
87 0.9642018223038041 0.004909688972960103
88 0.9645870269384923 0.0049106696006934285
89 0.9634814410867576 0.004907854549657149
90 0.9594195866693095 0.004897498332729252
121 0.9651020521521032 0.004911980410959544
122 0.9622377929000279 0.004904686032315935
123 0.964423823444513 0.004910254152259549
124 0.9671945433218826 0.004917302496028199
125 0.9650738063409343 0.004911908530537151
126 0.9671450282437279 0.004917176624901557
127 0.964202120643306 0.004909689732528284
128 0.9702253774981258 0.004925000984025122
129 0.9699898786670875 0.004924403235094637
130 0.966933869674974 0.004916639807450193
131 0.9642804362127791 0.004909889118804118
132 0.9638134382984849 0.004908700053066075
133 0.9642346661720423 0.004909772592281706
134 0.9631024732620199 0.004906889247259639
135 0.958752546419453 0.0048957955341970665
136 0.9650283887697216 0.004911792948921134
137 0.9651692052584732 0.0049121512991078765
138 0.9614064493642843 0.004902566826365835
139 0.9558118786386401 0.0048882816221418905
140 0.9547287791852972 0.004885511204649078
141 0.960411143959707 0.00490002845416295
142 0.9577346709127259 0.004893195992879095
143 0.9606000540938259 0.004900510341281733
144 0.9566191661440177 0.004890345530248034
145 0.9546056156868866 0.00488519607009371
146 0.9610020209201229 0.0049015355528418195
147 0.9617198199962694 0.00490336575760618
148 0.9669101344132356 0.004916579462863808
149 0.9621470356515146 0.004904454724468188
150 0.9597689889435099 0.004898390039189684
181 0.9828375966018168 0.004956908328137414
182 0.9830047108214729 0.004957329727695487
183 0.9804773139016825 0.0049509527472430875
184 0.9776784654499806 0.004943881258020378
185 0.9767767299476433 0.004941600803951038
186 0.980144632404722 0.004950112732849865
187 0.9726202166200504 0.004931075508580907
188 0.9747242759580527 0.0049364062996607085
189 0.9707831648499331 0.004926416484280468
190 0.9740872380194364 0.004934792924398851
191 0.9756532072886784 0.004938757985449369
192 0.9705301202296162 0.004925774381862799
193 0.9774352670530081 0.004943266322323416
194 0.9708338382082625 0.0049265450582088345
195 0.9690545427945664 0.004922028425837409
196 0.9670899362617493 0.004917036573070644
197 0.9699461695625636 0.004924292283586133
198 0.9696240517626017 0.004923474540312172
199 0.9702913440437343 0.0049251684089283675
200 0.9734440691470119 0.004933163486518279
201 0.9759161616729606 0.004939423478354141
202 0.9765443190412321 0.0049410128751995915
203 0.9742683549915291 0.004935251678592179
204 0.9764858855857546 0.004940865045362586
205 0.9758868922456538 0.0049393494068374795
206 0.9784364142354585 0.004945797267705326
207 0.9761204402312055 0.00493994041082744
208 0.9739262300482174 0.004934385068818012
209 0.9726421712607469 0.004931131162050918
210 0.9726470709010008 0.0049311435822086205
241 0.9608327232710119 0.0049011037873626035
242 0.9581233901645081 0.004894188901761439
243 0.9593578945584024 0.004897340871972963
244 0.9580329616991179 0.004893957937545673
245 0.954496464845686 0.004884916772290015
246 0.9595782562029899 0.004897903291967855
247 0.9555832812793761 0.004887697032686091
248 0.9567037062772701 0.004890561614842458
249 0.9573195085546525 0.004892135317595682
250 0.9506801733874642 0.004875141493817485
251 0.9493565712906509 0.004871746558676108
252 0.9448220550444164 0.004860097902781788
253 0.9455390997173856 0.004861941766582233
254 0.943421090190203 0.004856493333970521
255 0.9435366877373652 0.0048567908583353235
256 0.9427856813455422 0.004854857596430245
257 0.9451964492728749 0.004861060736139168
258 0.9424476270759731 0.004853987116256935
259 0.9424523256574113 0.0048539992160408834
260 0.9396381222929482 0.004846746672199169
261 0.9418293296027213 0.004852394613775181
262 0.9462939135254366 0.004863881997647207
263 0.9422752767089184 0.00485354325885395
264 0.9467546721662051 0.00486506598651827
265 0.9457497481312457 0.004862483311234978
266 0.9444470466321951 0.004859133298667548
267 0.9460016387154943 0.004863130803989457
268 0.9443694276176234 0.004858933621571204
269 0.9416142779131844 0.004851840598731517
270 0.9493535504315836 0.004871738807704598
301 0.9620342941468638 0.004904167371400817
302 0.9628483180098263 0.004906241759585495
303 0.9704336182071386 0.0049255294852866855
304 0.9731030351935067 0.004932299274759171
305 0.9723392635536879 0.004930363256859831
306 0.9670252306269852 0.004916872076841962
307 0.964148715836586 0.0049095537627682215
308 0.9631619358192902 0.004907040722148091
309 0.9660293283393967 0.004914339575423795
310 0.975886784998378 0.0049393491354270385
311 0.9712687238746288 0.004927648359241498
312 0.9724647008644265 0.004930681269094054
313 0.9676422890791391 0.00491844055382337
314 0.9663370615000367 0.0049151222560251204
315 0.9592075895362634 0.004896957217569282
316 0.9564275697263194 0.00488985577442976
317 0.959432731809006 0.004897531883263413
318 0.9592951030005196 0.004897180599828162
319 0.9575061697136596 0.004892612236289657
320 0.9553851199144989 0.004887190220275283
321 0.9550250729240994 0.004886269238826252
322 0.9573551383608104 0.004892226355232383
323 0.959957439171347 0.004898870913973771
324 0.9614724859828446 0.004902735196037427
325 0.9628077601681219 0.004906138426241894
326 0.9650284611283403 0.004911793133066259
327 0.9580376976688141 0.004893970034002042
328 0.9575598712007762 0.004892749434815083
329 0.9565783582353259 0.004890241221809912
330 0.9516209541212347 0.004877553085649882
361 0.9380780657261848 0.004842721537513209
362 0.9377923115497584 0.004841983894583755
363 0.9368445886010272 0.004839536647391041
364 0.9362558646897648 0.0048380157981867435
365 0.934267445666097 0.0048328755816169945
366 0.9394799035753331 0.0048463386010979175
367 0.9430089414687918 0.004855432399360166
368 0.942833992840204 0.004854981984415155
369 0.9416593472840424 0.004851956711449795
370 0.9420205642650098 0.004852887218388853
371 0.9424588606373078 0.004854016044866832
372 0.9486312869496359 0.004869885257709503
373 0.9518583891655686 0.004878161536839825
374 0.9579388628098754 0.0048937175870916875
375 0.9524835544117295 0.004879763222823618
376 0.9504843573588623 0.004874639390147175
377 0.9489194217648709 0.004870624784738917
378 0.9496804992917536 0.004872577627096901
379 0.9432507566007776 0.004856054897045509
380 0.9487281415965106 0.004870133857447216
381 0.946878911016637 0.00486538518767738
382 0.9444090390997587 0.004859035524247468
383 0.9470209670815447 0.004865750140125417
384 0.9473552809985776 0.004866608909101313
385 0.9464575246116456 0.004864302454025123
386 0.9502238550106092 0.00487397134021114
387 0.9507443540842186 0.004875306052154748
388 0.9513375764110011 0.004876826802389266
389 0.9538237837213416 0.004883195147023592
390 0.954252241974805 0.004884291791075144
421 0.9590076534383529 0.004896446832980374
422 0.9579023719437886 0.00489362437775405
423 0.9507070033961984 0.004875210286230368
424 0.948800343425413 0.004870319171799241
425 0.9460724537838818 0.004863312820849535
426 0.9505365950761221 0.0048747733410815786
427 0.9520556902874177 0.004878667083087511
428 0.9500237674998551 0.00487345816001103
429 0.9515859599765455 0.004877463403215472
430 0.9501252989640793 0.004873718572508101
431 0.9559037308749909 0.004888516495144829
432 0.9565363200938188 0.0048901337664669425
433 0.9546968713785533 0.004885429565102203
434 0.9635966685204844 0.004908148017986403
435 0.9662718625096193 0.004914956440996795
436 0.9637032937781786 0.004908419562133444
437 0.966773895184152 0.00491623307359316
438 0.9642859376569937 0.00490990312481396
439 0.9698922852833285 0.004924155499899539
440 0.9695148902980384 0.004923197387111283
441 0.9761476161424715 0.004940009176136698
442 0.9732522209484131 0.004932677343968663
443 0.9740821021648098 0.004934779915085368
444 0.9738106311225381 0.004934092219872036
445 0.9777811159524309 0.0049441407904704145
446 0.9818590281309846 0.004954440025020977
447 0.9779914183899757 0.004944672458008452
448 0.9762049153626418 0.004940154161646588
449 0.9675722729247161 0.004918262607630396
450 0.9635581613110566 0.0049080499474045735
481 0.9616196603782836 0.0049031104171116556
482 0.9637132914506374 0.004908445022585907
483 0.9647733883656798 0.004911143956646278
484 0.9593915395634713 0.004897426746918475
485 0.9584818130852988 0.0048951042460032325
486 0.9552556594193073 0.00488685908705587
487 0.9529229332622102 0.004880888605797056
488 0.9537156900282667 0.004882918441010403
489 0.9600037691303134 0.004898989128459519
490 0.9567072496066552 0.004890570671384479
491 0.9586102094707398 0.0048954321044120995
492 0.9578164546244367 0.004893404910442454
493 0.9589579505253694 0.004896319946180588
494 0.9625229358994105 0.004905412689127653
495 0.9587143562197934 0.004895698025579438
496 0.9613515147464108 0.004902426758404605
497 0.9618989974319597 0.004903822507881399
498 0.9635837058500174 0.0049081150047343815
499 0.9666515036053357 0.0049159218712657195
500 0.9666245358888021 0.004915853298407939
501 0.9629976999589607 0.004906622336421281
502 0.9663490922619371 0.004915152852223839
503 0.9637113336805861 0.004908440036864723
504 0.9655688739177019 0.004913168234643817
505 0.9613651428491641 0.004902461506640711
506 0.9604799416169234 0.00490020395423038
507 0.9612131450185615 0.004902073936436379
508 0.960148566703144 0.004899358572315707
509 0.9580565063605386 0.004894018074242065
510 0.9623264691525782 0.004904912025911587
541 0.9287302413196177 0.004818532585473652
542 0.9259388950084553 0.004811285963103641
543 0.9226168348072069 0.004802647302566901
544 0.9265552163007871 0.004812886935221783
545 0.9242483156099514 0.00480689173305899
546 0.9200378442888903 0.004795930186024071
547 0.9181808760033101 0.004791087782705399
548 0.9161515561416775 0.0047857903364558665
549 0.9183604086976144 0.004791556162562822
550 0.9227932633583397 0.0048031064767166945
551 0.9229491738586122 0.00480351221391449
552 0.9302786627228676 0.0048225477512161465
553 0.9281151786983176 0.004816936756028369
554 0.931123931451528 0.004824738182658076
555 0.9251965878392083 0.00480935701932511
556 0.9274533645445854 0.0048152190352630615
557 0.9304185617479861 0.004822910354591372
558 0.933640285153208 0.004831253188811638
559 0.9373703704349338 0.004840894494556443
560 0.9338212099205608 0.004831721276484606
561 0.9369547651879926 0.004839821213241666
562 0.9344325189494812 0.004833302516863374
563 0.9343633654407765 0.004833123667131022
564 0.9361207695934461 0.004837666739871713
565 0.9345593103260156 0.0048336304165672965
566 0.93242766836154 0.004828114741210276
567 0.934158237053708 0.004832593110541313
568 0.9383839006738046 0.004843510892283121
569 0.9399339792137271 0.004847509641823419
570 0.944388838629931 0.004858983557715323
601 0.9392591353256047 0.004845769147430617
602 0.9405322104545181 0.004849052021658268
603 0.9439085619056876 0.004857747862530068
604 0.9459850498397661 0.004863088164408864
605 0.9455720172810665 0.004862026396548815
606 0.949382917044371 0.0048718141565357795
607 0.9470654993822163 0.004865864541236122
608 0.9441237833083151 0.0048583016405980535
609 0.942671785399492 0.0048545643350289686
610 0.9389887813609913 0.004845071700295466
611 0.9423798180379337 0.004853812491106294
612 0.9406082350314877 0.0048492479956373
613 0.9468750384540973 0.004865375238396926
614 0.9481889893833376 0.004868749837892943
615 0.9490782679852233 0.004871032431555307
616 0.9548923643107692 0.004885929733319086
617 0.9484474718083283 0.004869413418952566
618 0.9529110014780817 0.004880858048293679
619 0.9539280956421038 0.0048834621573184385
620 0.9516496228628236 0.00487762655621358
621 0.9479633541189761 0.004868170508755232
622 0.9465657270803587 0.004864580498458333
623 0.946470721730038 0.004864336367090389
624 0.9423267006748798 0.0048536756962872145
625 0.938782878080721 0.004844540452813155
626 0.9359680153051962 0.004837272023446126
627 0.9357057334972426 0.00483659421324001
628 0.9390586126200928 0.004845251857488928
629 0.9410823228348948 0.004850469906968009
630 0.939711480847402 0.004846935863858151
661 0.9667167864989253 0.004916087867069257
662 0.9680699608691824 0.004919527342779783
663 0.963108226864288 0.004906903904187495
664 0.9654668344249927 0.0049129086206206275
665 0.9658896207346784 0.004913984205552743
666 0.9644904152465706 0.004910423671624588
667 0.967902225142268 0.00491910112552496
668 0.96879396804934 0.004921366624836264
669 0.9718002960788954 0.004928996617728796
670 0.9721993167344627 0.004930008435497454
671 0.9702155229907252 0.004924975972526243
672 0.9678511449730421 0.004918971323244002
673 0.967994781582042 0.004919336316431275
674 0.9713309640990995 0.00492780624192587
675 0.971940937632716 0.004929353273652074
676 0.9750932224714997 0.004937340460031407
677 0.9727464104552261 0.0049313953925069764
678 0.9743759920450346 0.004935524294075845
679 0.9746109090645942 0.004936119222928438
680 0.9762064536861913 0.0049401580540427295
681 0.9787953224360902 0.004946704288549262
682 0.9781563824181543 0.004945089465089101
683 0.9795706053955645 0.004948662990398764
684 0.9763557927714428 0.004940535909807135
685 0.9772362659901833 0.0049427630842266675
686 0.9832788001691667 0.0049580208009706705
687 0.982254939683168 0.0049554388050341795
688 0.9770782182932024 0.0049423633733597355
689 0.9716638001269559 0.004928650450046901
690 0.967755152948983 0.004918727384016126
721 0.9556837188911116 0.004887953889271893
722 0.9520079141523149 0.004878544670720098
723 0.9473328824730837 0.004866551377618553
724 0.949097100941555 0.0048710807602807046
725 0.9430140179408627 0.004855445468395205
726 0.9409358019637456 0.004850092297738774
727 0.9408642744920032 0.00484990794858754
728 0.9421336192468095 0.004853178415118965
729 0.9400187073779711 0.004847728120645731
730 0.9423481595958425 0.0048537309605868025
731 0.9436276130383984 0.00485702486859593
732 0.942817490133123 0.004854939495123945
733 0.9472737805518964 0.004866399568773181
734 0.9483175261220583 0.004869079831188269
735 0.9528173583184536 0.004880618219916187
736 0.9476597492027983 0.004867390880063966
737 0.9510084480304462 0.004875983126601431
738 0.9514760213623874 0.004877181643564588
739 0.9563925953761224 0.00488976636823887
740 0.9549153141512748 0.004885988447074982
741 0.9575499936583848 0.004892724199596881
742 0.9548227835840107 0.004885751717058927
743 0.9528121408059992 0.004880604857060763
744 0.9502074005224502 0.004873929140128247
745 0.9494639260064439 0.004872022003223668
746 0.9540061853604181 0.004883662036314517
747 0.9541510162326474 0.004884032724786299
748 0.9513158373510773 0.004876771081771062
749 0.9505906247413742 0.004874911883159035
750 0.9538065271189724 0.004883150973382965
781 0.9300185804786674 0.004821873573268642
782 0.9296620426305975 0.004820949212581582
783 0.9338430081709737 0.004831777669750553
784 0.9399317222011704 0.004847503821788746
785 0.9463546135800307 0.004864037992082031
786 0.9469592461785014 0.004865591577962355
787 0.9518717356786696 0.004878195736369597
788 0.9547133656749125 0.0048854717676994125
789 0.9532039904628355 0.0048816083427789545
790 0.9570951741510371 0.004891562082353408
791 0.9612945856747865 0.0049022816009197095
792 0.9650122703310688 0.004911751929006677
793 0.9680535549237872 0.0049194856568262006
794 0.9669688110381969 0.004916728641108195
795 0.9700874318738415 0.004924650855848061
796 0.9712517504410458 0.004927605302425448
797 0.9770751457588737 0.004942355602439872
798 0.9754511901675524 0.004938246653495411
799 0.9765711503302552 0.00494108075375426
800 0.9749129405901703 0.004936884014353841
801 0.9717103971642566 0.004928768627628233
802 0.9715246643262071 0.004928297562413638
803 0.9728281570109998 0.004931602597650674
804 0.9728366848841129 0.004931624212973344
805 0.9734497852876776 0.004933177970460353
806 0.9689831463671958 0.004921847103887771
807 0.9665052480816185 0.004915549964780874
808 0.9653325986201373 0.00491256707022019
809 0.9629913842641447 0.0049066062466735765
810 0.9617984341036392 0.004903566162046735
841 0.9619112210342383 0.004903853666134868
842 0.9620156876261923 0.004904119945891487
843 0.9584059319702437 0.004894910474292921
844 0.957254354245324 0.004891968837586422
845 0.9516623221347568 0.004877659100806618
846 0.9535645529501272 0.004882531523151307
847 0.9507173146507232 0.004875236724132708
848 0.9534980735292763 0.0048823613230718045
849 0.9559951398629558 0.004888750223526074
850 0.9578367887218278 0.00489345685277621
851 0.9565170326813159 0.004890084464364856
852 0.9566759319465871 0.0048904906247017885
853 0.953088034442601 0.004881311413109465
854 0.9487195187554852 0.004870111725456183
855 0.9569415346527614 0.0048911694530061325
856 0.9553421820815384 0.00488708039664983
857 0.9525054508977876 0.004879819312533934
858 0.950959634359702 0.004875857986972183
859 0.9470391190099773 0.004865796771788368
860 0.9469654284277598 0.004865607460510073
861 0.943869278021987 0.004857646775838337
862 0.9388128875949956 0.004844617883466956
863 0.9367107307488656 0.004839190894674612
864 0.9275736087646631 0.004815531171438235
865 0.925761710428156 0.0048108256052577965
866 0.9245707577605069 0.004807730149165983
867 0.9319654401713324 0.004826917883019681
868 0.9343942853940344 0.004833203635335635
869 0.9372326683443616 0.0048405389116426235
870 0.9363674834559058 0.0048383041794297504
901 0.9692912105918748 0.004922629431487449
902 0.9641735271302767 0.004909616933311641
903 0.9630307118019324 0.004906706435925345
904 0.9631025738079043 0.004906889503394121
905 0.9637354534539796 0.004908501460714639
906 0.9656546485564766 0.004913386456193424
907 0.9641544566592019 0.00490956837920387
908 0.963322809599201 0.004907450508498251
909 0.9584566860674524 0.004895040081938667
910 0.9519781763136307 0.004878468474658471
911 0.9515637760826767 0.004877406549832985
912 0.9523718615145653 0.004879477101940684
913 0.9552107787695246 0.004886744286381696
914 0.9505631007402837 0.004874841307009969
915 0.9485966714176033 0.004869796405903067
916 0.9501114440395808 0.0048736830375901855
917 0.9492233684828699 0.004871404772931822
918 0.9498170437406097 0.004872927902538943
919 0.9492896830392977 0.00487157493277801
920 0.950497281906538 0.0048746725323522725
921 0.9448691076161666 0.004860218918827635
922 0.9356528904626967 0.004836457640429533
923 0.936903529278447 0.004839688882396462
924 0.9340527461721168 0.00483232023980032
925 0.9357660912743532 0.004836750203182959
926 0.9400473835312951 0.004847802062330932
927 0.9389776761345131 0.004845043049379347
928 0.9357372048165692 0.004836675549025198
929 0.9361227731451244 0.004837671916826676
930 0.9398445933527374 0.004847279142057197
961 0.9694720881647805 0.004923088711278384
962 0.9668024861810388 0.004916305768442494
963 0.9631870790173741 0.004907104770511668
964 0.970239503992247 0.004925036837933821
965 0.9706417172770688 0.004926057570434141
966 0.9732228185355934 0.004932602834140766
967 0.9701526321464333 0.004924816347726784
968 0.967588042183024 0.0049183026857928525
969 0.9672322188067162 0.004917398267842041
970 0.9649511327024544 0.004911596336362484
971 0.9620789863537924 0.004904281283929111
972 0.9638955759662341 0.004908909212104684
973 0.9613707204967942 0.0049024757281689955
974 0.9608319379297392 0.0049011017843917535
975 0.9567179061643368 0.004890597908819624
976 0.9565224007969796 0.004890098186285784
977 0.9565156821276768 0.004890081012087753
978 0.9609146892503007 0.004901312832701442
979 0.9622831659271709 0.0049048016678848025
980 0.9614493503532855 0.004902676209145276
981 0.9637102155379543 0.004908437189363889
982 0.9595230922995401 0.004897762505457854
983 0.9658731307792606 0.004913942258872405
984 0.9662580020574814 0.004914921190170681
985 0.9641175991726267 0.004909474537351675
986 0.9664764761996878 0.004915476798765448
987 0.9614734997132571 0.004902737780641009
988 0.9539657621391359 0.0048835585697723505
989 0.9578608731612153 0.004893518374439138
990 0.9536574581425116 0.004882769368340088
