1 0.955507054873589 0.005107739612579326
2 0.9561212008166542 0.005109380832103609
3 0.9545575730705954 0.005105201216252521
4 0.9569346259776769 0.00511155378640196
5 0.953189111066236 0.005101540473423426
6 0.9547081438431867 0.005105603844549765
7 0.9521212138336785 0.005098681939042213
8 0.9493286118412795 0.005091199149543627
9 0.9535590307804088 0.005102530296592863
10 0.9559239847589107 0.005108853857118115
11 0.9569321294292432 0.0051115471186267665
12 0.9582908695531867 0.00511517475339821
13 0.9607381405623039 0.005121702122723134
14 0.9586575578908253 0.005116153316165542
15 0.9580414298972367 0.005114508979304045
16 0.9596290399454609 0.005118744957230117
17 0.9584139770754031 0.0051155033051389475
18 0.957141559716864 0.00511210643426928
19 0.9565320614221628 0.005110478505614811
20 0.9589440046217208 0.005116917611989045
21 0.9557894103594522 0.005108494233785296
22 0.9580819805937095 0.005114617218206977
23 0.9560435083659735 0.00510917323897507
24 0.9576854845496152 0.005113558783026297
25 0.9590119375904274 0.005117098853670676
26 0.9595356807901592 0.005118495958237293
27 0.9610609415154392 0.0051225624775935565
28 0.9655715498907026 0.005134569429799523
29 0.9673291297131525 0.00513924040042422
30 0.9693095254657037 0.005144498448435993
31 0.9686454972802472 0.00514273602006232
32 0.9691475980735541 0.005144068725014715
33 0.9701512272191012 0.005146731581216962
34 0.9714530946814128 0.005150183680158146
35 0.9716337933592936 0.005150662647240857
36 0.9713780392409204 0.005149984722136687
37 0.9716674532888235 0.005150751862664118
38 0.9696724627888798 0.005145461482277508
39 0.9678263214353172 0.005140560974497589
40 0.9662856693814392 0.005136467796834885
41 0.9687492111069786 0.005143011331596614
42 0.960720465467462 0.005121655009475874
43 0.9616469026545845 0.005124123858891243
44 0.9588503710282708 0.00511666779183419
45 0.9576066336638946 0.005113348266658657
46 0.9533633632692762 0.0051020067576226505
47 0.9503625910223216 0.0050939709828385195
48 0.9505459772286443 0.005094462436817095
49 0.9504227524450142 0.005094132213770015
50 0.949322265522456 0.005091182132029041
51 0.9507320304477775 0.005094960989639588
52 0.9507070605295006 0.005094894082461329
53 0.9520435411550444 0.005098473963232443
54 0.9541342041475234 0.005104068951781865
55 0.9541938450820686 0.005104228471629315
56 0.9537987997267683 0.005103171762604149
57 0.9573982835271743 0.005112791971031471
58 0.9572500822737614 0.005112396236300737
59 0.9575178507473622 0.00511311122334706
60 0.9593609738659948 0.005118029963375803
61 0.9609395652079029 0.005122238992721727
62 0.9640535495144551 0.00513053174655639
63 0.9698571868534503 0.00514595156801904
64 0.9665890799758069 0.005137274150731052
65 0.9688672709751885 0.005143324707202535
66 0.9693759756788384 0.005144674783832854
67 0.9712034871278219 0.005149521987204018
68 0.973732491140401 0.005156222279633054
69 0.9716737953514282 0.005150768672086602
70 0.9717566414158338 0.005150988247740434
71 0.9710714970967558 0.005149172056077034
72 0.9723944927326849 0.005152678498941635
73 0.9744157898190546 0.005158031103939173
74 0.969802008148581 0.0051458051799809345
75 0.9684972097047183 0.005142342360541543
76 0.9692247320725698 0.005144273427940327
77 0.969871600585012 0.005145989806684462
78 0.9667450967775008 0.005137688736804458
79 0.9649442128689205 0.005132901180120355
80 0.9636404525292351 0.005129432412246424
81 0.9617149722896214 0.005124305209794501
82 0.9646081906089742 0.0051320073879136474
83 0.9664551758754322 0.005136918298428533
84 0.9653283503468849 0.00513392276431808
85 0.9638607097743213 0.005130018590471767
86 0.9610357900970933 0.005122495447216361
87 0.9611356676526392 0.005122761623063651
88 0.9617045515635121 0.005124277447345499
89 0.9611398544312819 0.0051227727806173245
90 0.9583485861699419 0.0051153287912509395
91 0.9610128600001094 0.005122434336059387
92 0.9639674838341562 0.005130302727867112
93 0.9684827714091542 0.005142304029540241
94 0.9704917258864947 0.005147634688616988
95 0.9733906639185377 0.005155317158429691
96 0.9734654018898903 0.005155515070000435
97 0.9730328531960144 0.005154369544396348
98 0.9765922932935899 0.005163788507876338
99 0.9743706240641651 0.005157911560993214
100 0.9718299838258893 0.005151182627047024
101 0.9722171518577711 0.005152208616508856
102 0.9699678509957541 0.0051462451453006
103 0.9693967193814601 0.005144729829055534
104 0.9718407088351444 0.00515121105091223
105 0.9670296634796771 0.005138444834545895
106 0.971021232202038 0.0051490387878565915
107 0.9699880682900646 0.005146298777289767
108 0.9701209727856198 0.0051466513294696585
109 0.9670430097315841 0.005138480292994143
110 0.9644700897784119 0.0051316400056653794
111 0.9688710031189562 0.005143334613414325
112 0.9681301707831991 0.005141367851460097
113 0.9648409498090526 0.005132626525246
114 0.9658056107826607 0.005135191718783882
115 0.965232573783183 0.0051336680729078795
116 0.9690208694757214 0.00514373238722134
117 0.9665590486420126 0.005137194344122241
118 0.9654254322839819 0.005134180914115587
119 0.9680386629717631 0.005141124864281333
120 0.9676073735981583 0.00513997947637923
121 0.9648346455128514 0.005132609756860098
122 0.9626404486154898 0.005126770224332482
123 0.9644420812628849 0.005131565492902462
124 0.9669110901061412 0.005138129796941632
125 0.9658858023600302 0.005135404903803612
126 0.9680613327709228 0.005141185062076242
127 0.9664097765906879 0.005136797643502564
128 0.971337613997758 0.005149877559146413
129 0.9713993147533887 0.005150041120346134
130 0.9691734225900349 0.0051441372606035604
131 0.967086014901467 0.005138594547871624
132 0.9665015674134563 0.005137041587478437
133 0.9665021882012543 0.005137043237249286
134 0.9653275429060229 0.005133920617204154
135 0.9617857885272817 0.005124493871376159
136 0.9662843681218783 0.0051364643382924
137 0.9662485067507078 0.00513636902351277
138 0.9633260314312398 0.005128595516417433
139 0.959030055957071 0.005117147191460671
140 0.9580822645031386 0.005114617976016839
141 0.96217264406414 0.005125524370861703
142 0.9599961707764411 0.005119724017526899
143 0.9620157787024052 0.0051251065404378324
144 0.9589423710610684 0.005116913253653839
145 0.9573696134148166 0.0051127154169890165
146 0.9621315886375617 0.0051254150179116005
147 0.9626806912192203 0.005126877383982112
148 0.966632439501482 0.00513738937408556
149 0.963141709074827 0.0051281048414002625
150 0.9614282156090999 0.005123541190128425
151 0.962554058212113 0.005126540172870548
152 0.9660521564979406 0.005135847119163291
153 0.9681270045515243 0.0051413594441324754
154 0.9664567867272739 0.005136922579439727
155 0.9647434780109868 0.0051323672602489314
156 0.965399457809535 0.005134111846871501
157 0.965299593034201 0.005133846293487336
158 0.9654843821626266 0.005134337660929828
159 0.9664302025379594 0.005136851928654651
160 0.9658867536828986 0.005135407432791464
161 0.9668367947534561 0.005137932391770361
162 0.9655348290117978 0.005134471794520747
163 0.9641697111779505 0.005130840833718144
164 0.9638118206891219 0.005129888486041851
165 0.964749462475506 0.005132383178688826
166 0.9688845127342103 0.005143370471763533
167 0.9722797181895066 0.005152374397171538
168 0.97304980051208 0.005154414431035658
169 0.9716259407985378 0.005150641833857581
170 0.9705226908166833 0.005147716809295144
171 0.9707987717380825 0.005148448933004229
172 0.968340814740794 0.005141927145655029
173 0.9645795978166197 0.005131931326197373
174 0.965619161091231 0.005134696018036979
175 0.9677302944106875 0.005140305946808502
176 0.9698528411478696 0.005145940039097153
177 0.9745934200407458 0.005158501221760739
178 0.975631675588226 0.005161248222066464
179 0.9768077370792765 0.005164358062234985
180 0.9768524122986109 0.005164476159268013
181 0.9776834098970468 0.005166672373814341
182 0.9779276083478337 0.005167317579922162
183 0.976165742352347 0.005162660678265045
184 0.9742590116529757 0.005157616137763732
185 0.9737964745236777 0.005156391683001005
186 0.976479754942452 0.005163490972768377
187 0.9708975044694869 0.0051487107315956225
188 0.9724661845535709 0.0051528684414486395
189 0.9694847457671729 0.005144963408189307
190 0.9719552661925459 0.005151514645797197
191 0.9731391901978588 0.005154651181973184
192 0.9693008376138618 0.005144475393498796
193 0.9744584502585084 0.00515814401337042
194 0.9694681565568638 0.005144919389319745
195 0.9681259824001415 0.0051413567300004305
196 0.9667567741171308 0.005137719765849925
197 0.9691796351674826 0.005144153748003634
198 0.9693863058502868 0.005144702195916665
199 0.9704023820337296 0.005147397736519
200 0.9732056191795063 0.005154827113838239
201 0.975311243688026 0.0051604005843601366
202 0.9758160045212236 0.005161735763866104
203 0.9739653449722939 0.005156838760214828
204 0.9753938991774629 0.00516061924604488
205 0.9747368640194151 0.00515888083068211
206 0.976594262019993 0.005163793712751353
207 0.9750405107561553 0.005159684306681815
208 0.9738119687960765 0.005156432705032621
209 0.9734057660692979 0.005155357150633154
210 0.9739717693599018 0.005156855767738026
211 0.975927439538141 0.005162030482178267
212 0.9742377597104362 0.00515755988477647
213 0.9758453250939711 0.0051618133112271885
214 0.977639961199088 0.005166557567896975
215 0.9753390808788414 0.0051604742275338815
216 0.9747310126836626 0.005158865346303575
217 0.9762789869877494 0.005162960128781366
218 0.974533705047899 0.005158343184277672
219 0.9709532404516547 0.0051488585146158925
220 0.9710072005853705 0.0051490015849628284
221 0.9689576644308162 0.005143564632765112
222 0.967623048715046 0.005140021109718841
223 0.9655132062002838 0.005134414301857571
224 0.968867434199552 0.0051433251404486005
225 0.9637775257446854 0.005129797217807819
226 0.9685968020826685 0.005142606752082084
227 0.9686856946396838 0.005142842726935073
228 0.968209847998171 0.005141579414664975
229 0.9653623529603744 0.005134013181870913
230 0.9630662501136268 0.0051279039524551595
231 0.9610510828167161 0.005122536203541887
232 0.9664562167020155 0.0051369210645369956
233 0.9653257944239575 0.005133915967708625
234 0.9646620527015528 0.005132150667227013
235 0.9628159181537115 0.0051272374553815135
236 0.9624327981426904 0.0051262172485675005
237 0.9608232808710124 0.005121929059502738
238 0.9588961102533442 0.005116789828408369
239 0.9598224353767706 0.005119260725290733
240 0.963333676494893 0.005128615866932266
241 0.9642403134058228 0.005131028685586058
242 0.9620750607625647 0.005125264449590916
243 0.9629333143229216 0.005127550027950003
244 0.9619374119856723 0.005124897788169339
245 0.9593239793517494 0.005117931282658698
246 0.9631804029623836 0.005128207850291559
247 0.9602008866129915 0.005120269870076997
248 0.9610030941159338 0.005122408308713867
249 0.961352241801271 0.00512333875035306
250 0.9561703755198873 0.005109512221855988
251 0.9548854111132425 0.005106077818953996
252 0.9511281600072246 0.0050960223057623984
253 0.9512916842220971 0.0050964603577868485
254 0.9493616758134132 0.005091287808938806
255 0.9491832289378935 0.0050908092942052955
256 0.9484600532750284 0.005088869599751607
257 0.9502169100243933 0.005093580540693437
258 0.9481777939552188 0.005088112326027426
259 0.9482024587128355 0.005088178503616653
260 0.9460278291256528 0.00508234048093002
261 0.947488168612685 0.005086261655468174
262 0.9505828118623425 0.005094561143688906
263 0.9473356818344236 0.0050858523528051905
264 0.9505344433654956 0.005094431528785177
265 0.9496613188854779 0.005092091216533844
266 0.9485310480938463 0.0050890600540640825
267 0.9494638940400699 0.005091561892260636
268 0.9479468705366634 0.005087492697595118
269 0.945599879527766 0.005081190815177336
270 0.9512213566805124 0.0050962719675389755
271 0.9536970418035394 0.005102899534325159
272 0.9555462007391893 0.005107844240190147
273 0.9575352204040855 0.0051131575998109025
274 0.9551106997150305 0.005106680128548595
275 0.952969976997948 0.005100954028632877
276 0.9538564969650344 0.005103326110913518
277 0.9542377888727929 0.0051043460035996545
278 0.9535989659092957 0.0051026371426637586
279 0.9546464818664364 0.005105438963422942
280 0.9557674166238745 0.005108435457491837
281 0.9527838499133483 0.005100455863901467
282 0.9551633761713941 0.005106820948928959
283 0.9570603297490715 0.005111889504470559
284 0.9544390022270378 0.005104884133851854
285 0.9490159721197863 0.00509036074536285
286 0.9494001064739569 0.005091390856901674
287 0.9553968602311025 0.005107445076936577
288 0.9514982412836157 0.005097013633272555
289 0.951796050665774 0.0050978112278759055
290 0.9529722818334192 0.005100960197165442
291 0.9551450847731164 0.005106772050831811
292 0.9542315931209447 0.0051043294326186634
293 0.9611124933445516 0.005122699864263244
294 0.964669864839827 0.00513217144807424
295 0.9606733632704652 0.005121529455701991
296 0.9565100706450611 0.005110419760046227
297 0.9569751707298372 0.00511166207200508
298 0.9601159025495452 0.005120043276364051
299 0.9612577543054038 0.005123086967851604
300 0.9636831018725563 0.005129545921648657
301 0.9581021941947271 0.0051146711719857775
302 0.9590735464560215 0.005117263217418457
303 0.9652424220317557 0.005133694262197221
304 0.9677217396882339 0.005140283226641459
305 0.967492610840452 0.005139674654543961
306 0.9636570552879125 0.0051294766000767765
307 0.961494065587958 0.005123716647482774
308 0.9606887593090635 0.005121570495118861
309 0.9628002465521743 0.005127195727597497
310 0.9702163840329454 0.005146904409427534
311 0.9668308816786022 0.005137916680212091
312 0.9678386466393828 0.005140593706745051
313 0.9643438678559859 0.005131304201233903
314 0.96347072040628 0.005128980652572288
315 0.9581729680157427 0.005114860075705901
316 0.9560543496277395 0.005109202207179436
317 0.9582207729231567 0.005114987668724474
318 0.9580541717837917 0.005114542990503604
319 0.9567355749905548 0.005111022134231067
320 0.9552607784660618 0.005107081325012779
321 0.9551827014538907 0.005106872610383311
322 0.9572060254772425 0.005112278587633728
323 0.9595439245882205 0.0051185179458284125
324 0.961170809947437 0.005122855274750735
325 0.9626877152997134 0.005126896087761083
326 0.9647589835488171 0.005132408504267042
327 0.9597104659321939 0.005118962119279461
328 0.959355947297438 0.005118016555407955
329 0.9585629217622459 0.005115900783397855
330 0.9548510647366502 0.005105985987595652
331 0.955736135634435 0.0051083518606772115
332 0.9552719954174383 0.005107111309345866
333 0.9556616439493131 0.0051081527800213794
334 0.9548932234323845 0.005106098706396318
335 0.9555085223790077 0.005107743534911789
336 0.9527540253938798 0.005100376034758862
337 0.954330161453219 0.00510459305428616
338 0.9586597167708945 0.0051161590769062334
339 0.9560011636999142 0.00510906009107522
340 0.9496345302089213 0.005092019395483599
341 0.9493969108218299 0.005091382288160423
342 0.9445698356919032 0.005078422585464749
343 0.941438687156343 0.005069998382985132
344 0.9445792996497162 0.005078448026599381
345 0.9459043062577422 0.005082008669461903
346 0.946862725746685 0.005084582641775619
347 0.9465358892392719 0.005083705022127834
348 0.9445179238282714 0.005078283033049975
349 0.9460540384222765 0.005082410882477694
350 0.9447761928786189 0.005078977288636354
351 0.9446340287979855 0.005078595147708895
352 0.9445157171396302 0.005078277100819497
353 0.9479510007152068 0.005087503780616195
354 0.9468573230861029 0.005084568135811526
355 0.9448507149922512 0.005079177594625236
356 0.9405838112524978 0.0050676959474249906
357 0.9441013682444519 0.005077163085833456
358 0.9460227524583121 0.005082326844234696
359 0.9470093928406735 0.005084976422238054
360 0.9457905930958337 0.0050817031900175945
361 0.9428039406667286 0.005073673250785947
362 0.9421762601289653 0.005071984046888099
363 0.9411165081167799 0.005069130781618548
364 0.9404123331213534 0.00506723397974579
365 0.938730517356382 0.005062700879042204
366 0.942493420151278 0.005072837653207872
367 0.945023358815662 0.005079641608978524
368 0.9448076328882086 0.005079061796357555
369 0.9438600442525606 0.005076514151507499
370 0.9440124981526099 0.005076924118608281
371 0.9440636941691987 0.00507706178350573
372 0.9481919672285652 0.005088150354199876
373 0.9499349540298528 0.005092824780558343
374 0.9537915391747768 0.005103152339265376
375 0.9491460991684325 0.005090709723111831
376 0.9473560942979881 0.005085907145535272
377 0.9461544343299599 0.005082680549799356
378 0.9468622696467279 0.005084581417163993
379 0.9422203246550451 0.005072102651001619
380 0.9464754999661262 0.005083542848589824
381 0.9451885912581705 0.005080085664089828
382 0.9434122712653272 0.005075309843951322
383 0.9454492029692526 0.005080785968019749
384 0.945781041619269 0.00508167753006082
385 0.9451561748287302 0.005079998549384896
386 0.9479465710704118 0.005087491893999191
387 0.9482110768078471 0.00508820162647704
388 0.94850342048231 0.0050889859396751275
389 0.9502816900900803 0.005093754162555459
390 0.9506162221617029 0.005094650672615379
391 0.9508861182921191 0.005095373850321483
392 0.9488695518447123 0.005089968043451961
393 0.948410668032323 0.005088737112183512
394 0.9457453441370738 0.005081581627945575
395 0.9446185001301964 0.0050785534044842226
396 0.9472736010149146 0.005085685706989532
397 0.9446099918199585 0.005078530532814221
398 0.943890791149541 0.0050765968363226084
399 0.9471873237502744 0.005085454100702524
400 0.9530971821915089 0.005101294462334081
401 0.95743933450741 0.005112901582086747
402 0.9599431853115887 0.005119582728056984
403 0.9615510880409253 0.005123868579028852
404 0.9597791171769752 0.005119145204100124
405 0.9566146877496935 0.005110699225321678
406 0.9549550578820738 0.005106264027337257
407 0.9563895507673587 0.005110097794504187
408 0.9592588638710091 0.0051177575862754645
409 0.9605624304840061 0.00512123374544415
410 0.9653619364733212 0.005134012074385084
411 0.9658586665051245 0.005135332765575271
412 0.9664799778050219 0.0051369842118157965
413 0.9625341496120552 0.005126487156229635
414 0.9638571105074433 0.00513000901215664
415 0.9689185497963995 0.005143460814668605
416 0.9645516083505393 0.005131856868340223
417 0.9633915348038922 0.005128769878254333
418 0.9600434324294037 0.005119850040759674
419 0.9603500035025807 0.005120667437443718
420 0.9568540731272275 0.005111338641666894
421 0.9572311797025739 0.005112345759464715
422 0.9565585926961666 0.005110549379645494
423 0.9511942920080786 0.005096199466058858
424 0.9496604342068972 0.005092088844706651
425 0.9474038698874606 0.0050860353861989435
426 0.9504975900419937 0.005094332769316583
427 0.951409836298303 0.005096776842565636
428 0.9497448890065012 0.005092315263417273
429 0.9509143089686339 0.005095449380381581
430 0.9500178587222863 0.0050930470114902955
431 0.9548041237830578 0.00510586047964687
432 0.9559654041406189 0.005108964537088097
433 0.9553784192667718 0.005107395785029255
434 0.9627523192059444 0.005127068112371041
435 0.9651908377747251 0.00513355708352766
436 0.9633713069994224 0.005128716034985481
437 0.9655437166390497 0.005134495425551479
438 0.9635000638150002 0.005129058755947158
439 0.9676755156601456 0.0051401604602387225
440 0.9676167769885514 0.005140004451962054
441 0.9730449945600437 0.005154401702037047
442 0.9714324295242848 0.005150128901434613
443 0.9725683888442043 0.005153139212523012
444 0.972732914493595 0.005153575062450039
445 0.9759198557866855 0.005162010425547697
446 0.9790650871407226 0.005170321895342423
447 0.9761439113606348 0.00516260294901491
448 0.9746438965908897 0.005158634805657803
449 0.967837258393932 0.005140590019969156
450 0.9643425571301153 0.0051313007140258255
451 0.9619916094124129 0.00512504215949576
452 0.9597014224766236 0.005118938000955658
453 0.9590594613625067 0.005117225640844763
454 0.9565253294594185 0.0051104605221029015
455 0.9594822016356696 0.00511835331807509
456 0.9635240857778342 0.005129122694339836
457 0.9632070975059823 0.005128278913936086
458 0.9647761325317556 0.0051324541193876316
459 0.9660014017838734 0.005135712203116508
460 0.9647684382236531 0.005132433653104977
461 0.9628458917245518 0.005127317263170382
462 0.966038597417683 0.0051358110767989315
463 0.9623498010453986 0.005125996209589229
464 0.9631578527366722 0.0051281478184838965
465 0.9674677307686601 0.0051396085680978825
466 0.966106326227993 0.0051359911090867495
467 0.9669352902379393 0.005138194095842295
468 0.9653833332275542 0.005134068970447453
469 0.9639459508861437 0.005130245427615442
470 0.9651046835222015 0.005133327964256098
471 0.9665347736077046 0.005137129833654864
472 0.9694065563880087 0.005144755932203822
473 0.9674233210812252 0.005139490604975098
474 0.9688648234122386 0.005143318210637257
475 0.967666372067298 0.005140136175421816
476 0.9658715803121924 0.005135367095895636
477 0.9670272976230752 0.005138438548890175
478 0.9643195902746762 0.005131239609938626
479 0.967362005423372 0.00513932773096015
480 0.9653453269262334 0.005133967907540052
481 0.9640586049949001 0.005130545198749438
482 0.9648001516985865 0.005132518008045485
483 0.9648064350174115 0.005132534720933879
484 0.9601578701475231 0.005120155176171785
485 0.9591215924094474 0.005117391393569278
486 0.9566404112673231 0.005110767938607987
487 0.9551069455138137 0.005106670092265054
488 0.9561186803180802 0.005109374097499473
489 0.9613258233136706 0.005123268353788068
490 0.9592873098479265 0.005117833467010274
491 0.9610051039515528 0.005122413665196772
492 0.9605356131985564 0.005121162256834237
493 0.9613859597639338 0.005123428596208973
494 0.9639849720257703 0.005130349264348752
495 0.9610494285209658 0.005122531794726543
496 0.9629851096198341 0.005127687929194519
497 0.9633885065867264 0.005128761817647286
498 0.9646361785601778 0.0051320818395572685
499 0.9668646248572157 0.005138006338150655
500 0.9667118229506901 0.005137600320511067
501 0.9638512860538806 0.005129993512170137
502 0.9662843712383415 0.00513646434657547
503 0.9643116892824554 0.005131218588916294
504 0.9657585426087024 0.005135066586438749
505 0.9626347937779427 0.005126755166220506
506 0.9619188865780095 0.005124848439180163
507 0.9623259403071336 0.005125932661588321
508 0.9613274085118717 0.005123272577846256
509 0.9595545510180898 0.005118546288158558
510 0.96259540508445 0.005126650277920765
511 0.9619067467517164 0.005124816100192441
512 0.9603658575132803 0.005120709704732204
513 0.9566615641685835 0.005110824442060431
514 0.9564818559384001 0.005110344387051112
515 0.9592245322833268 0.005117666003949763
516 0.9619509215193613 0.005124933775300817
517 0.9629290772569365 0.00512753874690313
518 0.9596624656732466 0.005118834104326825
519 0.9565137644760675 0.005110429627693897
520 0.9538171061195188 0.005103220735311145
521 0.954364687550895 0.005104685391347013
522 0.956178764056471 0.00510953463482615
523 0.9559690138379027 0.005108974182728997
524 0.9569774681586907 0.0051116682078345375
525 0.9596502242043607 0.005118801456260191
526 0.9600100302173736 0.0051197609740579126
527 0.9561143926367892 0.005109362641080547
528 0.9509188486290512 0.0050954615431926965
529 0.9477663084340848 0.005087008149275746
530 0.9439861750353487 0.005076853334905315
531 0.9478176701872473 0.005087145986058322
532 0.9478915054248948 0.005087344127182868
533 0.9472651349875308 0.005085662980899301
534 0.9473389736458905 0.005085861188982732
535 0.9480197192515027 0.005087688178057252
536 0.9500912867805723 0.0050932438316466004
537 0.9471207588376445 0.005085275403866649
538 0.9403950292945894 0.005067187360332572
539 0.9389785830522339 0.005063369760811467
540 0.9388561120257342 0.005063039542249984
541 0.9366633679086269 0.00505712359842444
542 0.9344994629638962 0.005051278669110308
543 0.931910371395704 0.005044276367548461
544 0.9347148181163178 0.0050518606684940145
545 0.9328251257004689 0.005046751467025274
546 0.9295881690031624 0.005037987599089476
547 0.9282536923352653 0.005034370141541272
548 0.9268787990524506 0.005030640403273515
549 0.9286368500107444 0.005035409059329982
550 0.9318986785102784 0.0050442447216238915
551 0.9317790659170738 0.0050439209876344685
552 0.936968943133877 0.005057948444212001
553 0.9351042372364966 0.005052912907229862
554 0.9372649143423804 0.005058747237450552
555 0.9328621001162207 0.005046851485149121
556 0.9346547082364433 0.005051698227707656
557 0.9369094829924187 0.005057787952712424
558 0.9391529733167773 0.0050638399320237105
559 0.9414933047313806 0.005070145448856107
560 0.9381253614993214 0.0050610687721957945
561 0.9396753118674772 0.005065247940734066
562 0.9370837337802355 0.005058258266321698
563 0.9365602613104563 0.005056845250205224
564 0.9376458407289772 0.00505977512962951
565 0.936407073806157 0.005056431674478107
566 0.934807023565918 0.005052109834115602
567 0.9360740595452782 0.0050555324856325
568 0.9390886678853805 0.0050636665641087125
569 0.9399038047523315 0.005065863740016682
570 0.9427078908436397 0.005073414799474096
571 0.9408650795804967 0.005068453602300979
572 0.937881334839604 0.005060410482758648
573 0.9378122771280478 0.005060224176246533
574 0.9369061623793618 0.005057778989748605
575 0.9377083507461498 0.005059943786784062
576 0.9366226048291735 0.005057013555595299
577 0.9367654669430998 0.005057399211512752
578 0.9350151013508687 0.005052672074934003
579 0.9339378329731853 0.005049760543054011
580 0.9330438971792581 0.005047343228827458
581 0.9337131721351103 0.0050491531409178805
582 0.9269938015596575 0.005030952482002396
583 0.9309005669573485 0.005041542674780205
584 0.9336632561744531 0.005049018176184841
585 0.9374446179500041 0.005059232175883758
586 0.9404234787686492 0.005067264007762955
587 0.9353209584692613 0.00505349840883977
588 0.9345439899689795 0.005051399009271394
589 0.936737848592968 0.00505732465813913
590 0.9376960626253652 0.005059910632870019
591 0.9384902439966454 0.005062052924184456
592 0.936900280607624 0.005057763113693242
593 0.9384656592418008 0.005061986620807314
594 0.9352744841040872 0.005053372857794526
595 0.9331451269057203 0.00504761702479686
596 0.9346735380934493 0.005051749114027137
597 0.9370770820224487 0.00505824031362051
598 0.9364153533418851 0.0050564540284389736
599 0.9429282504714617 0.005074007724643859
600 0.9443680964579906 0.005077880237110739
601 0.9390539995064536 0.005063573095442001
602 0.9403501026924871 0.005067066318524473
603 0.9431034317458014 0.0050744790382660915
604 0.9447387073855366 0.005078876529399416
605 0.9444109356162527 0.005077995409176071
606 0.9472231756356535 0.0050855503442795375
607 0.9454471242727762 0.005080780382623061
608 0.9432009602783558 0.0050747414133583794
609 0.9420377642591211 0.005071611253235639
610 0.9391406204900562 0.005063806629172794
611 0.9414808458999878 0.005070111901991809
612 0.9398947865343275 0.005065839436905586
613 0.9443269049372058 0.005077769492216342
614 0.9451155228898772 0.005079889300767307
615 0.9457489813638433 0.005081591399522602
616 0.9502715559508041 0.005093727001687116
617 0.9457185040106788 0.00508150952013044
618 0.9493221017342095 0.005091181692833701
619 0.9502148927730045 0.005093575134013255
620 0.9485169864697833 0.005089022332202118
621 0.9457195574259015 0.005081512350220985
622 0.944647547641539 0.005078631487966361
623 0.9445485993581467 0.005078365497211936
624 0.9413627433181729 0.00506979388591736
625 0.9385534717753317 0.005062223441125587
626 0.9362493694472988 0.005056005868803011
627 0.9359013387490525 0.005055066050380528
628 0.9384017679920802 0.005061814306480801
629 0.9400940896554362 0.005066376509835427
630 0.9393991476365228 0.005064503564949678
631 0.9393049108438705 0.005064249533134017
632 0.9412872084201129 0.005069590481836795
633 0.9451445976301629 0.005079967436890689
634 0.945105630497478 0.005079862715451233
635 0.945625735730676 0.005081260283990464
636 0.95090306806151 0.005095419263239599
637 0.9515985301651967 0.005097282241403214
638 0.9509482053573078 0.005095540196027055
639 0.9517848060405933 0.005097781114730466
640 0.9515139253723748 0.005097055641592346
641 0.9563939045224473 0.005110109425794459
642 0.9585124072862259 0.005115765982412796
643 0.95696999915501 0.005111648260059159
644 0.9565397394406174 0.005110499016307092
645 0.9581651807429122 0.005114839290892952
646 0.9593558430532247 0.005118016277344518
647 0.9590262480909277 0.005117137032534597
648 0.95751617335106 0.005113106744726839
649 0.9587810656972774 0.005116482873116081
650 0.9563060712422726 0.0051098747693540765
651 0.9520797755500439 0.005098570985245482
652 0.9473772393084813 0.0050859639040026165
653 0.9462714728529993 0.005082994901774028
654 0.946770001566572 0.005084333674693711
655 0.9479830214056337 0.005087589704892775
656 0.952360096206587 0.005099321515619025
657 0.9513829211325315 0.005096704748732569
658 0.9564782067307408 0.005110334638447125
659 0.9597294025023639 0.0051190126215458435
660 0.9639211638756581 0.005130179467348387
661 0.9597972429418019 0.0051191935422970816
662 0.9609829117770862 0.005122354519749174
663 0.9574916546911176 0.005113041279864954
664 0.9595605574375966 0.005118562308137894
665 0.9602599751669486 0.005120427412468545
666 0.9596636364364203 0.00511883722674791
667 0.96271489592955 0.00512696846392157
668 0.9638753220607088 0.0051300574762858445
669 0.9665820405024909 0.0051372554438312455
670 0.9672791405934773 0.005139107607244176
671 0.9661643511803096 0.005136145342195724
672 0.9647894140590649 0.005132489447062441
673 0.9653350022535107 0.00513394045276368
674 0.968266423058148 0.005141729630506711
675 0.9690730344021123 0.005143870835638076
676 0.9716694738799099 0.005150757218178423
677 0.9700330855046615 0.0051464181959486625
678 0.9712862942493986 0.0051497415127771656
679 0.9713929396729897 0.0051500242210239045
680 0.9723905306779427 0.005152668001548227
681 0.9739722955672586 0.005156857160784088
682 0.9729630985194068 0.005154184788134817
683 0.9733701167902289 0.005155262746811593
684 0.9703047497586561 0.005147138789920083
685 0.9704799904135464 0.005147603565162429
686 0.9748380567658146 0.0051591486095004715
687 0.9742607393632191 0.005157620710912236
688 0.9708930620146488 0.005148698952318738
689 0.9675755917662094 0.005139895062333913
690 0.9654954403045084 0.005134367063824791
691 0.9681647230939677 0.00514145959767364
692 0.9707087715341336 0.005148210277884737
693 0.9710333113502388 0.005149070813834564
694 0.97051136967504 0.005147686785164002
695 0.9698849513933082 0.005146025225232098
696 0.9733443605796505 0.005155194540016982
697 0.9775141541238863 0.005166225129353897
698 0.977723063739897 0.005166777150235278
699 0.9750115456795668 0.005159607667937374
700 0.9723266999359137 0.005152498880187389
701 0.9757746258282317 0.005161626323078716
702 0.9792521699590907 0.005170815852384465
703 0.9759583672519107 0.005162112275419201
704 0.9771049864765577 0.005165143777527391
705 0.9759551745140116 0.005162103831777785
706 0.9770066934927532 0.005164883974246556
707 0.9723581049519615 0.005152582089361552
708 0.9711097915074905 0.00514927358442293
709 0.9736988703985868 0.0051561332626206815
710 0.9761669871571103 0.005162663969971707
711 0.9754640347368503 0.00516080477950566
712 0.97451912383243 0.00515830459392703
713 0.9763972201523068 0.005163272751833792
714 0.9772066286352645 0.005165412419443321
715 0.976106801171425 0.005162504814410505
716 0.9761777972745795 0.005162692555679991
717 0.9728115192144734 0.005153783283607077
718 0.9682323008047018 0.0051416390309861814
719 0.9620204564094121 0.005125119000585662
720 0.9618982392586186 0.005124793437167075
721 0.9606048726756682 0.005121346884359626
722 0.9573932428191614 0.005112778511572736
723 0.9535716206955339 0.005102563981036743
724 0.9547737228736587 0.0051057791938451174
725 0.9502527307097155 0.005093676547102235
726 0.948850097457578 0.005089915864142283
727 0.9490497405499125 0.005090451308623702
728 0.9503363183869321 0.005093900571308996
729 0.9491014650448355 0.005090590024975517
730 0.9511180987062419 0.005095995352113046
731 0.9522119457190448 0.005098924871348468
732 0.9516429022137466 0.00509740108049942
733 0.9550114749314839 0.0051064148596161475
734 0.9558463934245507 0.005108646512790339
735 0.9592641635970061 0.005117771723583174
736 0.9553688911433188 0.0051073703165772175
737 0.9577484728870369 0.0051137269432810295
738 0.9578711996180395 0.005114054571517998
739 0.9612884855290069 0.005123168859244491
740 0.9599530121718638 0.005119608932365818
741 0.9618146629508897 0.005124570793752246
742 0.9597759159729164 0.00511913666700978
743 0.9583438452242269 0.005115316138482179
744 0.956472524976067 0.0051103194599984
745 0.9559593902600367 0.005108948467076142
746 0.9593312926246058 0.0051179507905399785
747 0.9592639817486728 0.00511777123849349
748 0.9567503173166614 0.005111061511916371
749 0.9555728553190989 0.0051079154803316115
750 0.9571449545161143 0.005112115500096338
751 0.9572139305433729 0.005112299697413545
752 0.957815789737308 0.005113906653273822
753 0.9573622351675134 0.005112695715637056
754 0.9598414008770164 0.005119311301760591
755 0.9594898289739704 0.005118373662034909
756 0.9600670220789198 0.005119912941417113
757 0.9566066334837922 0.005110677710380671
758 0.9501890627352182 0.005093505903288026
759 0.947158494754152 0.005085376708591983
760 0.9423040174348154 0.0050723279109185036
761 0.9443104460140004 0.0050777252411302745
762 0.945238856734631 0.005080220742704761
763 0.9456904482614417 0.005081434145368503
764 0.945909485497228 0.0050820225825521405
765 0.9413770367285912 0.005069832374996194
766 0.9419845659364336 0.005071468050366625
767 0.9443175759678905 0.005077744410609258
768 0.9456036601382345 0.005081200972742075
769 0.9415833440506427 0.005070387883681935
770 0.9465430490310213 0.005083724249185602
771 0.9433876351301136 0.005075243575555373
772 0.9417477278773825 0.005070830464465498
773 0.941664486630273 0.005070606353715304
774 0.9447833574659289 0.005078996546481501
775 0.9421728987428607 0.005071974999264727
776 0.940303469788539 0.00506694067651847
777 0.9398782664785305 0.005065794916859783
778 0.9394909381056846 0.005064750990021393
779 0.9378375473620887 0.005060292352037653
780 0.9355429910846358 0.005054098189523
781 0.9357283279259594 0.005054598788755567
782 0.9356273882575947 0.005054326154450072
783 0.9390271385410126 0.0050635006749876685
784 0.9439400419794435 0.005076729279264204
785 0.9491377831347656 0.005090687421694688
786 0.9499320858333176 0.005092817092014325
787 0.9538172952564402 0.005103221241282051
788 0.9559005174096462 0.005108791147114213
789 0.9544060615368297 0.00510479604029252
790 0.9566826623320512 0.005110880798675489
791 0.9590560622909132 0.005117216572673066
792 0.9611250598979719 0.005122733353824312
793 0.9628800356928409 0.0051274081735681615
794 0.96174876184502 0.005124395229435926
795 0.9638902610059646 0.005130097231090795
796 0.9645821895223106 0.005131938220624084
797 0.9687454984535914 0.00514300147649866
798 0.967333328920598 0.005139251555217593
799 0.9680332670725176 0.005141110535808982
800 0.9667036650095546 0.005137578642732633
801 0.9642285991094875 0.005130997517747373
802 0.9639863155268424 0.0051303528394186625
803 0.9648176090818986 0.005132564442495539
804 0.9646537239165709 0.005132128511969871
805 0.9649497025261461 0.0051329157808753
806 0.9614497988069358 0.005123598699249085
807 0.9594292006684886 0.005118211949416996
808 0.9583425596332479 0.005115312707455559
809 0.9563248635861138 0.005109924976110464
810 0.95512926592635 0.005106729762188802
811 0.9567871769338979 0.0051111599649574305
812 0.9555505621175144 0.0051078558969869185
813 0.9492256726907474 0.0050909231134498275
814 0.953514094276256 0.0051024100667130924
815 0.9516188604475339 0.0050973366911687135
816 0.9536503092161325 0.005102774507922904
817 0.9537262964193687 0.005102977799337082
818 0.956418891507846 0.005110176179354381
819 0.9536704485821847 0.00510282838831289
820 0.9551894139432701 0.0051068905544728975
821 0.9526531368353915 0.0051001059843602085
822 0.9555789811648325 0.005107931852841531
823 0.9603591616061733 0.0051206918532769475
824 0.959979822417367 0.005119680423893149
825 0.9639871189622942 0.0051303549773673175
826 0.9673069377753183 0.005139181449259563
827 0.9679964487598364 0.005141012766020716
828 0.9686776355953192 0.005142821333781375
829 0.9695511239003801 0.00514513953639685
830 0.9701752853046754 0.0051467953958768365
831 0.9720100076863836 0.005151659712986246
832 0.9693132361204799 0.005144508295362578
833 0.970677423985628 0.005148127150442673
834 0.9661386521351681 0.005136077033471342
835 0.9669086147302659 0.005138123219909464
836 0.9666540109542463 0.005137446696977603
837 0.967637206846794 0.005140058713633896
838 0.9674783643580758 0.005139636813141804
839 0.9662061880600736 0.005136256543757203
840 0.9650787134422676 0.005133258897222916
841 0.962741417761128 0.005127039084859394
842 0.9624893765739501 0.005126367923538452
843 0.9594949065372973 0.005118387205082075
844 0.9583545222953418 0.005115344633704606
845 0.953887648217874 0.0051034094429999325
846 0.9550761329774349 0.005106587718910003
847 0.9527709992170954 0.0051004214675218085
848 0.9547535566923064 0.0051057252728948475
849 0.9565504214548671 0.0051105275515935305
850 0.9578355465418291 0.005113959395113206
851 0.9567123316257675 0.005110960049117612
852 0.9566974295767209 0.0051109202440103715
853 0.9539521184479918 0.005103581901686582
854 0.9507796429219519 0.005095088565367401
855 0.9572359957448133 0.0051123586201208835
856 0.9564757155006163 0.0051103279832887556
857 0.9548613060181061 0.005106013369719067
858 0.9542077110450645 0.005104265557797057
859 0.9517018777235028 0.005097559026914531
860 0.9519781443073301 0.005098298850521235
861 0.9498845150477044 0.005092689571138446
862 0.9462287799355455 0.0050828802357739825
863 0.9446971747079764 0.005078764889187156
864 0.9377898293379222 0.005060163614270106
865 0.9362850283034317 0.005056102151735269
866 0.935196784186298 0.005053162943583453
867 0.9405622618313414 0.0050676378948950294
868 0.9422645153900094 0.005072221592033819
869 0.9443324609432042 0.005077784429880466
870 0.9436324297725169 0.0050759020068326804
871 0.9474343922408301 0.0050861173135184025
872 0.9463221793182364 0.005083131087455928
873 0.945270687976983 0.005080306281071665
874 0.9450167069079944 0.005079623731448772
875 0.9496443634908344 0.005092045758853406
876 0.9477480096455445 0.00508695904089591
877 0.9493744631324208 0.005091322097084096
878 0.9512323180139245 0.005096301330722882
879 0.9555459768185948 0.00510784364170962
880 0.9553271760606348 0.005107258811637727
881 0.954411937653401 0.0051048117549509055
882 0.9562982795705914 0.005109853952510583
883 0.9563671867951519 0.005110038047535469
884 0.9536669494456411 0.00510281902684547
885 0.947157472886554 0.005085373965343037
886 0.9521017242269234 0.00509862975460758
887 0.9513875020336724 0.005096717019014058
888 0.9539370538988499 0.005103541604347541
889 0.9579733116471226 0.005114327151261956
890 0.9584288001190344 0.005115542863741657
891 0.9626904963120445 0.005126903493044601
892 0.9590881822327861 0.005117302262826728
893 0.9579504741841411 0.005114266189776036
894 0.9566119044369039 0.00511069179041343
895 0.9576961852339414 0.005113587351082488
896 0.95887961153911 0.005116745808615501
897 0.9622250720867216 0.005125664011833942
898 0.960950276490347 0.00512226754061261
899 0.9615867333635956 0.005123963550714943
900 0.9583437821568519 0.0051153159701659906
901 0.9605235010214981 0.005121129968276328
902 0.9571771361290756 0.005112201440443631
903 0.9567346245378907 0.005111019595501486
904 0.957116977530455 0.005112040786947357
905 0.9578726493005224 0.005114058441428966
906 0.9596074744656427 0.005118687440832289
907 0.9588433717882763 0.005116649116943778
908 0.9586648777893446 0.005116172848505994
909 0.9555341532743346 0.005107812040403321
910 0.9512348188718986 0.005096308029989299
911 0.9514655883272098 0.0050969261743658255
912 0.9525193443186453 0.0050997478372295894
913 0.9549375378796948 0.005106217186301389
914 0.9515495136621347 0.005097150960111688
915 0.9499861784206862 0.005092962091712705
916 0.9509028668222761 0.005095418724068806
917 0.9500047696765426 0.005093011926173576
918 0.9503550720431357 0.005093950831825678
919 0.950108811002356 0.0050932908033029965
920 0.9514175525766068 0.005096797510876667
921 0.9477690578568623 0.005087015527848821
922 0.9414648768444426 0.005070068903112828
923 0.9429175213750256 0.005073978857297362
924 0.941133055228313 0.005069175345231554
925 0.9426368752247175 0.005073223701849308
926 0.9460314001718041 0.00508235007327748
927 0.9454775994813097 0.005080862268002989
928 0.9433870981902588 0.005075242131238724
929 0.9440405506033839 0.005076999551458042
930 0.9471068598290661 0.0050852380904907605
931 0.947553533325247 0.005086437096338263
932 0.9505453792454541 0.005094460834367843
933 0.9510592253337715 0.005095837630860689
934 0.9527951436787055 0.005100486092783416
935 0.9558882640494464 0.0051087584030903395
936 0.956528727878242 0.005110469600518953
937 0.9567941875235924 0.005111178690218703
938 0.9571736358416022 0.005112192093066668
939 0.960854080948878 0.005122011152928639
940 0.9601188642464838 0.005120051173329805
941 0.9603950692219689 0.005120787583147774
942 0.9586747341717354 0.0051161991490556065
943 0.9512879113034991 0.005096450251239376
944 0.9513520447468155 0.005096622043286086
945 0.9511020152249506 0.005095952265091301
946 0.9540741024737527 0.005103908194565179
947 0.9560554076497383 0.005109205034239863
948 0.9560011672564999 0.00510906010057877
949 0.9575187465770487 0.0051131136151958126
950 0.9587156489216961 0.005116308323610891
951 0.9616016687847981 0.005124003343410725
952 0.9623679725360499 0.005126044604960846
953 0.9608477608034265 0.005121994307546303
954 0.9609042379762316 0.005122144836859448
955 0.9560100101452189 0.005109083729600889
956 0.9556803274844392 0.00510820271290612
957 0.9582984462551768 0.005115194974856725
958 0.957645335094562 0.0051134515929552
959 0.9579474760203368 0.0051142581865336
960 0.9608864067868905 0.0051220973116459425
961 0.9616688628052943 0.005124182365755603
962 0.9598907744623147 0.005119442967003747
963 0.957533910083021 0.0051131541013075274
964 0.9632951890462066 0.005128513415768983
965 0.9641480712733458 0.005130783254887416
966 0.9666720311604681 0.0051374945824756366
967 0.9649533783248776 0.005132925557316133
968 0.9635748243945463 0.005129257740867633
969 0.963795612892757 0.005129845352861846
970 0.9625114010175921 0.005126426576006872
971 0.9607065241188498 0.005121617848283017
972 0.962289444884673 0.005125835462269548
973 0.9604217225527438 0.005120858639894478
974 0.9598298348421641 0.005119280457961161
975 0.9564204394053561 0.005110180314585216
976 0.9559720471274902 0.0051089822881098595
977 0.9558414883969667 0.005108633404991648
978 0.9592558234822623 0.005117749475855281
979 0.9605983308172105 0.005121329445772532
980 0.9604043352220536 0.005120812286056635
981 0.9625764902459552 0.005126599908763652
982 0.9599150466283908 0.0051195076926932245
983 0.9651153710516012 0.005133356387308326
984 0.9657398931133208 0.005135017005276016
985 0.9643136575005535 0.005131223825476346
986 0.9660986561353057 0.005135970721265572
987 0.9622601594480773 0.00512575746418262
988 0.9565417590554517 0.005110504411396156
989 0.9594575521857963 0.00511828757146528
990 0.956406783032983 0.005110143831271231
991 0.9587375386036517 0.005116366731817147
992 0.9605389329998186 0.005121171106701958
993 0.9584623972528408 0.00511563252406484
994 0.9570431894150024 0.005111843728941361
995 0.9568984079316479 0.005111457054484739
996 0.9520945696149312 0.005098610597628242
997 0.9527779431118051 0.0051004400536905446
998 0.9544103316320437 0.005104807459929107
999 0.9572140992935846 0.005112300148045108
1000 0.9591729262105294 0.005117528337434924
