1 0.955507054873589 0.005107739612579326
2 0.9561212008166542 0.005109380832103609
3 0.9545575730705954 0.005105201216252521
4 0.9569346259776769 0.00511155378640196
5 0.953189111066236 0.005101540473423426
6 0.9547081438431867 0.005105603844549765
7 0.9521212138336785 0.005098681939042213
8 0.9493286118412795 0.005091199149543627
9 0.9535590307804088 0.005102530296592863
10 0.9559239847589107 0.005108853857118115
11 0.9569321294292432 0.0051115471186267665
12 0.9582908695531867 0.00511517475339821
13 0.9607381405623039 0.005121702122723134
14 0.9586575578908253 0.005116153316165542
15 0.9580414298972367 0.005114508979304045
16 0.9596290399454609 0.005118744957230117
17 0.9584139770754031 0.0051155033051389475
18 0.957141559716864 0.00511210643426928
19 0.9565320614221628 0.005110478505614811
20 0.9589440046217208 0.005116917611989045
21 0.9557894103594522 0.005108494233785296
22 0.9580819805937095 0.005114617218206977
23 0.9560435083659735 0.00510917323897507
24 0.9576854845496152 0.005113558783026297
25 0.9590119375904274 0.005117098853670676
26 0.9595356807901592 0.005118495958237293
27 0.9610609415154392 0.0051225624775935565
28 0.9655715498907026 0.005134569429799523
29 0.9673291297131525 0.00513924040042422
30 0.9693095254657037 0.005144498448435993
31 0.9686454972802472 0.00514273602006232
32 0.9691475980735541 0.005144068725014715
33 0.9701512272191012 0.005146731581216962
34 0.9714530946814128 0.005150183680158146
35 0.9716337933592936 0.005150662647240857
36 0.9713780392409204 0.005149984722136687
37 0.9716674532888235 0.005150751862664118
38 0.9696724627888798 0.005145461482277508
39 0.9678263214353172 0.005140560974497589
40 0.9662856693814392 0.005136467796834885
41 0.9687492111069786 0.005143011331596614
42 0.960720465467462 0.005121655009475874
43 0.9616469026545845 0.005124123858891243
44 0.9588503710282708 0.00511666779183419
45 0.9576066336638946 0.005113348266658657
46 0.9533633632692762 0.0051020067576226505
47 0.9503625910223216 0.0050939709828385195
48 0.9505459772286443 0.005094462436817095
49 0.9504227524450142 0.005094132213770015
50 0.949322265522456 0.005091182132029041
51 0.9507320304477775 0.005094960989639588
52 0.9507070605295006 0.005094894082461329
53 0.9520435411550444 0.005098473963232443
54 0.9541342041475234 0.005104068951781865
55 0.9541938450820686 0.005104228471629315
56 0.9537987997267683 0.005103171762604149
57 0.9573982835271743 0.005112791971031471
58 0.9572500822737614 0.005112396236300737
59 0.9575178507473622 0.00511311122334706
60 0.9593609738659948 0.005118029963375803
61 0.9609395652079029 0.005122238992721727
62 0.9640535495144551 0.00513053174655639
63 0.9698571868534503 0.00514595156801904
64 0.9665890799758069 0.005137274150731052
65 0.9688672709751885 0.005143324707202535
66 0.9693759756788384 0.005144674783832854
67 0.9712034871278219 0.005149521987204018
68 0.973732491140401 0.005156222279633054
69 0.9716737953514282 0.005150768672086602
70 0.9717566414158338 0.005150988247740434
71 0.9710714970967558 0.005149172056077034
72 0.9723944927326849 0.005152678498941635
73 0.9744157898190546 0.005158031103939173
74 0.969802008148581 0.0051458051799809345
75 0.9684972097047183 0.005142342360541543
76 0.9692247320725698 0.005144273427940327
77 0.969871600585012 0.005145989806684462
78 0.9667450967775008 0.005137688736804458
79 0.9649442128689205 0.005132901180120355
80 0.9636404525292351 0.005129432412246424
81 0.9617149722896214 0.005124305209794501
82 0.9646081906089742 0.0051320073879136474
83 0.9664551758754322 0.005136918298428533
84 0.9653283503468849 0.00513392276431808
85 0.9638607097743213 0.005130018590471767
86 0.9610357900970933 0.005122495447216361
87 0.9611356676526392 0.005122761623063651
88 0.9617045515635121 0.005124277447345499
89 0.9611398544312819 0.0051227727806173245
90 0.9583485861699419 0.0051153287912509395
120 0.9676073735981583 0.00513997947637923
150 0.9614282156090999 0.005123541190128425
180 0.9768524122986109 0.005164476159268013
210 0.9739717693599018 0.005156855767738026
240 0.963333676494893 0.005128615866932266
270 0.9512213566805124 0.0050962719675389755
361 0.9428039406667286 0.005073673250785947
362 0.9421762601289653 0.005071984046888099
363 0.9411165081167799 0.005069130781618548
364 0.9404123331213534 0.00506723397974579
365 0.938730517356382 0.005062700879042204
366 0.942493420151278 0.005072837653207872
367 0.945023358815662 0.005079641608978524
368 0.9448076328882086 0.005079061796357555
369 0.9438600442525606 0.005076514151507499
370 0.9440124981526099 0.005076924118608281
371 0.9440636941691987 0.00507706178350573
372 0.9481919672285652 0.005088150354199876
373 0.9499349540298528 0.005092824780558343
374 0.9537915391747768 0.005103152339265376
375 0.9491460991684325 0.005090709723111831
376 0.9473560942979881 0.005085907145535272
377 0.9461544343299599 0.005082680549799356
378 0.9468622696467279 0.005084581417163993
379 0.9422203246550451 0.005072102651001619
380 0.9464754999661262 0.005083542848589824
381 0.9451885912581705 0.005080085664089828
382 0.9434122712653272 0.005075309843951322
383 0.9454492029692526 0.005080785968019749
384 0.945781041619269 0.00508167753006082
385 0.9451561748287302 0.005079998549384896
386 0.9479465710704118 0.005087491893999191
387 0.9482110768078471 0.00508820162647704
388 0.94850342048231 0.0050889859396751275
389 0.9502816900900803 0.005093754162555459
390 0.9506162221617029 0.005094650672615379
391 0.9508861182921191 0.005095373850321483
392 0.9488695518447123 0.005089968043451961
393 0.948410668032323 0.005088737112183512
394 0.9457453441370738 0.005081581627945575
395 0.9446185001301964 0.0050785534044842226
396 0.9472736010149146 0.005085685706989532
397 0.9446099918199585 0.005078530532814221
398 0.943890791149541 0.0050765968363226084
399 0.9471873237502744 0.005085454100702524
400 0.9530971821915089 0.005101294462334081
401 0.95743933450741 0.005112901582086747
402 0.9599431853115887 0.005119582728056984
403 0.9615510880409253 0.005123868579028852
404 0.9597791171769752 0.005119145204100124
405 0.9566146877496935 0.005110699225321678
406 0.9549550578820738 0.005106264027337257
407 0.9563895507673587 0.005110097794504187
408 0.9592588638710091 0.0051177575862754645
409 0.9605624304840061 0.00512123374544415
410 0.9653619364733212 0.005134012074385084
411 0.9658586665051245 0.005135332765575271
412 0.9664799778050219 0.0051369842118157965
413 0.9625341496120552 0.005126487156229635
414 0.9638571105074433 0.00513000901215664
415 0.9689185497963995 0.005143460814668605
416 0.9645516083505393 0.005131856868340223
417 0.9633915348038922 0.005128769878254333
418 0.9600434324294037 0.005119850040759674
419 0.9603500035025807 0.005120667437443718
420 0.9568540731272275 0.005111338641666894
421 0.9572311797025739 0.005112345759464715
422 0.9565585926961666 0.005110549379645494
423 0.9511942920080786 0.005096199466058858
424 0.9496604342068972 0.005092088844706651
425 0.9474038698874606 0.0050860353861989435
426 0.9504975900419937 0.005094332769316583
427 0.951409836298303 0.005096776842565636
428 0.9497448890065012 0.005092315263417273
429 0.9509143089686339 0.005095449380381581
430 0.9500178587222863 0.0050930470114902955
431 0.9548041237830578 0.00510586047964687
432 0.9559654041406189 0.005108964537088097
433 0.9553784192667718 0.005107395785029255
434 0.9627523192059444 0.005127068112371041
435 0.9651908377747251 0.00513355708352766
436 0.9633713069994224 0.005128716034985481
437 0.9655437166390497 0.005134495425551479
438 0.9635000638150002 0.005129058755947158
439 0.9676755156601456 0.0051401604602387225
440 0.9676167769885514 0.005140004451962054
441 0.9730449945600437 0.005154401702037047
442 0.9714324295242848 0.005150128901434613
443 0.9725683888442043 0.005153139212523012
444 0.972732914493595 0.005153575062450039
445 0.9759198557866855 0.005162010425547697
446 0.9790650871407226 0.005170321895342423
447 0.9761439113606348 0.00516260294901491
448 0.9746438965908897 0.005158634805657803
449 0.967837258393932 0.005140590019969156
450 0.9643425571301153 0.0051313007140258255
480 0.9653453269262334 0.005133967907540052
510 0.96259540508445 0.005126650277920765
540 0.9388561120257342 0.005063039542249984
570 0.9427078908436397 0.005073414799474096
600 0.9443680964579906 0.005077880237110739
630 0.9393991476365228 0.005064503564949678
721 0.9606048726756682 0.005121346884359626
722 0.9573932428191614 0.005112778511572736
723 0.9535716206955339 0.005102563981036743
724 0.9547737228736587 0.0051057791938451174
725 0.9502527307097155 0.005093676547102235
726 0.948850097457578 0.005089915864142283
727 0.9490497405499125 0.005090451308623702
728 0.9503363183869321 0.005093900571308996
729 0.9491014650448355 0.005090590024975517
730 0.9511180987062419 0.005095995352113046
731 0.9522119457190448 0.005098924871348468
732 0.9516429022137466 0.00509740108049942
733 0.9550114749314839 0.0051064148596161475
734 0.9558463934245507 0.005108646512790339
735 0.9592641635970061 0.005117771723583174
736 0.9553688911433188 0.0051073703165772175
737 0.9577484728870369 0.0051137269432810295
738 0.9578711996180395 0.005114054571517998
739 0.9612884855290069 0.005123168859244491
740 0.9599530121718638 0.005119608932365818
741 0.9618146629508897 0.005124570793752246
742 0.9597759159729164 0.00511913666700978
743 0.9583438452242269 0.005115316138482179
744 0.956472524976067 0.0051103194599984
745 0.9559593902600367 0.005108948467076142
746 0.9593312926246058 0.0051179507905399785
747 0.9592639817486728 0.00511777123849349
748 0.9567503173166614 0.005111061511916371
749 0.9555728553190989 0.0051079154803316115
750 0.9571449545161143 0.005112115500096338
751 0.9572139305433729 0.005112299697413545
752 0.957815789737308 0.005113906653273822
753 0.9573622351675134 0.005112695715637056
754 0.9598414008770164 0.005119311301760591
755 0.9594898289739704 0.005118373662034909
756 0.9600670220789198 0.005119912941417113
757 0.9566066334837922 0.005110677710380671
758 0.9501890627352182 0.005093505903288026
759 0.947158494754152 0.005085376708591983
760 0.9423040174348154 0.0050723279109185036
761 0.9443104460140004 0.0050777252411302745
762 0.945238856734631 0.005080220742704761
763 0.9456904482614417 0.005081434145368503
764 0.945909485497228 0.0050820225825521405
765 0.9413770367285912 0.005069832374996194
766 0.9419845659364336 0.005071468050366625
767 0.9443175759678905 0.005077744410609258
768 0.9456036601382345 0.005081200972742075
769 0.9415833440506427 0.005070387883681935
770 0.9465430490310213 0.005083724249185602
771 0.9433876351301136 0.005075243575555373
772 0.9417477278773825 0.005070830464465498
773 0.941664486630273 0.005070606353715304
774 0.9447833574659289 0.005078996546481501
775 0.9421728987428607 0.005071974999264727
776 0.940303469788539 0.00506694067651847
777 0.9398782664785305 0.005065794916859783
778 0.9394909381056846 0.005064750990021393
779 0.9378375473620887 0.005060292352037653
780 0.9355429910846358 0.005054098189523
781 0.9357283279259594 0.005054598788755567
782 0.9356273882575947 0.005054326154450072
783 0.9390271385410126 0.0050635006749876685
784 0.9439400419794435 0.005076729279264204
785 0.9491377831347656 0.005090687421694688
786 0.9499320858333176 0.005092817092014325
787 0.9538172952564402 0.005103221241282051
788 0.9559005174096462 0.005108791147114213
789 0.9544060615368297 0.00510479604029252
790 0.9566826623320512 0.005110880798675489
791 0.9590560622909132 0.005117216572673066
792 0.9611250598979719 0.005122733353824312
793 0.9628800356928409 0.0051274081735681615
794 0.96174876184502 0.005124395229435926
795 0.9638902610059646 0.005130097231090795
796 0.9645821895223106 0.005131938220624084
797 0.9687454984535914 0.00514300147649866
798 0.967333328920598 0.005139251555217593
799 0.9680332670725176 0.005141110535808982
800 0.9667036650095546 0.005137578642732633
801 0.9642285991094875 0.005130997517747373
802 0.9639863155268424 0.0051303528394186625
803 0.9648176090818986 0.005132564442495539
804 0.9646537239165709 0.005132128511969871
805 0.9649497025261461 0.0051329157808753
806 0.9614497988069358 0.005123598699249085
807 0.9594292006684886 0.005118211949416996
808 0.9583425596332479 0.005115312707455559
809 0.9563248635861138 0.005109924976110464
810 0.95512926592635 0.005106729762188802
840 0.9650787134422676 0.005133258897222916
870 0.9436324297725169 0.0050759020068326804
900 0.9583437821568519 0.0051153159701659906
930 0.9471068598290661 0.0050852380904907605
960 0.9608864067868905 0.0051220973116459425
990 0.956406783032983 0.005110143831271231
