1 0.955507054873589 0.005107739612579326
2 0.9561212008166542 0.005109380832103609
3 0.9545575730705954 0.005105201216252521
4 0.9569346259776769 0.00511155378640196
5 0.953189111066236 0.005101540473423426
6 0.9547081438431867 0.005105603844549765
7 0.9521212138336785 0.005098681939042213
8 0.9493286118412795 0.005091199149543627
9 0.9535590307804088 0.005102530296592863
10 0.9559239847589107 0.005108853857118115
11 0.9569321294292432 0.0051115471186267665
12 0.9582908695531867 0.00511517475339821
13 0.9607381405623039 0.005121702122723134
14 0.9586575578908253 0.005116153316165542
15 0.9580414298972367 0.005114508979304045
16 0.9596290399454609 0.005118744957230117
17 0.9584139770754031 0.0051155033051389475
18 0.957141559716864 0.00511210643426928
19 0.9565320614221628 0.005110478505614811
20 0.9589440046217208 0.005116917611989045
21 0.9557894103594522 0.005108494233785296
22 0.9580819805937095 0.005114617218206977
23 0.9560435083659735 0.00510917323897507
24 0.9576854845496152 0.005113558783026297
25 0.9590119375904274 0.005117098853670676
26 0.9595356807901592 0.005118495958237293
27 0.9610609415154392 0.0051225624775935565
28 0.9655715498907026 0.005134569429799523
29 0.9673291297131525 0.00513924040042422
30 0.9693095254657037 0.005144498448435993
61 0.9609395652079029 0.005122238992721727
62 0.9640535495144551 0.00513053174655639
63 0.9698571868534503 0.00514595156801904
64 0.9665890799758069 0.005137274150731052
65 0.9688672709751885 0.005143324707202535
66 0.9693759756788384 0.005144674783832854
67 0.9712034871278219 0.005149521987204018
68 0.973732491140401 0.005156222279633054
69 0.9716737953514282 0.005150768672086602
70 0.9717566414158338 0.005150988247740434
71 0.9710714970967558 0.005149172056077034
72 0.9723944927326849 0.005152678498941635
73 0.9744157898190546 0.005158031103939173
74 0.969802008148581 0.0051458051799809345
75 0.9684972097047183 0.005142342360541543
76 0.9692247320725698 0.005144273427940327
77 0.969871600585012 0.005145989806684462
78 0.9667450967775008 0.005137688736804458
79 0.9649442128689205 0.005132901180120355
80 0.9636404525292351 0.005129432412246424
81 0.9617149722896214 0.005124305209794501
82 0.9646081906089742 0.0051320073879136474
83 0.9664551758754322 0.005136918298428533
84 0.9653283503468849 0.00513392276431808
85 0.9638607097743213 0.005130018590471767
86 0.9610357900970933 0.005122495447216361
87 0.9611356676526392 0.005122761623063651
88 0.9617045515635121 0.005124277447345499
89 0.9611398544312819 0.0051227727806173245
90 0.9583485861699419 0.0051153287912509395
121 0.9648346455128514 0.005132609756860098
122 0.9626404486154898 0.005126770224332482
123 0.9644420812628849 0.005131565492902462
124 0.9669110901061412 0.005138129796941632
125 0.9658858023600302 0.005135404903803612
126 0.9680613327709228 0.005141185062076242
127 0.9664097765906879 0.005136797643502564
128 0.971337613997758 0.005149877559146413
129 0.9713993147533887 0.005150041120346134
130 0.9691734225900349 0.0051441372606035604
131 0.967086014901467 0.005138594547871624
132 0.9665015674134563 0.005137041587478437
133 0.9665021882012543 0.005137043237249286
134 0.9653275429060229 0.005133920617204154
135 0.9617857885272817 0.005124493871376159
136 0.9662843681218783 0.0051364643382924
137 0.9662485067507078 0.00513636902351277
138 0.9633260314312398 0.005128595516417433
139 0.959030055957071 0.005117147191460671
140 0.9580822645031386 0.005114617976016839
141 0.96217264406414 0.005125524370861703
142 0.9599961707764411 0.005119724017526899
143 0.9620157787024052 0.0051251065404378324
144 0.9589423710610684 0.005116913253653839
145 0.9573696134148166 0.0051127154169890165
146 0.9621315886375617 0.0051254150179116005
147 0.9626806912192203 0.005126877383982112
148 0.966632439501482 0.00513738937408556
149 0.963141709074827 0.0051281048414002625
150 0.9614282156090999 0.005123541190128425
181 0.9776834098970468 0.005166672373814341
182 0.9779276083478337 0.005167317579922162
183 0.976165742352347 0.005162660678265045
184 0.9742590116529757 0.005157616137763732
185 0.9737964745236777 0.005156391683001005
186 0.976479754942452 0.005163490972768377
187 0.9708975044694869 0.0051487107315956225
188 0.9724661845535709 0.0051528684414486395
189 0.9694847457671729 0.005144963408189307
190 0.9719552661925459 0.005151514645797197
191 0.9731391901978588 0.005154651181973184
192 0.9693008376138618 0.005144475393498796
193 0.9744584502585084 0.00515814401337042
194 0.9694681565568638 0.005144919389319745
195 0.9681259824001415 0.0051413567300004305
196 0.9667567741171308 0.005137719765849925
197 0.9691796351674826 0.005144153748003634
198 0.9693863058502868 0.005144702195916665
199 0.9704023820337296 0.005147397736519
200 0.9732056191795063 0.005154827113838239
201 0.975311243688026 0.0051604005843601366
202 0.9758160045212236 0.005161735763866104
203 0.9739653449722939 0.005156838760214828
204 0.9753938991774629 0.00516061924604488
205 0.9747368640194151 0.00515888083068211
206 0.976594262019993 0.005163793712751353
207 0.9750405107561553 0.005159684306681815
208 0.9738119687960765 0.005156432705032621
209 0.9734057660692979 0.005155357150633154
210 0.9739717693599018 0.005156855767738026
241 0.9642403134058228 0.005131028685586058
242 0.9620750607625647 0.005125264449590916
243 0.9629333143229216 0.005127550027950003
244 0.9619374119856723 0.005124897788169339
245 0.9593239793517494 0.005117931282658698
246 0.9631804029623836 0.005128207850291559
247 0.9602008866129915 0.005120269870076997
248 0.9610030941159338 0.005122408308713867
249 0.961352241801271 0.00512333875035306
250 0.9561703755198873 0.005109512221855988
251 0.9548854111132425 0.005106077818953996
252 0.9511281600072246 0.0050960223057623984
253 0.9512916842220971 0.0050964603577868485
254 0.9493616758134132 0.005091287808938806
255 0.9491832289378935 0.0050908092942052955
256 0.9484600532750284 0.005088869599751607
257 0.9502169100243933 0.005093580540693437
258 0.9481777939552188 0.005088112326027426
259 0.9482024587128355 0.005088178503616653
260 0.9460278291256528 0.00508234048093002
261 0.947488168612685 0.005086261655468174
262 0.9505828118623425 0.005094561143688906
263 0.9473356818344236 0.0050858523528051905
264 0.9505344433654956 0.005094431528785177
265 0.9496613188854779 0.005092091216533844
266 0.9485310480938463 0.0050890600540640825
267 0.9494638940400699 0.005091561892260636
268 0.9479468705366634 0.005087492697595118
269 0.945599879527766 0.005081190815177336
270 0.9512213566805124 0.0050962719675389755
301 0.9581021941947271 0.0051146711719857775
302 0.9590735464560215 0.005117263217418457
303 0.9652424220317557 0.005133694262197221
304 0.9677217396882339 0.005140283226641459
305 0.967492610840452 0.005139674654543961
306 0.9636570552879125 0.0051294766000767765
307 0.961494065587958 0.005123716647482774
308 0.9606887593090635 0.005121570495118861
309 0.9628002465521743 0.005127195727597497
310 0.9702163840329454 0.005146904409427534
311 0.9668308816786022 0.005137916680212091
312 0.9678386466393828 0.005140593706745051
313 0.9643438678559859 0.005131304201233903
314 0.96347072040628 0.005128980652572288
315 0.9581729680157427 0.005114860075705901
316 0.9560543496277395 0.005109202207179436
317 0.9582207729231567 0.005114987668724474
318 0.9580541717837917 0.005114542990503604
319 0.9567355749905548 0.005111022134231067
320 0.9552607784660618 0.005107081325012779
321 0.9551827014538907 0.005106872610383311
322 0.9572060254772425 0.005112278587633728
323 0.9595439245882205 0.0051185179458284125
324 0.961170809947437 0.005122855274750735
325 0.9626877152997134 0.005126896087761083
326 0.9647589835488171 0.005132408504267042
327 0.9597104659321939 0.005118962119279461
328 0.959355947297438 0.005118016555407955
329 0.9585629217622459 0.005115900783397855
330 0.9548510647366502 0.005105985987595652
361 0.9428039406667286 0.005073673250785947
362 0.9421762601289653 0.005071984046888099
363 0.9411165081167799 0.005069130781618548
364 0.9404123331213534 0.00506723397974579
365 0.938730517356382 0.005062700879042204
366 0.942493420151278 0.005072837653207872
367 0.945023358815662 0.005079641608978524
368 0.9448076328882086 0.005079061796357555
369 0.9438600442525606 0.005076514151507499
370 0.9440124981526099 0.005076924118608281
371 0.9440636941691987 0.00507706178350573
372 0.9481919672285652 0.005088150354199876
373 0.9499349540298528 0.005092824780558343
374 0.9537915391747768 0.005103152339265376
375 0.9491460991684325 0.005090709723111831
376 0.9473560942979881 0.005085907145535272
377 0.9461544343299599 0.005082680549799356
378 0.9468622696467279 0.005084581417163993
379 0.9422203246550451 0.005072102651001619
380 0.9464754999661262 0.005083542848589824
381 0.9451885912581705 0.005080085664089828
382 0.9434122712653272 0.005075309843951322
383 0.9454492029692526 0.005080785968019749
384 0.945781041619269 0.00508167753006082
385 0.9451561748287302 0.005079998549384896
386 0.9479465710704118 0.005087491893999191
387 0.9482110768078471 0.00508820162647704
388 0.94850342048231 0.0050889859396751275
389 0.9502816900900803 0.005093754162555459
390 0.9506162221617029 0.005094650672615379
421 0.9572311797025739 0.005112345759464715
422 0.9565585926961666 0.005110549379645494
423 0.9511942920080786 0.005096199466058858
424 0.9496604342068972 0.005092088844706651
425 0.9474038698874606 0.0050860353861989435
426 0.9504975900419937 0.005094332769316583
427 0.951409836298303 0.005096776842565636
428 0.9497448890065012 0.005092315263417273
429 0.9509143089686339 0.005095449380381581
430 0.9500178587222863 0.0050930470114902955
431 0.9548041237830578 0.00510586047964687
432 0.9559654041406189 0.005108964537088097
433 0.9553784192667718 0.005107395785029255
434 0.9627523192059444 0.005127068112371041
435 0.9651908377747251 0.00513355708352766
436 0.9633713069994224 0.005128716034985481
437 0.9655437166390497 0.005134495425551479
438 0.9635000638150002 0.005129058755947158
439 0.9676755156601456 0.0051401604602387225
440 0.9676167769885514 0.005140004451962054
441 0.9730449945600437 0.005154401702037047
442 0.9714324295242848 0.005150128901434613
443 0.9725683888442043 0.005153139212523012
444 0.972732914493595 0.005153575062450039
445 0.9759198557866855 0.005162010425547697
446 0.9790650871407226 0.005170321895342423
447 0.9761439113606348 0.00516260294901491
448 0.9746438965908897 0.005158634805657803
449 0.967837258393932 0.005140590019969156
450 0.9643425571301153 0.0051313007140258255
481 0.9640586049949001 0.005130545198749438
482 0.9648001516985865 0.005132518008045485
483 0.9648064350174115 0.005132534720933879
484 0.9601578701475231 0.005120155176171785
485 0.9591215924094474 0.005117391393569278
486 0.9566404112673231 0.005110767938607987
487 0.9551069455138137 0.005106670092265054
488 0.9561186803180802 0.005109374097499473
489 0.9613258233136706 0.005123268353788068
490 0.9592873098479265 0.005117833467010274
491 0.9610051039515528 0.005122413665196772
492 0.9605356131985564 0.005121162256834237
493 0.9613859597639338 0.005123428596208973
494 0.9639849720257703 0.005130349264348752
495 0.9610494285209658 0.005122531794726543
496 0.9629851096198341 0.005127687929194519
497 0.9633885065867264 0.005128761817647286
498 0.9646361785601778 0.0051320818395572685
499 0.9668646248572157 0.005138006338150655
500 0.9667118229506901 0.005137600320511067
501 0.9638512860538806 0.005129993512170137
502 0.9662843712383415 0.00513646434657547
503 0.9643116892824554 0.005131218588916294
504 0.9657585426087024 0.005135066586438749
505 0.9626347937779427 0.005126755166220506
506 0.9619188865780095 0.005124848439180163
507 0.9623259403071336 0.005125932661588321
508 0.9613274085118717 0.005123272577846256
509 0.9595545510180898 0.005118546288158558
510 0.96259540508445 0.005126650277920765
541 0.9366633679086269 0.00505712359842444
542 0.9344994629638962 0.005051278669110308
543 0.931910371395704 0.005044276367548461
544 0.9347148181163178 0.0050518606684940145
545 0.9328251257004689 0.005046751467025274
546 0.9295881690031624 0.005037987599089476
547 0.9282536923352653 0.005034370141541272
548 0.9268787990524506 0.005030640403273515
549 0.9286368500107444 0.005035409059329982
550 0.9318986785102784 0.0050442447216238915
551 0.9317790659170738 0.0050439209876344685
552 0.936968943133877 0.005057948444212001
553 0.9351042372364966 0.005052912907229862
554 0.9372649143423804 0.005058747237450552
555 0.9328621001162207 0.005046851485149121
556 0.9346547082364433 0.005051698227707656
557 0.9369094829924187 0.005057787952712424
558 0.9391529733167773 0.0050638399320237105
559 0.9414933047313806 0.005070145448856107
560 0.9381253614993214 0.0050610687721957945
561 0.9396753118674772 0.005065247940734066
562 0.9370837337802355 0.005058258266321698
563 0.9365602613104563 0.005056845250205224
564 0.9376458407289772 0.00505977512962951
565 0.936407073806157 0.005056431674478107
566 0.934807023565918 0.005052109834115602
567 0.9360740595452782 0.0050555324856325
568 0.9390886678853805 0.0050636665641087125
569 0.9399038047523315 0.005065863740016682
570 0.9427078908436397 0.005073414799474096
601 0.9390539995064536 0.005063573095442001
602 0.9403501026924871 0.005067066318524473
603 0.9431034317458014 0.0050744790382660915
604 0.9447387073855366 0.005078876529399416
605 0.9444109356162527 0.005077995409176071
606 0.9472231756356535 0.0050855503442795375
607 0.9454471242727762 0.005080780382623061
608 0.9432009602783558 0.0050747414133583794
609 0.9420377642591211 0.005071611253235639
610 0.9391406204900562 0.005063806629172794
611 0.9414808458999878 0.005070111901991809
612 0.9398947865343275 0.005065839436905586
613 0.9443269049372058 0.005077769492216342
614 0.9451155228898772 0.005079889300767307
615 0.9457489813638433 0.005081591399522602
616 0.9502715559508041 0.005093727001687116
617 0.9457185040106788 0.00508150952013044
618 0.9493221017342095 0.005091181692833701
619 0.9502148927730045 0.005093575134013255
620 0.9485169864697833 0.005089022332202118
621 0.9457195574259015 0.005081512350220985
622 0.944647547641539 0.005078631487966361
623 0.9445485993581467 0.005078365497211936
624 0.9413627433181729 0.00506979388591736
625 0.9385534717753317 0.005062223441125587
626 0.9362493694472988 0.005056005868803011
627 0.9359013387490525 0.005055066050380528
628 0.9384017679920802 0.005061814306480801
629 0.9400940896554362 0.005066376509835427
630 0.9393991476365228 0.005064503564949678
661 0.9597972429418019 0.0051191935422970816
662 0.9609829117770862 0.005122354519749174
663 0.9574916546911176 0.005113041279864954
664 0.9595605574375966 0.005118562308137894
665 0.9602599751669486 0.005120427412468545
666 0.9596636364364203 0.00511883722674791
667 0.96271489592955 0.00512696846392157
668 0.9638753220607088 0.0051300574762858445
669 0.9665820405024909 0.0051372554438312455
670 0.9672791405934773 0.005139107607244176
671 0.9661643511803096 0.005136145342195724
672 0.9647894140590649 0.005132489447062441
673 0.9653350022535107 0.00513394045276368
674 0.968266423058148 0.005141729630506711
675 0.9690730344021123 0.005143870835638076
676 0.9716694738799099 0.005150757218178423
677 0.9700330855046615 0.0051464181959486625
678 0.9712862942493986 0.0051497415127771656
679 0.9713929396729897 0.0051500242210239045
680 0.9723905306779427 0.005152668001548227
681 0.9739722955672586 0.005156857160784088
682 0.9729630985194068 0.005154184788134817
683 0.9733701167902289 0.005155262746811593
684 0.9703047497586561 0.005147138789920083
685 0.9704799904135464 0.005147603565162429
686 0.9748380567658146 0.0051591486095004715
687 0.9742607393632191 0.005157620710912236
688 0.9708930620146488 0.005148698952318738
689 0.9675755917662094 0.005139895062333913
690 0.9654954403045084 0.005134367063824791
721 0.9606048726756682 0.005121346884359626
722 0.9573932428191614 0.005112778511572736
723 0.9535716206955339 0.005102563981036743
724 0.9547737228736587 0.0051057791938451174
725 0.9502527307097155 0.005093676547102235
726 0.948850097457578 0.005089915864142283
727 0.9490497405499125 0.005090451308623702
728 0.9503363183869321 0.005093900571308996
729 0.9491014650448355 0.005090590024975517
730 0.9511180987062419 0.005095995352113046
731 0.9522119457190448 0.005098924871348468
732 0.9516429022137466 0.00509740108049942
733 0.9550114749314839 0.0051064148596161475
734 0.9558463934245507 0.005108646512790339
735 0.9592641635970061 0.005117771723583174
736 0.9553688911433188 0.0051073703165772175
737 0.9577484728870369 0.0051137269432810295
738 0.9578711996180395 0.005114054571517998
739 0.9612884855290069 0.005123168859244491
740 0.9599530121718638 0.005119608932365818
741 0.9618146629508897 0.005124570793752246
742 0.9597759159729164 0.00511913666700978
743 0.9583438452242269 0.005115316138482179
744 0.956472524976067 0.0051103194599984
745 0.9559593902600367 0.005108948467076142
746 0.9593312926246058 0.0051179507905399785
747 0.9592639817486728 0.00511777123849349
748 0.9567503173166614 0.005111061511916371
749 0.9555728553190989 0.0051079154803316115
750 0.9571449545161143 0.005112115500096338
781 0.9357283279259594 0.005054598788755567
782 0.9356273882575947 0.005054326154450072
783 0.9390271385410126 0.0050635006749876685
784 0.9439400419794435 0.005076729279264204
785 0.9491377831347656 0.005090687421694688
786 0.9499320858333176 0.005092817092014325
787 0.9538172952564402 0.005103221241282051
788 0.9559005174096462 0.005108791147114213
789 0.9544060615368297 0.00510479604029252
790 0.9566826623320512 0.005110880798675489
791 0.9590560622909132 0.005117216572673066
792 0.9611250598979719 0.005122733353824312
793 0.9628800356928409 0.0051274081735681615
794 0.96174876184502 0.005124395229435926
795 0.9638902610059646 0.005130097231090795
796 0.9645821895223106 0.005131938220624084
797 0.9687454984535914 0.00514300147649866
798 0.967333328920598 0.005139251555217593
799 0.9680332670725176 0.005141110535808982
800 0.9667036650095546 0.005137578642732633
801 0.9642285991094875 0.005130997517747373
802 0.9639863155268424 0.0051303528394186625
803 0.9648176090818986 0.005132564442495539
804 0.9646537239165709 0.005132128511969871
805 0.9649497025261461 0.0051329157808753
806 0.9614497988069358 0.005123598699249085
807 0.9594292006684886 0.005118211949416996
808 0.9583425596332479 0.005115312707455559
809 0.9563248635861138 0.005109924976110464
810 0.95512926592635 0.005106729762188802
841 0.962741417761128 0.005127039084859394
842 0.9624893765739501 0.005126367923538452
843 0.9594949065372973 0.005118387205082075
844 0.9583545222953418 0.005115344633704606
845 0.953887648217874 0.0051034094429999325
846 0.9550761329774349 0.005106587718910003
847 0.9527709992170954 0.0051004214675218085
848 0.9547535566923064 0.0051057252728948475
849 0.9565504214548671 0.0051105275515935305
850 0.9578355465418291 0.005113959395113206
851 0.9567123316257675 0.005110960049117612
852 0.9566974295767209 0.0051109202440103715
853 0.9539521184479918 0.005103581901686582
854 0.9507796429219519 0.005095088565367401
855 0.9572359957448133 0.0051123586201208835
856 0.9564757155006163 0.0051103279832887556
857 0.9548613060181061 0.005106013369719067
858 0.9542077110450645 0.005104265557797057
859 0.9517018777235028 0.005097559026914531
860 0.9519781443073301 0.005098298850521235
861 0.9498845150477044 0.005092689571138446
862 0.9462287799355455 0.0050828802357739825
863 0.9446971747079764 0.005078764889187156
864 0.9377898293379222 0.005060163614270106
865 0.9362850283034317 0.005056102151735269
866 0.935196784186298 0.005053162943583453
867 0.9405622618313414 0.0050676378948950294
868 0.9422645153900094 0.005072221592033819
869 0.9443324609432042 0.005077784429880466
870 0.9436324297725169 0.0050759020068326804
901 0.9605235010214981 0.005121129968276328
902 0.9571771361290756 0.005112201440443631
903 0.9567346245378907 0.005111019595501486
904 0.957116977530455 0.005112040786947357
905 0.9578726493005224 0.005114058441428966
906 0.9596074744656427 0.005118687440832289
907 0.9588433717882763 0.005116649116943778
908 0.9586648777893446 0.005116172848505994
909 0.9555341532743346 0.005107812040403321
910 0.9512348188718986 0.005096308029989299
911 0.9514655883272098 0.0050969261743658255
912 0.9525193443186453 0.0050997478372295894
913 0.9549375378796948 0.005106217186301389
914 0.9515495136621347 0.005097150960111688
915 0.9499861784206862 0.005092962091712705
916 0.9509028668222761 0.005095418724068806
917 0.9500047696765426 0.005093011926173576
918 0.9503550720431357 0.005093950831825678
919 0.950108811002356 0.0050932908033029965
920 0.9514175525766068 0.005096797510876667
921 0.9477690578568623 0.005087015527848821
922 0.9414648768444426 0.005070068903112828
923 0.9429175213750256 0.005073978857297362
924 0.941133055228313 0.005069175345231554
925 0.9426368752247175 0.005073223701849308
926 0.9460314001718041 0.00508235007327748
927 0.9454775994813097 0.005080862268002989
928 0.9433870981902588 0.005075242131238724
929 0.9440405506033839 0.005076999551458042
930 0.9471068598290661 0.0050852380904907605
961 0.9616688628052943 0.005124182365755603
962 0.9598907744623147 0.005119442967003747
963 0.957533910083021 0.0051131541013075274
964 0.9632951890462066 0.005128513415768983
965 0.9641480712733458 0.005130783254887416
966 0.9666720311604681 0.0051374945824756366
967 0.9649533783248776 0.005132925557316133
968 0.9635748243945463 0.005129257740867633
969 0.963795612892757 0.005129845352861846
970 0.9625114010175921 0.005126426576006872
971 0.9607065241188498 0.005121617848283017
972 0.962289444884673 0.005125835462269548
973 0.9604217225527438 0.005120858639894478
974 0.9598298348421641 0.005119280457961161
975 0.9564204394053561 0.005110180314585216
976 0.9559720471274902 0.0051089822881098595
977 0.9558414883969667 0.005108633404991648
978 0.9592558234822623 0.005117749475855281
979 0.9605983308172105 0.005121329445772532
980 0.9604043352220536 0.005120812286056635
981 0.9625764902459552 0.005126599908763652
982 0.9599150466283908 0.0051195076926932245
983 0.9651153710516012 0.005133356387308326
984 0.9657398931133208 0.005135017005276016
985 0.9643136575005535 0.005131223825476346
986 0.9660986561353057 0.005135970721265572
987 0.9622601594480773 0.00512575746418262
988 0.9565417590554517 0.005110504411396156
989 0.9594575521857963 0.00511828757146528
990 0.956406783032983 0.005110143831271231
