1 0.955507054873589 0.005107739612579326
6 0.9547081438431867 0.005105603844549765
11 0.9569321294292432 0.0051115471186267665
16 0.9596290399454609 0.005118744957230117
21 0.9557894103594522 0.005108494233785296
26 0.9595356807901592 0.005118495958237293
31 0.9686454972802472 0.00514273602006232
36 0.9713780392409204 0.005149984722136687
41 0.9687492111069786 0.005143011331596614
46 0.9533633632692762 0.0051020067576226505
51 0.9507320304477775 0.005094960989639588
56 0.9537987997267683 0.005103171762604149
61 0.9609395652079029 0.005122238992721727
66 0.9693759756788384 0.005144674783832854
71 0.9710714970967558 0.005149172056077034
76 0.9692247320725698 0.005144273427940327
81 0.9617149722896214 0.005124305209794501
86 0.9610357900970933 0.005122495447216361
91 0.9610128600001094 0.005122434336059387
96 0.9734654018898903 0.005155515070000435
101 0.9722171518577711 0.005152208616508856
106 0.971021232202038 0.0051490387878565915
111 0.9688710031189562 0.005143334613414325
116 0.9690208694757214 0.00514373238722134
121 0.9648346455128514 0.005132609756860098
126 0.9680613327709228 0.005141185062076242
131 0.967086014901467 0.005138594547871624
136 0.9662843681218783 0.0051364643382924
141 0.96217264406414 0.005125524370861703
146 0.9621315886375617 0.0051254150179116005
151 0.962554058212113 0.005126540172870548
156 0.965399457809535 0.005134111846871501
161 0.9668367947534561 0.005137932391770361
166 0.9688845127342103 0.005143370471763533
171 0.9707987717380825 0.005148448933004229
176 0.9698528411478696 0.005145940039097153
181 0.9776834098970468 0.005166672373814341
186 0.976479754942452 0.005163490972768377
191 0.9731391901978588 0.005154651181973184
196 0.9667567741171308 0.005137719765849925
201 0.975311243688026 0.0051604005843601366
206 0.976594262019993 0.005163793712751353
211 0.975927439538141 0.005162030482178267
216 0.9747310126836626 0.005158865346303575
221 0.9689576644308162 0.005143564632765112
226 0.9685968020826685 0.005142606752082084
231 0.9610510828167161 0.005122536203541887
236 0.9624327981426904 0.0051262172485675005
241 0.9642403134058228 0.005131028685586058
246 0.9631804029623836 0.005128207850291559
251 0.9548854111132425 0.005106077818953996
256 0.9484600532750284 0.005088869599751607
261 0.947488168612685 0.005086261655468174
266 0.9485310480938463 0.0050890600540640825
271 0.9536970418035394 0.005102899534325159
276 0.9538564969650344 0.005103326110913518
281 0.9527838499133483 0.005100455863901467
286 0.9494001064739569 0.005091390856901674
291 0.9551450847731164 0.005106772050831811
296 0.9565100706450611 0.005110419760046227
301 0.9581021941947271 0.0051146711719857775
306 0.9636570552879125 0.0051294766000767765
311 0.9668308816786022 0.005137916680212091
316 0.9560543496277395 0.005109202207179436
321 0.9551827014538907 0.005106872610383311
326 0.9647589835488171 0.005132408504267042
331 0.955736135634435 0.0051083518606772115
336 0.9527540253938798 0.005100376034758862
341 0.9493969108218299 0.005091382288160423
346 0.946862725746685 0.005084582641775619
351 0.9446340287979855 0.005078595147708895
356 0.9405838112524978 0.0050676959474249906
361 0.9428039406667286 0.005073673250785947
366 0.942493420151278 0.005072837653207872
371 0.9440636941691987 0.00507706178350573
376 0.9473560942979881 0.005085907145535272
381 0.9451885912581705 0.005080085664089828
386 0.9479465710704118 0.005087491893999191
391 0.9508861182921191 0.005095373850321483
396 0.9472736010149146 0.005085685706989532
401 0.95743933450741 0.005112901582086747
406 0.9549550578820738 0.005106264027337257
411 0.9658586665051245 0.005135332765575271
416 0.9645516083505393 0.005131856868340223
421 0.9572311797025739 0.005112345759464715
426 0.9504975900419937 0.005094332769316583
431 0.9548041237830578 0.00510586047964687
436 0.9633713069994224 0.005128716034985481
441 0.9730449945600437 0.005154401702037047
446 0.9790650871407226 0.005170321895342423
451 0.9619916094124129 0.00512504215949576
456 0.9635240857778342 0.005129122694339836
461 0.9628458917245518 0.005127317263170382
466 0.966106326227993 0.0051359911090867495
471 0.9665347736077046 0.005137129833654864
476 0.9658715803121924 0.005135367095895636
481 0.9640586049949001 0.005130545198749438
486 0.9566404112673231 0.005110767938607987
491 0.9610051039515528 0.005122413665196772
496 0.9629851096198341 0.005127687929194519
501 0.9638512860538806 0.005129993512170137
506 0.9619188865780095 0.005124848439180163
511 0.9619067467517164 0.005124816100192441
516 0.9619509215193613 0.005124933775300817
521 0.954364687550895 0.005104685391347013
526 0.9600100302173736 0.0051197609740579126
531 0.9478176701872473 0.005087145986058322
536 0.9500912867805723 0.0050932438316466004
541 0.9366633679086269 0.00505712359842444
546 0.9295881690031624 0.005037987599089476
551 0.9317790659170738 0.0050439209876344685
556 0.9346547082364433 0.005051698227707656
561 0.9396753118674772 0.005065247940734066
566 0.934807023565918 0.005052109834115602
571 0.9408650795804967 0.005068453602300979
576 0.9366226048291735 0.005057013555595299
581 0.9337131721351103 0.0050491531409178805
586 0.9404234787686492 0.005067264007762955
591 0.9384902439966454 0.005062052924184456
596 0.9346735380934493 0.005051749114027137
601 0.9390539995064536 0.005063573095442001
606 0.9472231756356535 0.0050855503442795375
611 0.9414808458999878 0.005070111901991809
616 0.9502715559508041 0.005093727001687116
621 0.9457195574259015 0.005081512350220985
626 0.9362493694472988 0.005056005868803011
631 0.9393049108438705 0.005064249533134017
636 0.95090306806151 0.005095419263239599
641 0.9563939045224473 0.005110109425794459
646 0.9593558430532247 0.005118016277344518
651 0.9520797755500439 0.005098570985245482
656 0.952360096206587 0.005099321515619025
661 0.9597972429418019 0.0051191935422970816
666 0.9596636364364203 0.00511883722674791
671 0.9661643511803096 0.005136145342195724
676 0.9716694738799099 0.005150757218178423
681 0.9739722955672586 0.005156857160784088
686 0.9748380567658146 0.0051591486095004715
691 0.9681647230939677 0.00514145959767364
696 0.9733443605796505 0.005155194540016982
701 0.9757746258282317 0.005161626323078716
706 0.9770066934927532 0.005164883974246556
711 0.9754640347368503 0.00516080477950566
716 0.9761777972745795 0.005162692555679991
721 0.9606048726756682 0.005121346884359626
726 0.948850097457578 0.005089915864142283
731 0.9522119457190448 0.005098924871348468
736 0.9553688911433188 0.0051073703165772175
741 0.9618146629508897 0.005124570793752246
746 0.9593312926246058 0.0051179507905399785
751 0.9572139305433729 0.005112299697413545
756 0.9600670220789198 0.005119912941417113
761 0.9443104460140004 0.0050777252411302745
766 0.9419845659364336 0.005071468050366625
771 0.9433876351301136 0.005075243575555373
776 0.940303469788539 0.00506694067651847
781 0.9357283279259594 0.005054598788755567
786 0.9499320858333176 0.005092817092014325
791 0.9590560622909132 0.005117216572673066
796 0.9645821895223106 0.005131938220624084
801 0.9642285991094875 0.005130997517747373
806 0.9614497988069358 0.005123598699249085
811 0.9567871769338979 0.0051111599649574305
816 0.9536503092161325 0.005102774507922904
821 0.9526531368353915 0.0051001059843602085
826 0.9673069377753183 0.005139181449259563
831 0.9720100076863836 0.005151659712986246
836 0.9666540109542463 0.005137446696977603
841 0.962741417761128 0.005127039084859394
846 0.9550761329774349 0.005106587718910003
851 0.9567123316257675 0.005110960049117612
856 0.9564757155006163 0.0051103279832887556
861 0.9498845150477044 0.005092689571138446
866 0.935196784186298 0.005053162943583453
871 0.9474343922408301 0.0050861173135184025
876 0.9477480096455445 0.00508695904089591
881 0.954411937653401 0.0051048117549509055
886 0.9521017242269234 0.00509862975460758
891 0.9626904963120445 0.005126903493044601
896 0.95887961153911 0.005116745808615501
901 0.9605235010214981 0.005121129968276328
906 0.9596074744656427 0.005118687440832289
911 0.9514655883272098 0.0050969261743658255
916 0.9509028668222761 0.005095418724068806
921 0.9477690578568623 0.005087015527848821
926 0.9460314001718041 0.00508235007327748
931 0.947553533325247 0.005086437096338263
936 0.956528727878242 0.005110469600518953
941 0.9603950692219689 0.005120787583147774
946 0.9540741024737527 0.005103908194565179
951 0.9616016687847981 0.005124003343410725
956 0.9556803274844392 0.00510820271290612
961 0.9616688628052943 0.005124182365755603
966 0.9666720311604681 0.0051374945824756366
971 0.9607065241188498 0.005121617848283017
976 0.9559720471274902 0.0051089822881098595
981 0.9625764902459552 0.005126599908763652
986 0.9660986561353057 0.005135970721265572
991 0.9587375386036517 0.005116366731817147
996 0.9520945696149312 0.005098610597628242
