1 0.9352199313952659 0.005178892416941821
2 0.9409723108604712 0.005194795245762501
3 0.9467232827075264 0.005210645665925176
4 0.9417754264057778 0.005197011639883748
5 0.9377816329209161 0.005185980431044593
6 0.9421408646130884 0.005198019843306585
7 0.9367781309104369 0.005183204979615173
8 0.9395721087103064 0.005190928781620969
9 0.9381007180215118 0.005186862634476834
10 0.9401276794226887 0.005192463257677897
11 0.9391158268260972 0.005189668200145379
12 0.9431771393479402 0.005200877747287433
13 0.9381841795300143 0.0051870933633011915
14 0.937021333425276 0.005183877757212709
15 0.9373945689812702 0.005184910078888594
16 0.9436746719903834 0.005202249316415581
17 0.9478638696224244 0.005213783544437475
18 0.9461644088235426 0.0052091074531593635
19 0.9503145190294187 0.005220519167538513
20 0.9463733711164978 0.005209682642277878
21 0.9446437107926728 0.005204919668863726
22 0.9503323219665729 0.005220568067211997
23 0.9476398206798601 0.005213167310522095
24 0.9468888709095136 0.005211101334301442
25 0.9439141603163926 0.005202909395032556
26 0.9539947169313272 0.005230617918298583
27 0.9477381403241713 0.005213437742098786
28 0.941671293682063 0.005196724313456173
29 0.9413329964938993 0.005195790763098625
30 0.9400931503210559 0.005192367902152387
31 0.936918541041998 0.005183593410557509
32 0.9383354248591333 0.005187511453929965
33 0.9375687875257686 0.0051853918746820925
34 0.9352866645671971 0.0051790771851131885
35 0.9280023693240009 0.005158869653341011
36 0.9229042793091459 0.0051446797097820995
37 0.9122986435896709 0.005115034024937716
38 0.9105261297283773 0.005110062584450712
39 0.9040085826445392 0.005091740821839913
40 0.9034433875187514 0.0050901488695610795
41 0.9054100943777459 0.005095686232836031
42 0.9031204059589211 0.005089238922570732
43 0.905871931485712 0.00509698568651883
44 0.900998708524653 0.005083257342276361
45 0.9021443470580177 0.005086488049161947
46 0.9065713893371933 0.005098953094166003
47 0.9078692270551955 0.005102601591677418
48 0.9058066387748497 0.0050968019949846856
49 0.9058783870811395 0.005097003848036881
50 0.9044193128917679 0.005092897389661836
51 0.912938875431415 0.005116828521362351
52 0.9103021652736454 0.005109434078178973
53 0.9100659623700992 0.005108771143656023
54 0.9176138827612504 0.005129913003530905
55 0.9204099699360738 0.005137722810074414
56 0.9240729024788863 0.005147935892476847
57 0.9304715416423852 0.0051657282975647615
58 0.9276064596843246 0.005157769082814687
59 0.9241280136433944 0.005148089400122811
60 0.9233218566248558 0.005145843459177004
61 0.9244531863699466 0.005148995049020394
62 0.9222688744961299 0.005142908390062518
63 0.9229973211601878 0.005144939031615555
64 0.9340488556980261 0.005175648915262513
65 0.9397948423257515 0.005191544022224117
66 0.9376731920604986 0.005185680580621639
67 0.9398131040244639 0.005191594461930722
68 0.9449751313791763 0.005205832640725013
69 0.9421676589260005 0.005198093758145223
70 0.9431062121416445 0.005200682189820646
71 0.9422970296570018 0.005198450625683404
72 0.9379659664624015 0.00518649009296043
73 0.9370695695229126 0.005184011183638966
74 0.9434619465322813 0.005201662931470184
75 0.947707619156687 0.005213353794075154
76 0.9470426646395771 0.005211524510767519
77 0.9479314804949202 0.005213969490004071
78 0.9469184994205824 0.005211182862329989
79 0.9487107737499012 0.005216112248521813
80 0.9533951850539544 0.0052289740858081375
81 0.960270025347795 0.005247793034061981
82 0.9634596385006114 0.005256501289434788
83 0.9639478446320264 0.005257832913015333
84 0.9539056685405959 0.005230373792744408
85 0.9523877129840594 0.005226210573952445
86 0.956876577432975 0.0052385123773158295
87 0.9585569558365414 0.005243110055871106
88 0.960580922579083 0.005248642478617838
89 0.965881916880269 0.005263104947745354
90 0.9707816355982487 0.0052764373810937435
91 0.9704119111593215 0.005275432513696986
92 0.9766681776481392 0.005292410606638064
93 0.9768041049336573 0.00529277887807143
94 0.9734947607190723 0.005283805488378618
95 0.9725118268373993 0.00528113729574525
96 0.9745050146382712 0.005286546438432744
97 0.9736904087045043 0.005284336417771309
98 0.9775464088856372 0.005294789570147608
99 0.9688464473418708 0.00527117564506297
100 0.9674919215355879 0.005267489591013275
101 0.9804104985709574 0.00530254043526657
102 0.9814228277491084 0.005305277315101358
103 0.9775360429024332 0.005294761496879292
104 0.9768456024985225 0.005292891303429307
105 0.972163934839662 0.005280192613278739
106 0.9767242188456309 0.005292562443659225
107 0.9714712032918236 0.005278311033587435
108 0.9712354877642999 0.005277670636143903
109 0.9655351153942455 0.00526215999968572
110 0.9589504594554499 0.005244186137511051
111 0.95322315325058 0.005228502303257463
112 0.9518268637947831 0.005224671522379805
113 0.9492013653806789 0.005217460736569695
114 0.9499618718189626 0.005219550450177954
115 0.9568988134820332 0.005238573243651286
116 0.9450900162729551 0.005206149079398181
117 0.9505687840238677 0.0052212175187019375
118 0.9490436683399899 0.005217027313102191
119 0.9472302905302152 0.005212040732759683
120 0.9460632089368891 0.005208828867759357
121 0.9476509160927756 0.00521319782954068
122 0.9489663988451997 0.005216814928106724
123 0.945331970616831 0.005206815454955994
124 0.939565618959115 0.005190910854367646
125 0.9400625564072946 0.005192283412573773
126 0.9437090247457879 0.005202344004753223
127 0.9397649578975775 0.005191461478912084
128 0.9385621994465004 0.005188138268536845
129 0.9400713518609309 0.005192307702649412
130 0.9391175637008998 0.0051896729992337905
131 0.9433394847897961 0.005201325331537851
132 0.9385865815102569 0.005188205657089561
133 0.9381005549361522 0.005186862183618319
134 0.936318780444833 0.0051819340278902865
135 0.9331924870124455 0.005173275763145715
136 0.9356539839061859 0.005180094086419946
137 0.9353881534638435 0.005179358170928016
138 0.9306538971118131 0.005166234467080622
139 0.936761915046449 0.005183160118133071
140 0.9320475406066404 0.005170101208335723
141 0.9319894636010346 0.005169940128207631
142 0.9328019282332752 0.005172193092775013
143 0.926201952116645 0.005153862862762818
144 0.9217207096076608 0.005141379778987294
145 0.9196692951383693 0.0051356551729318314
146 0.9171555114181509 0.005128631582838859
147 0.9161335842402882 0.005125773534939721
148 0.9172942298693213 0.005129019417247561
149 0.9166829517250278 0.005127310161988143
150 0.9073409422508525 0.005101116785793255
151 0.9052779991378898 0.005095314500483878
152 0.9060119288936073 0.005097379526526544
153 0.9103988090217333 0.005109705296777213
154 0.9003764374479512 0.005081501673630636
155 0.896958757036647 0.005071848233203899
156 0.9003218246608735 0.005081347560769768
157 0.8978601636620549 0.0050743960925811096
158 0.8885819458610281 0.005048109362336463
159 0.9071280327313582 0.005100518256622363
160 0.909528971998462 0.005107263689343676
161 0.9104133208679572 0.005109746021216485
162 0.9096658444082049 0.005107647963628822
163 0.9041504958066667 0.005092140462229745
164 0.9106207693702288 0.0051103281462567
165 0.9118607002121148 0.005113806157181095
166 0.9147087439780165 0.005121785988501444
167 0.9121576735561703 0.005114638817523896
168 0.9192462744520025 0.0051344739123062675
169 0.9246495348550541 0.005149541828303442
170 0.9291302021676044 0.0051620035763185685
171 0.9302998732844983 0.005165251747256324
172 0.9222230682381761 0.005142780672256986
173 0.9222448577910963 0.0051428414266631445
174 0.9210046943012449 0.005139382415908833
175 0.9245360450609437 0.005149225795929228
176 0.9308631464218815 0.005166815225536051
177 0.9371845175159008 0.005184329128766815
178 0.9359011334666721 0.005180778192652624
179 0.9366035835023573 0.0051827220706359275
180 0.9399921861446249 0.005192089069557331
181 0.9437422642785335 0.005202435623015159
182 0.941659139639226 0.0051966907765871265
183 0.9321970710496003 0.0051705159170740665
184 0.9414997135671512 0.005196250849317882
185 0.9467092220188678 0.005210606971652101
186 0.9467101025760178 0.0052106093949073375
187 0.9522624908343724 0.005225866985502586
188 0.9447770173702396 0.005205286910789237
189 0.9371963178321853 0.0051843617672332675
190 0.9415338292626122 0.005196344992790837
191 0.9482559071647613 0.005214861646286372
192 0.9480482151319178 0.005214290521698383
193 0.9480701879603511 0.005214350946920093
194 0.947725780786049 0.005213403747533272
195 0.9535102925573922 0.005229289734552631
196 0.9580096838084928 0.00524161310927181
197 0.9515693005444964 0.005223964579511525
198 0.9425742073433133 0.005199215134392918
199 0.942523836490311 0.005199076210370741
200 0.9472122496226687 0.005211991098371058
201 0.9368097324353268 0.005183292404691825
202 0.9372974417191439 0.005184641457124299
203 0.9458524817074474 0.005208248725124648
204 0.9474507144561582 0.005212647127880207
205 0.9433925929252314 0.005201471741609133
206 0.9440610992694848 0.0052033143472735586
207 0.9417699976144712 0.005196996660977164
208 0.9489221204059723 0.005216693219309865
209 0.9467092060320117 0.005210606927656953
210 0.9489361882232106 0.005216731888033688
211 0.9489899894500847 0.0052168797707897955
212 0.944256035477002 0.00520385152755295
213 0.9416143282782702 0.005196567125922638
214 0.9397308878308523 0.005191367372912166
215 0.9397093492566541 0.0051913078796606916
216 0.9340479405824846 0.0051756463798930345
217 0.9401560513232035 0.005192541608173649
218 0.939449704184471 0.005190590641596443
219 0.9441131175643102 0.00520345769806495
220 0.9501699668258766 0.005220122106232322
221 0.9436929994101882 0.005202299833477795
222 0.9387135839841587 0.005188556659691877
223 0.9416446740039714 0.005196650861017445
224 0.9384076999756383 0.005187711233649114
225 0.9306382089879556 0.005166190923037013
226 0.9354480954342139 0.005179524121265987
227 0.9376685369707983 0.005185667708419242
228 0.9379974337822828 0.00518657709162555
229 0.9386848713809145 0.005188477307421634
230 0.9380449701322573 0.00518670851406408
231 0.9423230094985418 0.005198522287796506
232 0.9441563427623406 0.005203576814043153
233 0.9405559529660644 0.005193645831855372
234 0.9305750185691981 0.005166015527643614
235 0.925949768366041 0.00515316117510874
236 0.931202000369734 0.005167755555186555
237 0.9302330537104508 0.005165066244640863
238 0.9365867600498936 0.005182675523905024
239 0.9360567727522374 0.005181208953481672
240 0.9332132968823694 0.005173333443954898
241 0.9392095343303394 0.005189927113215653
242 0.929768311494058 0.005163775856059604
243 0.9343652700381664 0.005176525481225339
244 0.9385633486288976 0.005188141444733026
245 0.9401573811774442 0.005192545280607084
246 0.9432149859262378 0.005200982093249669
247 0.9400173242376366 0.0051921584947862195
248 0.9328349579305756 0.005172284663372586
249 0.9329041825230623 0.005172476574413572
250 0.9272296279812653 0.0051567213279608655
251 0.9259510630540613 0.005153164777752175
252 0.9253159215208021 0.005151397108506429
253 0.9305159153379963 0.0051658514715212005
254 0.9286335531408654 0.005160623766076297
255 0.9271942181636647 0.00515662286243546
256 0.9323368951261602 0.00517090367601898
257 0.9247300986451924 0.005149766160634337
258 0.9277349883203085 0.00515812639924781
259 0.9295337066110687 0.0051631243370493796
260 0.9289084239267881 0.0051613874686980855
261 0.9311159283197618 0.005167516718933511
262 0.9348407231174684 0.0051778423548523075
263 0.928702371940461 0.005160814983242637
264 0.9248781087016484 0.0051501782736844415
265 0.9302105611952642 0.005165003800056274
266 0.9312543038877719 0.005167900683741088
267 0.9269102478280152 0.005155833146520009
268 0.9212414284571653 0.00514004288441296
269 0.9198557388513805 0.005136175719882977
270 0.9204955986843402 0.0051379617940901364
271 0.9161137814942448 0.005125718136392031
272 0.9172205094487904 0.005128813310497225
273 0.9190343479604945 0.005133882017731928
274 0.9173382864417137 0.005129142586180021
275 0.9218878224928277 0.005141845837663859
276 0.9140645330068649 0.005119982085402871
277 0.9118061673675983 0.005113653242067249
278 0.9216057570954517 0.005141059165083365
279 0.9196632540954289 0.005135638305583678
280 0.9164374517159479 0.005126623534742542
281 0.9086189973789599 0.005104708166926708
282 0.9058832899387883 0.005097017641196562
283 0.9108922406360397 0.005111089826594869
284 0.9107831295595203 0.005110783701902186
285 0.9058086593415642 0.005096807679654171
286 0.9044175432357605 0.005092892407083102
287 0.9073607549506163 0.005101172479490582
288 0.9009513933426383 0.005083123869052815
289 0.899288870265604 0.005078431766369092
290 0.8913669471928896 0.00505601408774691
291 0.8874456190233322 0.005044880545198423
292 0.8885040963092594 0.005047888222541212
293 0.8906532762388666 0.005053989639258766
294 0.8830352991574493 0.005032329213274951
295 0.8859816741059728 0.00504071776870269
296 0.886749793197634 0.005042902369599016
297 0.8851809480719638 0.005038439422300436
298 0.8852308306381965 0.0050385813857871335
299 0.8815223062448403 0.0050280161678943
300 0.8812509850434012 0.005027242329067203
301 0.8784104133224655 0.005019133533309584
302 0.8793065101800862 0.005021692976627159
303 0.8765199410894486 0.005013729656530993
304 0.8809833897272658 0.00502647900019578
305 0.8914685026599057 0.005056302101145481
306 0.897199050300107 0.005072527556161209
307 0.9002756785519908 0.005081217336545442
308 0.9018857766028667 0.005085759058403001
309 0.9066426525608466 0.005099153497961253
310 0.8930645370778534 0.005060826334674324
311 0.8898504000542427 0.005051711175295614
312 0.8933417029500357 0.005061611596808968
313 0.8951204338040031 0.0050666481732717285
314 0.905091338574344 0.005094789168315785
315 0.9100419167471536 0.005108703651627332
316 0.913413943677745 0.0051181596765273755
317 0.9140009437121039 0.005119803989819449
318 0.9127813210781034 0.005116386972965288
319 0.9078838991198012 0.00510264282305497
320 0.9047817699378352 0.005093917807739565
321 0.9085751124791254 0.00510458489066226
322 0.913431363508318 0.005118208480823581
323 0.9125057071111196 0.005115614469112426
324 0.9141455259568346 0.005120208914719802
325 0.9193369653822423 0.005134727184331341
326 0.9209041220475938 0.005139101802038724
327 0.9213516066554129 0.0051403502434367735
328 0.9190139433915208 0.005133825025721009
329 0.9122507045195885 0.005114899631886877
330 0.9053736377363584 0.005095583642044938
331 0.9119501382798543 0.005114056939853767
332 0.9174827460285513 0.0051295464310109305
333 0.9247524844095089 0.005149828492742945
334 0.9294407148670818 0.005162866067800044
335 0.9202119384853953 0.0051371700751699206
336 0.9142574311112913 0.005120522300400191
337 0.9183471322001532 0.0051319622067761755
338 0.9121908420827424 0.0051147318077471235
339 0.9099171330979972 0.005108353390542345
340 0.9055524341555725 0.0050960867642339605
341 0.9040374512616685 0.005091822121036426
342 0.9080578867649347 0.005103131737044492
343 0.9019959928759625 0.0050860698052290765
344 0.9091219132148605 0.00510612068605861
345 0.9152682475160919 0.005123352180648754
346 0.9189013901546078 0.005133510641852545
347 0.9217246138703572 0.005141390668010299
348 0.9276796917928841 0.005157972674999098
349 0.9290631686381323 0.0051618173626106
350 0.9218533736529863 0.005141749767255832
351 0.9219759119573658 0.005142091492078638
352 0.9219048312957531 0.005141893270896516
353 0.9315533325720495 0.005168730331722939
354 0.923447362964722 0.0051461931823141545
355 0.9167404018374901 0.0051274708281867495
356 0.9083647833468532 0.005103994017635684
357 0.9111581884811087 0.005111835899546035
358 0.9236791972376922 0.005146839125511159
359 0.9293077435907058 0.0051624967395385865
360 0.9285784895044984 0.005160470763354165
361 0.9273548533306737 0.0051570695321216
362 0.9244251001944528 0.00514891683160543
363 0.9201157584966851 0.005136901601218206
364 0.9233159166151017 0.005145826906763952
365 0.9256549352937173 0.0051523406968522305
366 0.9198673870442694 0.005136208239643181
367 0.9275351886304267 0.005157570934830862
368 0.934761292579137 0.00517762237751707
369 0.9312150082493373 0.005167791649024038
370 0.9269375898457574 0.005155909189395856
371 0.9248165639872599 0.005150006915144805
372 0.9249644791401247 0.005150418744708132
373 0.9237873782464495 0.005147140514753418
374 0.9314725797394251 0.005168506298032844
375 0.9258921380730505 0.0051530008085210735
376 0.9352546556909831 0.0051789885610232745
377 0.9307565911224429 0.005166519496082243
378 0.9289760865275913 0.005161575445538162
379 0.9285437406414162 0.00516037420599705
380 0.9336211538037948 0.005174463812205077
381 0.9363139854269809 0.005181920759173209
382 0.9312406045870494 0.005167862672165924
383 0.9392288843192609 0.00518998057546834
384 0.9352877480085379 0.005179080184848413
385 0.9314908011551344 0.005168556850804515
386 0.9274837841044992 0.005157428015098272
387 0.9276871205095072 0.005157993327084609
388 0.9269226548237226 0.005155867652657906
389 0.9281041066789266 0.0051591524302962155
390 0.9294185419772086 0.005162804484343635
391 0.9302339055765845 0.005165068609609505
392 0.9340809283211056 0.005175737773147675
393 0.9321996511102303 0.005170523072339696
394 0.9318409718905809 0.005169528254541836
395 0.92730476131445 0.005156930248060973
396 0.9239511849229903 0.005147596841949589
397 0.9205180409024205 0.0051380244269568385
398 0.9183882041272957 0.0051320769657893
399 0.9259803084315239 0.005153246156274811
400 0.928512487330823 0.0051602873602579116
401 0.930754384872663 0.005166513372763125
402 0.9353057196644279 0.005179129942904151
403 0.9391833749690107 0.005189854836413181
404 0.9373478012969059 0.005184780736736097
405 0.9347028412265073 0.005177460494603761
406 0.9338778722248398 0.005175175176161631
407 0.9323936150308114 0.005171060962888359
408 0.9412247848389623 0.0051954921114639036
409 0.9369934346906694 0.00518380058463342
410 0.9480985821556597 0.0052144290298471434
411 0.9523048057235427 0.005225983092945612
412 0.9498992704423219 0.005219378466208583
413 0.9541981646239014 0.005231175626008165
414 0.9555078262482178 0.005234764356848169
415 0.9508390517612979 0.005221959719781833
416 0.9499381330363301 0.005219485233588037
417 0.9497485447575489 0.005218964356193114
418 0.9409032111980882 0.00519460450413084
419 0.9544159050271888 0.0052317724482198675
420 0.9533562735757497 0.005228867378122563
421 0.9548434069803196 0.005232944024746715
422 0.9612852198905237 0.005250566276686672
423 0.9521425353233135 0.005225537826634187
424 0.9509861653925237 0.005222363674448293
425 0.9532991290792711 0.005228710665737355
426 0.9500784035158178 0.005219870581141466
427 0.9482899363761909 0.005214955215984256
428 0.9421892653655918 0.00519815336094193
429 0.9412694214442728 0.005195615305404959
430 0.9467893968704767 0.005210827604760242
431 0.9391435658357303 0.005189744844148748
432 0.934541151203388 0.0051770126624817725
433 0.940771050094669 0.005194239669169994
434 0.9436244828892715 0.00520211097441257
435 0.9364071095320504 0.005182178445025747
436 0.93834072648799 0.005187526108722294
437 0.938452717350438 0.005187835664821309
438 0.94299553608581 0.005200377023831499
439 0.9506914267554966 0.0052215543295338574
440 0.9411021362423335 0.005195153594785154
441 0.9368560573044897 0.005183420558982839
442 0.934452979034615 0.005176768436103475
443 0.9309662196187329 0.005167101274792209
444 0.9335253441442672 0.0051741982996180245
445 0.9339936958045209 0.005175496090034893
446 0.9289456057241106 0.005161490766147784
447 0.9336208434363168 0.005174462952120979
448 0.9406228352641748 0.005193830486895162
449 0.9397230528764543 0.00519134573149762
450 0.9477740165215643 0.005213536417325383
451 0.9521776692567768 0.005225634236571715
452 0.9556655021314274 0.005235196253909719
453 0.9589242836365465 0.005244114563530332
454 0.960995182783779 0.005249774121608242
455 0.959823509324532 0.005246572806380236
456 0.959627497981334 0.005246037061901354
457 0.9486944474902785 0.005216067366577006
458 0.9484972093032937 0.005215525115511669
459 0.9501328097247649 0.005220020036861574
460 0.943266140326877 0.0052011231265869755
461 0.9431983333321725 0.005200936181009559
462 0.953297281402981 0.005228705598613558
463 0.9440290983094239 0.0052032261578195994
464 0.9396882815964579 0.005191249686495184
465 0.9383220291455854 0.005187474425238712
466 0.9353491803394056 0.005179250270334882
467 0.9386712047527712 0.005188439536892753
468 0.9339551445791388 0.005175389277871161
469 0.9255550157310186 0.005152062605360769
470 0.9231162535045763 0.005145270495172655
471 0.9233129585149494 0.005145818663711236
472 0.9248243864823549 0.0051500286955822525
473 0.9204536998666992 0.0051378448587271
474 0.9151972386985625 0.00512315343550623
475 0.9102148161908146 0.005109188931509842
476 0.9200269153394192 0.005136653594611584
477 0.923743144599367 0.005147017283191752
478 0.929452207669868 0.00516289798786614
479 0.9329603311223844 0.005172632229705012
480 0.9326529881308068 0.00517178015531283
481 0.9316085862643269 0.005168883617203488
482 0.9327415754334343 0.005172025768193901
483 0.934081890836582 0.0051757404397937195
484 0.934271578791692 0.005176265942852694
485 0.935593955727494 0.005179927915695324
486 0.9390521330029267 0.0051894922072571025
487 0.9374408069862573 0.005185037952971575
488 0.9371794037982606 0.005184314984683665
489 0.9337544602428958 0.005174833215105407
490 0.9406677299349413 0.0051939544327099805
491 0.9406031399766364 0.005193776110945255
492 0.9335516725309085 0.0051742712635357915
493 0.9393436568000227 0.005190297670033567
494 0.942129227702361 0.005197987741376857
495 0.9433598269421799 0.005201381411869377
496 0.936180636703734 0.0051815517445410195
497 0.9365320315014946 0.0051825240993579194
498 0.9301422424994399 0.005164814126439614
499 0.9386408902325235 0.005188355755519411
500 0.9349378915016215 0.005178111443205799
501 0.9277978206786592 0.005158301067532988
502 0.9187894994656114 0.0051331980895290745
503 0.9268843251026762 0.005155761049905832
504 0.9323773654508397 0.005171015902554715
505 0.9297018670409856 0.005163591342139106
506 0.9340419934118951 0.005175629902954545
507 0.9382570118345516 0.005187294699371442
508 0.938132450809897 0.005186950360783463
509 0.9466198853437755 0.005210361115124303
510 0.9373725951074416 0.0051848493076662346
511 0.9409010221503857 0.005194598461403206
512 0.9466392600471667 0.0052104144357264775
513 0.9486156563354979 0.005215850759161487
514 0.9512839443923553 0.005223181240765664
515 0.9511968918361297 0.005222942247096076
516 0.954320014184767 0.00523150962167516
517 0.9601196140124982 0.0052473820254663964
518 0.9522346708133451 0.00522579064899208
519 0.9529520594010554 0.005227758765082123
520 0.9465559760573562 0.005210185228220536
521 0.9550395471453421 0.0052334814625052024
522 0.9620487141580761 0.005252650976160164
523 0.9603204649954622 0.005247930856418647
524 0.9569699700061607 0.005238768014367207
525 0.9541022199479151 0.0052309126219036136
526 0.9599366898631814 0.0052468821301394075
527 0.9585293961983445 0.005243034682543561
528 0.9634343209181724 0.00525643222438333
529 0.9538968492162404 0.005230349614006866
530 0.9469858250203257 0.005211368115747128
531 0.9483354297820454 0.005215080306011948
532 0.9431982667025414 0.005200935997306697
533 0.9400065285348653 0.005192128679824653
534 0.947184783164999 0.005211915531373945
535 0.944501850253571 0.005204528833448811
536 0.9482913863534629 0.005214959202931369
537 0.9428957524166608 0.005200101875960415
538 0.9377729404233445 0.005185956396010645
539 0.9373814435332896 0.0051848737790699245
540 0.933995334866486 0.005175500631262049
541 0.9373659232180358 0.005184830855663849
542 0.9330567859618102 0.005172899611125046
543 0.9356316025808231 0.005180032130789724
544 0.9401344680365689 0.005192482004899833
545 0.9435067577097909 0.00520178646049757
546 0.9435159709089338 0.005201811857760055
547 0.9365175070196845 0.005182483911854272
548 0.9376443751884191 0.005185600896013323
549 0.9382631825526211 0.005187311757213857
550 0.9327445955505023 0.005172034141419169
551 0.9335598758926495 0.005174293997320607
552 0.9415082826692205 0.005196274496219706
553 0.9364075230869402 0.0051821795893544145
554 0.9334057865915772 0.005173866956555069
555 0.9214321417196528 0.005140574896754814
556 0.9273041619999944 0.005156928581605956
557 0.936309000592515 0.005181906965161808
558 0.9366050024867889 0.005182725996629419
559 0.9319518117078308 0.005169835695696728
560 0.9240922892561385 0.005147989893282812
561 0.918335445076843 0.005131929551332577
562 0.9142995914047444 0.005120640363555442
563 0.9143923272738022 0.005120900045938591
564 0.9115571090753721 0.005112954801559151
565 0.9091015885950937 0.005106063608707398
566 0.9118937443206245 0.005113898813677123
567 0.9129666737280263 0.005116906422543921
568 0.9121403117462866 0.005114590141833334
569 0.9116033101649159 0.005113084371658033
570 0.9083837672999424 0.005104047351647819
571 0.9148595564615395 0.0051222081979939
572 0.9120159060710114 0.005114241343666465
573 0.9155942113815453 0.0051242644154066335
574 0.9217124573073031 0.005141356763173114
575 0.928583775931139 0.005160485452694701
576 0.9271189463949954 0.005156413544908657
577 0.9252973709669331 0.00515134547114329
578 0.9212803842239063 0.005140151559614009
579 0.9183985262525491 0.005132105806421271
580 0.9197249466317504 0.005135810556262439
581 0.9229119061768318 0.005144700967517733
582 0.9271459390045839 0.005156488607577355
583 0.9274417233344913 0.005157311070814876
584 0.9269344509311299 0.005155900459588881
585 0.9272105564785595 0.005156668295288321
586 0.9198897252728793 0.005136270603576784
587 0.9125442066006052 0.005115722384310443
588 0.9085282169648191 0.005104453154045525
589 0.9068643738725892 0.005099776964045448
590 0.9114216370603677 0.005112574853874145
591 0.9066970816925979 0.005099306556242498
592 0.9018455324661891 0.005085645588232362
593 0.9046106788098863 0.005093436163780316
594 0.9017747845699716 0.005085446105189
595 0.8999286050156895 0.005080237788771538
596 0.8999346434642099 0.00508025483273632
597 0.9014564102739538 0.005084548309929327
598 0.9036729231186222 0.005090795449185514
599 0.9044112225586416 0.005092874610775971
600 0.9003339913350612 0.0050813818945433424
601 0.8918050096374659 0.005057256324652159
602 0.8949044152029659 0.005066036771582048
603 0.893316021308454 0.005061538841093728
604 0.8925097918410738 0.005059254272801186
605 0.8901961696371512 0.005052692552849175
606 0.8879695692632271 0.00504636958085453
607 0.8956766892378283 0.005068222214459235
608 0.9045441986377636 0.00509324900109132
609 0.9053527385967063 0.005095524829901382
610 0.9011166911823063 0.005083590148845917
611 0.9036967921518024 0.005090862681233749
612 0.8979078634582193 0.005074530882192228
613 0.9015534098478507 0.0050848218593473405
614 0.9099198287849448 0.00510836095744644
615 0.9112434086194894 0.005112074947596434
616 0.9143638584531419 0.005120820327903221
617 0.9114236537843559 0.005112580510228035
618 0.9094782816494815 0.005107121367002138
619 0.9061013763393581 0.005097631143702405
620 0.9058884505147287 0.005097032159352178
621 0.9084423712182736 0.005104211991506395
622 0.915644326875935 0.005124404653039953
623 0.9109894536636636 0.005111362554387654
624 0.9118902677355415 0.005113889065325745
625 0.9147745018599137 0.0051219700863071775
626 0.9158326760599811 0.005124931674164502
627 0.9203617229761525 0.005137588151192456
628 0.9213448784536459 0.005140331474610366
629 0.9188624748513102 0.005133401939090273
630 0.9175174797220593 0.005129643526246846
631 0.9206514659935079 0.005138396780624532
632 0.9176595851462239 0.005130040751347399
633 0.9173681842557488 0.00512922616979579
634 0.9203079763030046 0.005137438138270557
635 0.9286806610545196 0.005160754659007607
636 0.9352818727262169 0.005179063917872768
637 0.9385844709395444 0.005188199823807219
638 0.9334648026826962 0.005174030517024619
639 0.9280506144859327 0.005159003751741661
640 0.9317790527834011 0.005169356498898285
641 0.9338568879848776 0.005175117032730341
642 0.9340254271949812 0.0051755840051317375
643 0.9314425862495321 0.005168423084209522
644 0.9207980562317283 0.0051388058435842075
645 0.9186133454557788 0.005132705987272664
646 0.9251107134015315 0.005150825861917488
647 0.9222727254062792 0.005142919127092678
648 0.9170480794880776 0.0051283312003418185
649 0.9179458560698781 0.00513084086666908
650 0.9214169583180297 0.005140532543264398
651 0.9224242419748495 0.005143341564748736
652 0.9232244156924168 0.005145571923844592
653 0.9270421107872443 0.005156199869856941
654 0.9226455475715369 0.005143958516233122
655 0.9185347419138852 0.0051324863859012046
656 0.9232840529128368 0.005145738114559599
657 0.9192582533943536 0.005134507366543905
658 0.9182201081332854 0.005131607272769731
659 0.9191847049437689 0.005134301960384246
660 0.9265639558055306 0.005154869951495981
661 0.9280711385544923 0.005159060797747365
662 0.9264705563385705 0.005154610134439427
663 0.9292635800066031 0.005162374069158768
664 0.9275008081476808 0.0051574753473944525
665 0.9301887695987899 0.005164943300669099
666 0.9254558299359464 0.005151786541211002
667 0.9228124528329251 0.0051444237625667254
668 0.9279387838938808 0.005158692911030915
669 0.9319029261808273 0.005169700102067499
670 0.9297761707513781 0.005163797680506045
671 0.9301579281015921 0.0051648576750896675
672 0.9362514484369221 0.0051817477044376736
673 0.9356659451230942 0.005180127196967231
674 0.9440903202179931 0.005203394874161174
675 0.9493024247538844 0.005217738474938672
676 0.9513406057524489 0.005223336792716285
677 0.9446067253556016 0.005204817774302316
678 0.9498198753589859 0.005219160336949746
679 0.9510918038552286 0.005222653724488207
680 0.9547169098683799 0.005232597384540346
681 0.9546282574855811 0.0052323544366095105
682 0.9587583850101727 0.0052436609150781355
683 0.9606934610362663 0.005248949926337039
684 0.9612707096899528 0.00525052664898008
685 0.959318321817449 0.0052451919004818355
686 0.959147063756674 0.005244723692241231
687 0.9580839074345765 0.0052418161573217084
688 0.9568589428886477 0.0052384641060933285
689 0.9556919017776395 0.005235268562878802
690 0.9537438088872587 0.005229930026430666
691 0.9498044923549545 0.005219118072783843
692 0.9489161548908724 0.005216676821593756
693 0.9484069735201994 0.005215277018742222
694 0.9494865336648843 0.005218244417803358
695 0.943293458891374 0.005201198442652485
696 0.943247955344277 0.005201072990795297
697 0.9469730951722266 0.005211333088745829
698 0.9541173705194836 0.005230954153617813
699 0.9537081830211585 0.005229832346883457
700 0.9618560916153955 0.005252125103809876
701 0.9629029907753723 0.005254982573899449
702 0.9583992402088393 0.005242678702050367
703 0.9535566058370046 0.0052294167298345875
704 0.9512711575227613 0.005223146136440492
705 0.9445615509894585 0.005204693316605417
706 0.9498286196354504 0.005219184361334287
707 0.9525353098237739 0.005226615525775234
708 0.9539385702429036 0.005230463993863497
709 0.9590295400360933 0.005244402365957009
710 0.9554643345776619 0.00523464522059866
711 0.9555795528894946 0.005234960830916093
712 0.9445263316537604 0.005204596283463602
713 0.9462807815340901 0.005209427788245765
714 0.9437954402594718 0.0052025821888367595
715 0.9468386794519823 0.00521096322081978
716 0.9464195811047731 0.005209809831209066
717 0.9538894352339168 0.005230329288017235
718 0.9521232650386751 0.005225484946888204
719 0.9492940060129809 0.0052177153385363165
720 0.9412315840806995 0.005195510877089068
721 0.9376745779060124 0.005185684412740107
722 0.9342944930445205 0.0051763294198662055
723 0.9394201449305668 0.00519050898145385
724 0.9430577447806462 0.005200548553451577
725 0.9482656586699174 0.005214888460049994
726 0.9486703957473543 0.005216001246074842
727 0.949918188169833 0.005219430439239341
728 0.9548267960919733 0.005232898507216654
729 0.9427626043545001 0.0051997347049709585
730 0.9394002046896539 0.005190453893988811
731 0.9358875266389544 0.005180740531509788
732 0.9350366193207037 0.005178384835780337
733 0.9361273240390361 0.005181404205565716
734 0.9320389273177005 0.005170077319168863
735 0.9309317275912882 0.005167005554106517
736 0.937894575448804 0.0051862927106225915
737 0.9365555328301411 0.005182589124062843
738 0.9308456599110578 0.005166766695311695
739 0.9335434010715855 0.005174248340932606
740 0.9319251973368184 0.005169761875942375
741 0.9328827194567229 0.0051724170732083685
742 0.93592138067389 0.005180834232611623
743 0.9225335663393374 0.005143646346357235
744 0.9321688947529458 0.005170437775286379
745 0.9335870883750316 0.005174369409922307
746 0.9335674456392808 0.005174314975094057
747 0.9323686809249381 0.005170991820070637
748 0.9345185032910297 0.005176949931568707
749 0.9395401141754713 0.0051908403994925115
750 0.9493907642226809 0.005217981243476076
751 0.953080482715198 0.005228111009186174
752 0.9512818882625456 0.005223175596002858
753 0.9481281732051461 0.005214510402832202
754 0.9446645924611341 0.005204977196799928
755 0.9422304788591944 0.005198267049202581
756 0.9368716843284595 0.00518346378926294
757 0.9296732027551653 0.005163511740384926
758 0.9292016884208146 0.0051622021519306255
759 0.929548855452177 0.005163166409236207
760 0.936091874067862 0.005181306097987835
761 0.9323058403506433 0.005170817557690443
762 0.9327730187511287 0.005172112943614782
763 0.9390064142289757 0.005189365877684623
764 0.9391974363919648 0.005189893687436698
765 0.936475301275743 0.00518236713184122
766 0.9332892986292433 0.005173544100176395
767 0.9271864470478375 0.005156601252724829
768 0.9308589004124688 0.005166803441649674
769 0.9324560535605799 0.005171234102232875
770 0.9251428747082918 0.005150915394904448
771 0.9216713003628005 0.005141241974176014
772 0.9163616895002049 0.00512641162045136
773 0.921089686139259 0.005139619545797349
774 0.9218210742472124 0.005141659689526765
775 0.9167505482870386 0.0051274992034389
776 0.920076235584914 0.005136791274073423
777 0.9127039848557561 0.0051161702231190195
778 0.9108857542353965 0.005111071628703901
779 0.9084291710854642 0.005104174907964794
780 0.9145329152056234 0.005121293700311329
781 0.9099963601715896 0.005108575779519245
782 0.902790381592617 0.005088308965553058
783 0.8985630817839937 0.0050763820294100065
784 0.9034716112962311 0.005090228377645934
785 0.9036529535536946 0.005090739200110603
786 0.9078424416975377 0.005102526318712624
787 0.9210156228846831 0.00513941290761169
788 0.9299915218289878 0.005164395655075909
789 0.9325309785986817 0.005171441858473905
790 0.9325717037363144 0.005171554779860398
791 0.9308209891265687 0.005166698225834027
792 0.926935144749538 0.0051559023892064374
793 0.9273285558462883 0.005156996410750385
794 0.9420816725915384 0.0051978565523662515
795 0.9484369622891278 0.005215359472006197
796 0.9504414072395789 0.0052208676838504525
797 0.9543868952656507 0.005231692936958762
798 0.9487343884967794 0.005216177166306738
799 0.952891415323501 0.005227592420065678
800 0.946379308905521 0.00520969898569414
801 0.9497461985575345 0.00521895790988589
802 0.9523075283818654 0.0052259905635349164
803 0.9543241440793353 0.005231520941546625
804 0.9567299487309313 0.005238110995509223
805 0.9531864512710653 0.005228401645698445
806 0.9497155394385006 0.005218873671621298
807 0.9482893951466936 0.005214953727785403
808 0.94310588403445 0.005200681285160403
809 0.9375898184667533 0.005185450032046331
810 0.9391564510609072 0.0051897804461610445
811 0.9412867371254416 0.005195663094700088
812 0.9499712917727547 0.005219576329007214
813 0.9462162049158205 0.0052092500328819406
814 0.947788479172264 0.005213576195409163
815 0.9455482530687975 0.005207411054408548
816 0.9506766418986066 0.005221513727382895
817 0.9440350699060103 0.005203242614684372
818 0.9447057545749797 0.0052050905944713505
819 0.9483810031256904 0.0052152056128307
820 0.957441857320993 0.005240059488275103
821 0.9598955094961797 0.005246769585816772
822 0.9510622249150608 0.0052225725116323545
823 0.9522757865806635 0.005225903467858937
824 0.9503343430918797 0.005220573618647207
825 0.9505214168016529 0.005221087429404025
826 0.9422222467607394 0.00519824434099022
827 0.9438715900928821 0.00520279206894376
828 0.9373200218783373 0.005184703907590494
829 0.9396770488410202 0.0051912186590717556
830 0.9379046782133305 0.005186320643267846
831 0.9331238269203683 0.005173085446502106
832 0.9370321810154061 0.005183907763156247
833 0.9339837039880079 0.005175468406365382
834 0.9289636855787609 0.0051615409943571635
835 0.9329439282304839 0.00517258675805021
836 0.929422630929989 0.005162815841143385
837 0.9261194996803346 0.0051536334538275705
838 0.9217826112644039 0.005141552420536755
839 0.9252324036618436 0.005151164623927018
840 0.9235878534137709 0.005146584630448479
841 0.931246499999159 0.005167879030254161
842 0.9198419922161403 0.0051361373413661305
843 0.9272280185945145 0.0051567168527142096
844 0.9289231181590901 0.005161428292058375
845 0.9242911793359927 0.005148543857993257
846 0.9225007426955794 0.005143554840355045
847 0.9275704220486413 0.005157668891830382
848 0.930348829216267 0.005165387653103843
849 0.929455680604149 0.005162907633541579
850 0.9313857921289516 0.005168265511148729
851 0.9294158877071058 0.005162797112268109
852 0.9299468438653851 0.005164271601551251
853 0.9260057097926085 0.00515331683735058
854 0.9342165277606971 0.005176113437424305
855 0.9282672242020567 0.0051596057798648795
856 0.9342994919819322 0.005176343267808355
857 0.9332480666444456 0.00517342981736608
858 0.9392201017755539 0.005189956310170201
859 0.9399803612172495 0.0051920564116958254
860 0.9365299653810225 0.005182518382668749
861 0.931076816008827 0.005167408184841753
862 0.9235547301796926 0.00514649234195895
863 0.916573208217171 0.005127003236979882
864 0.9208393825085935 0.005138921159493516
865 0.9192666035320701 0.00513453068629442
866 0.9321030050006396 0.005170255037540771
867 0.935980898497873 0.005180998961767419
868 0.9347967142474424 0.00517772047651118
869 0.933374568068501 0.00517378043371695
870 0.9267640589876219 0.005155426551063896
871 0.9187643958346959 0.005133127963134209
872 0.9147560812511834 0.00512191851606682
873 0.9147596420421203 0.005121928484879084
874 0.9162906322881123 0.005126212858552083
875 0.9164479434463249 0.005126652880443019
876 0.9230251031076471 0.005145016461607501
877 0.9234581921244346 0.005146223356629842
878 0.9199990278913 0.005136575744037991
879 0.9197427408921935 0.0051358602382401515
880 0.9199048601891919 0.005136312856851203
881 0.9092885745140211 0.0051065886946376395
882 0.907115313361188 0.005100482497829315
883 0.9061304596627304 0.005097712952906775
884 0.9049245538654174 0.005094319728358859
885 0.9135555967719131 0.005118556525652179
886 0.9202128886924383 0.005137172727479525
887 0.9220439781191818 0.005142281299625352
888 0.9192549395927646 0.005134498111933494
889 0.9157104620321556 0.0051245897124418205
890 0.9242884436548993 0.005148536238757659
891 0.9207746556684232 0.0051387405460335414
892 0.9158875309239942 0.005125085153739934
893 0.9251637590256464 0.005150973533353993
894 0.9287735381768367 0.005161012715451734
895 0.9332277819568304 0.005173373593312829
896 0.9379047473894586 0.00518632083452906
897 0.9337925219220835 0.005174938682250658
898 0.936115597027161 0.005181371751337865
899 0.9358694816617161 0.005180690585980576
900 0.9356281665844431 0.005180022619253377
901 0.9371044306092577 0.005184107611154379
902 0.9382045494976654 0.005187149674392763
903 0.9341812500025669 0.005176015706654001
904 0.9370945760827203 0.00518408035322097
905 0.9315869187608915 0.0051688235074876685
906 0.9322281568046952 0.005170602126340635
907 0.9291901503622848 0.005162170101851394
908 0.9313593532551829 0.0051681921558912585
909 0.9317597117524588 0.005169302848195078
910 0.9324351379797808 0.005171176104876962
911 0.9291444786610992 0.005162043234391902
912 0.9175628658911418 0.0051297703968485025
913 0.9158349409618046 0.005124938011271826
914 0.9179478268472139 0.005130846374477301
915 0.9161444763001453 0.005125804005423051
916 0.9124071702872867 0.005115338257135502
917 0.9104782244769162 0.005109928155550176
918 0.9092366465709953 0.0051064428782047425
919 0.9091687530061207 0.005106252223173193
920 0.9069701291683241 0.005100074314296394
921 0.911450169235619 0.005112654878164857
922 0.9100451045941873 0.005108712599430296
923 0.9097311345706814 0.005107831257958227
924 0.9078683785277588 0.005102599207138802
925 0.9131401780017188 0.005117392619346792
926 0.9126435693829086 0.005116000890584286
927 0.9083064483669386 0.00510383012633654
928 0.9127302891418156 0.005116243947041393
929 0.9159094053610306 0.005125146355404627
930 0.919447853332939 0.005135036843481403
931 0.922182266752052 0.0051426669061724
932 0.9227700617501574 0.005144305601938665
933 0.924122663746492 0.0051480744986227
934 0.9288160423174688 0.005161130807694659
935 0.9213048556877266 0.005140219826669176
936 0.9228618696252276 0.005144561503185909
937 0.930456115272552 0.00516568547585453
938 0.9287504174556844 0.005160948476391519
939 0.9268787196167946 0.005155745459724466
940 0.9334540769108943 0.005174000791409964
941 0.9327004242112203 0.005171911675751345
942 0.9284442168559823 0.005160097647276545
943 0.9214585867008026 0.005140648663136906
944 0.9217987760343194 0.005141597502558537
945 0.9284048116946996 0.005159988143316119
946 0.9241630987829093 0.005148187124527792
947 0.9267898522428951 0.005155498292251187
948 0.925668789163472 0.005152379253115018
949 0.9216474768617554 0.005141175527941334
950 0.9268865581828873 0.005155767260616667
951 0.9327250749653646 0.0051719800206761965
952 0.9310603144148356 0.005167362393319396
953 0.9311683976122405 0.005167662314190923
954 0.9220971765516771 0.005142429642527282
955 0.9212020684495383 0.005139933079164371
956 0.9248335645492887 0.005150054250266741
957 0.9194606597327705 0.005135072604675332
958 0.9314065193676498 0.005168323018616542
959 0.9403809305878803 0.005193162582276342
960 0.937134986530275 0.0051841921288912985
961 0.9418047610063366 0.005197092578008245
962 0.9390859301236704 0.005189585593082283
963 0.948975597683835 0.005216840212733491
964 0.9419453515034661 0.005197480468680265
965 0.9404755265008157 0.005193423774090205
966 0.9490096794748116 0.0052169338914654665
967 0.9498224970625098 0.005219167539937365
968 0.9525332331176251 0.005226609828269638
969 0.9587373683762512 0.005243603442461714
970 0.9526666746527667 0.005226975916501518
971 0.952665459447586 0.0052269725827802874
972 0.960984573016838 0.0052497451417368255
973 0.9544354975503726 0.005231826147606263
974 0.946476625849314 0.005209966837572171
975 0.9444771162250456 0.005204460686516451
976 0.9492252176978772 0.005217526290492812
977 0.9513088790597893 0.005223249694267127
978 0.9502837430397058 0.005220434633449115
979 0.9596227815138257 0.005246024170027266
980 0.952756125489537 0.005227221304740194
981 0.9547243868140964 0.005232617874263318
982 0.9594161317677754 0.005245459287683425
983 0.9524879036095836 0.005226485463857602
984 0.9609875781549687 0.005249753350087621
985 0.9636244012977019 0.005256950731630732
986 0.9688617877733277 0.0052712173760249914
987 0.9633126543446401 0.005256100311622988
988 0.96479245910223 0.005260135874446619
989 0.966242775517171 0.005264088017976817
990 0.959509138823172 0.005245713532365898
991 0.9591427050180121 0.005244711775191821
992 0.9520157643750847 0.005225189943616585
993 0.9563053555690716 0.005236948539517579
994 0.955897092075802 0.005235830547688739
995 0.9569560592900532 0.005238729938313767
996 0.9562020864277547 0.0052366657690736135
997 0.9594903257468888 0.0052456621058142375
998 0.9528340814850312 0.005227435150075052
999 0.9538813592950114 0.00523030714713401
1000 0.9531214418983672 0.005228223348521466
