1 0.9701186589227081 0.00504733573751564
2 0.9678298637043004 0.005041378146826072
3 0.9691218377703126 0.005044741939278257
4 0.9698540363135811 0.005046647300985807
5 0.9738886860632758 0.005057133580997896
6 0.974289120049691 0.00505817314541197
7 0.9731410675067169 0.005055192120522207
8 0.9715621658778385 0.005051089482433145
9 0.9700969193270974 0.0050472791837881305
10 0.9699579589497832 0.005046917675095335
11 0.9693850619987424 0.005045426996665839
12 0.97139919975715 0.005050665839454708
13 0.971484755105829 0.005050888251601536
14 0.9737867213489086 0.005056868836840726
15 0.9729283418329939 0.005054639565522693
16 0.9714307403059095 0.00505074783431282
17 0.9707934260042634 0.005049090772302874
18 0.9712879586066102 0.005050376639110986
19 0.9708852786135029 0.005049329629087309
20 0.9699048096704478 0.0050467793991476485
21 0.9704640220733572 0.005048234085693095
22 0.972402928674182 0.005053274545780403
23 0.9725355145429425 0.005053619037728841
24 0.9722445659531405 0.00505286304820676
25 0.9732066291619862 0.00505536240476579
26 0.9743640970258552 0.005058367768970599
27 0.9730073795002621 0.005054844872938264
28 0.9730125198032729 0.00505485822504666
29 0.9719265848697999 0.005052036689121643
30 0.972464919694077 0.005053435617205248
31 0.971368259360731 0.005050585403498171
32 0.9697427920293455 0.005046357862191188
33 0.9688445558615277 0.0050440201952775725
34 0.967988962214136 0.005041792497953676
35 0.9666238636462559 0.005038236170240967
36 0.9645754304520011 0.005032894918022558
37 0.9638133598842576 0.005030906385650089
38 0.9658751841985768 0.0050362846590664735
39 0.9651571911847616 0.005034412424687477
40 0.9634366180872149 0.005029923032417702
41 0.9619524494588482 0.005026047255283246
42 0.9627029560608092 0.0050280075113228505
43 0.9642102730227082 0.005031942181264986
44 0.9656645959654302 0.005035735602562642
45 0.9669034745996309 0.005038964811551815
46 0.9665234367455938 0.005037974440934934
47 0.9669776546759559 0.005039158100559033
48 0.9683678312377049 0.005042779075384703
49 0.9669370416590408 0.005039052277243928
50 0.9666982347156179 0.005038429984928772
51 0.9642015145639944 0.005031919327246956
52 0.964170822746282 0.005031839240264401
53 0.9628698878574022 0.00502844341833865
54 0.9643872178175451 0.005032403872639127
55 0.962469910885556 0.005027398900013656
56 0.9639614370714441 0.005031292836951959
57 0.9638167261482332 0.005030915171243259
58 0.9649764079507925 0.005033940905648431
59 0.9648086855809863 0.0050335034124716575
60 0.9636883462346998 0.005030580102372836
61 0.9639913025923974 0.0050313707762823226
62 0.9633160588286931 0.005029608313861475
63 0.9644436206010059 0.00503255103211544
64 0.9644139439096168 0.005032473603736213
65 0.9655453470929741 0.005035424664202056
66 0.9640094253669724 0.005031418070261837
67 0.9644940986400751 0.005032682729800154
68 0.9651944388233586 0.005034509568534658
69 0.9677517810321417 0.005041174778325178
70 0.9671821653571249 0.005039690950086036
71 0.9679825479619951 0.005041775793537015
72 0.9677228114660383 0.005041099324194384
73 0.9667658340394965 0.005038606145644749
74 0.9659970867899068 0.005036602462438349
75 0.9656221473315035 0.005035624921044855
76 0.9668809230256316 0.0050389060480591705
77 0.9685282901922174 0.005043196853379515
78 0.9689759819595366 0.005044362300421541
79 0.9669336376277505 0.00503904340742822
80 0.9653714134800035 0.005034971102360593
81 0.9648051458589434 0.0050334941789212185
82 0.9660171153222048 0.005036654675448926
83 0.9678839539685289 0.005041519021620465
84 0.970251744761238 0.005047681935306275
85 0.971846915536379 0.005051829625825828
86 0.9735719170887029 0.0050563110674367254
87 0.9732706642870866 0.00505552871859342
88 0.9720452096356419 0.005052344983180836
89 0.9702385332574066 0.005047647569124198
90 0.9715410096024275 0.005051034487073238
91 0.9712503920956458 0.005050278971440837
92 0.9725577185590597 0.005053676727137826
93 0.9705073564792763 0.005048346794550925
94 0.9695477546630126 0.00504585036791138
95 0.9667653665221704 0.005038604927337339
96 0.9677250293624604 0.005041105100967245
97 0.9672086942723082 0.005039760066650509
98 0.9689659301331357 0.0050443361361065375
99 0.9703638026482503 0.005047973414421999
100 0.9706122000416053 0.005048619472735376
101 0.9697301745304406 0.005046325032546854
102 0.9695491932676235 0.005045854111399454
103 0.969955574190968 0.00504691147086313
104 0.9678828224326431 0.005041516074644572
105 0.9679715848253891 0.005041747242488557
106 0.9674582499972407 0.0050404101951429196
107 0.9669072025795132 0.0050389745256245394
108 0.9662807475625419 0.005037341896179409
109 0.9655728134541018 0.005035496283732469
110 0.9686804209969492 0.005043592915878683
111 0.9678463152196634 0.005041420994211079
112 0.9666399426627085 0.005038278073585401
113 0.9667040981591515 0.0050384452650357675
114 0.9651710152507289 0.005034448478814668
115 0.9635694119236787 0.005030269666409714
116 0.9628919393494828 0.005028500998312205
117 0.9649040377296944 0.005033752137174885
118 0.9639937878402342 0.005031377261919301
119 0.9650422114182762 0.005034112539440209
120 0.9639640656675792 0.0050312996967844074
121 0.9647905667762097 0.0050334561484413785
122 0.9638435208871962 0.005030985102132721
123 0.9626954877929046 0.005027988008640476
124 0.9617956924781002 0.005025637723557918
125 0.963023914126084 0.005028845591786678
126 0.9622477725949444 0.005026818704087101
127 0.9619765639505167 0.005026110252063996
128 0.9608634479897317 0.005023201520657115
129 0.959643014627583 0.005020010416542833
130 0.9601495257345503 0.005021335052666432
131 0.9603686438985957 0.005021907985799169
132 0.9613053962681078 0.005024356596363303
133 0.9619431437667869 0.0050260229448502395
134 0.9623722326386606 0.005027143785560038
135 0.9627440907596339 0.0050281149293816005
136 0.9633787122777722 0.005029771872426611
137 0.9647197887618959 0.005033271515331513
138 0.9645442592013134 0.0050328135957683874
139 0.9652724199729781 0.005034712941502147
140 0.9648663245285074 0.005033653764303259
141 0.9644769878288721 0.005032638087916867
142 0.9666653946591008 0.005038344403035276
143 0.9671657140219336 0.005039648088461506
144 0.9680475105901766 0.005041944970921425
145 0.9693917940578987 0.005045444516047647
146 0.9693781234233613 0.0050454089397865024
147 0.9690717190170142 0.005044611491569911
148 0.9680811351742091 0.005042032534717815
149 0.9646418929375784 0.005033068306714369
150 0.9646200650969924 0.005033011362456116
151 0.966978348586737 0.005039159908628479
152 0.9666216367520454 0.005038230366729466
153 0.9672201927365804 0.005039790023643856
154 0.9679993695780511 0.005041819601376505
155 0.9679965240466909 0.005041812190903532
156 0.9681167169305898 0.0050421251936481086
157 0.9678041453915659 0.00504131116366818
158 0.9669888878248336 0.005039187369823165
159 0.9682265987733033 0.005042411327684305
160 0.96781294182482 0.005041334074014562
161 0.9695362262567546 0.005045820368983736
162 0.968768356914424 0.005043821837045997
163 0.970340030192728 0.005047911580160392
164 0.96986846124686 0.005046684831004341
165 0.9677544396793598 0.0050411817029810445
166 0.9653809906109548 0.005034996077441332
167 0.9674163932423766 0.005040301158140059
168 0.9683955758164493 0.005042851314865669
169 0.9676646062275609 0.005040947719418182
170 0.9664627219307326 0.005037816201373613
171 0.9670022293336756 0.0050392221324413325
172 0.9673768151801552 0.005040198054970329
173 0.9675977245730801 0.005040773509910432
174 0.9677628084479006 0.005041203500035084
175 0.9690527621992636 0.005044562150408431
176 0.9716920286752122 0.005051427045337151
177 0.9712374803117433 0.00505024540217385
178 0.9709097707148546 0.005049393317308685
179 0.9716431013707265 0.00505129986727398
180 0.9721337896507378 0.005052575181630036
181 0.970557204699594 0.005048476442136935
182 0.9683994972490352 0.00504286152514644
183 0.967948569469822 0.005041687303593115
184 0.9671112251431597 0.005039506122799571
185 0.9685553736146856 0.005043267365556344
186 0.9692717237489541 0.005045132038241587
187 0.9696797697223116 0.005046193881450874
188 0.9718116798839376 0.005051738044464853
189 0.9710027190046909 0.005049635008790002
190 0.9717086348024941 0.005051470209364231
191 0.9710083858218795 0.005049649743721302
192 0.9717122466183381 0.005051479597447516
193 0.9755729100958019 0.005061504545966758
194 0.9740180833126024 0.0050574695318357
195 0.9752825442281775 0.005060751246280921
196 0.9757262610408345 0.005061902340943155
197 0.9749138315805753 0.005059794528970909
198 0.9752108573175049 0.005060565250801191
199 0.974345536582013 0.0050583195908828074
200 0.9759167953860213 0.005062396546750228
201 0.9755978577957444 0.005061569262856751
202 0.9739898559788879 0.00505739624781922
203 0.9753400716120706 0.005060900499176122
204 0.9759071416475871 0.005062371508154109
205 0.9758812235326653 0.005062304284546408
206 0.9748490601003796 0.005059626444462236
207 0.9743491662426116 0.005058329012574356
208 0.9755289897080797 0.005061390609969817
209 0.9740533077969978 0.005057560980418153
210 0.9726749917779749 0.005053981409862982
211 0.9722151190891662 0.005052786528315204
212 0.9736874895841048 0.005056611175284817
213 0.97504276458077 0.005060129098499027
214 0.9742622506979766 0.00505810339672673
215 0.9749217721305534 0.0050598151346225185
216 0.9753800006136052 0.00506100409106245
217 0.9771855717167051 0.005065686254782424
218 0.9774525101044642 0.005066378105862905
219 0.9779226198480674 0.005067596306940731
220 0.9768046187688755 0.005064698737014746
221 0.9765833336148582 0.005064125026520887
222 0.9771467369526696 0.005065585594943267
223 0.9773669555808538 0.005066156375883184
224 0.9769636620422331 0.005065111037215204
225 0.9752983796077473 0.005060792331088638
226 0.9739548121823076 0.005057305265372921
227 0.9740129875649843 0.005057456302295885
228 0.9725019529514025 0.0050535318383624975
229 0.972076832896912 0.005052427165740051
230 0.9738402041356327 0.005057007702835786
231 0.9740338663732055 0.005057510507473693
232 0.9729658499238139 0.005054736997185701
233 0.9727136537823237 0.0050540818520000115
234 0.9716836915191708 0.005051405374568738
235 0.9721582027558255 0.0050526386236561145
236 0.972907028711224 0.005054584201353552
237 0.9731910498741656 0.005055321940973837
238 0.9717311380921898 0.005051528701197747
239 0.9736877665323781 0.005056611894416802
240 0.9727183144003198 0.005054093959939756
241 0.9725865987858356 0.005053751761371605
242 0.9720139295355342 0.005052263691114012
243 0.9753666298477102 0.005060969402155172
244 0.9753991941970213 0.005061053886181409
245 0.9736306716514291 0.005056463638016525
246 0.9755007740575988 0.005061317413036377
247 0.9760138085968544 0.005062648159972397
248 0.9780280715410399 0.005067869524981585
249 0.9754424951233781 0.0050611662226949135
250 0.9754295761766776 0.005061132707057911
251 0.9757720596010442 0.0050620211371302
252 0.9760209198970674 0.005062666603331006
253 0.9753616571198223 0.00506095650092655
254 0.9757698566817512 0.005062015423075258
255 0.9756392046678634 0.0050616765190576694
256 0.9737312352853289 0.0050567247653840715
257 0.9739515942741177 0.005057296910797703
258 0.9736297698186157 0.005056461296222035
259 0.9733937016353206 0.005055848259299403
260 0.9772316853060864 0.005065805778763765
261 0.9785747573651724 0.005069285714075384
262 0.9794067182878149 0.005071440149173765
263 0.9791252482195691 0.005070711360432727
264 0.9771959967931882 0.005065713276275232
265 0.9764149379685823 0.005063688395389532
266 0.9761233410180079 0.005062932227958236
267 0.9770017468865979 0.005065209762527663
268 0.9755254077226627 0.0050613813176554985
269 0.9758508292802824 0.005062225450079456
270 0.9771827417306049 0.005065678919516491
271 0.9767145951117455 0.005064465346836523
272 0.9760238836552625 0.005062674289902031
273 0.9755133776595664 0.0050613501093836055
274 0.9749930854015585 0.005060000188121159
275 0.9747132437038794 0.005059273977503154
276 0.973567687640145 0.0050563000844623795
277 0.9730141359494133 0.005054862423032838
278 0.9722227704703807 0.005052806411116397
279 0.9730615766721608 0.005054985650124266
280 0.9728238634736511 0.005054368160834132
281 0.9722405840996834 0.005052852701128719
282 0.9750224138135555 0.005060076291560483
283 0.9748264582548466 0.005059567790480363
284 0.9736023427260883 0.005056390075613942
285 0.9735282816108708 0.005056197754276245
286 0.973318262317528 0.005055652337991749
287 0.972834332668429 0.005054395357444114
288 0.9729934680128114 0.005054808737209055
289 0.9720240419015282 0.005052289971707897
290 0.9732262551449482 0.005055413378502121
291 0.9714365945571699 0.005050763053257979
292 0.9722096005519507 0.005052772187852111
293 0.972573480275006 0.0050537176780720535
294 0.9723871218994984 0.005053233474176025
295 0.9713982606844712 0.005050663398160003
296 0.971792930255656 0.005051689311428744
297 0.9726352620395172 0.005053878191721405
298 0.9740092209293453 0.005057446523363873
299 0.9725715368847828 0.00505371262891606
300 0.9738640720973291 0.0050570696738481144
301 0.9732994171502842 0.005055603394558393
302 0.9716447630306807 0.005051304186524075
303 0.9719479230191967 0.0050520921462537125
304 0.972119987768328 0.0050525393145010545
305 0.9724034037273246 0.005053275780131714
306 0.9719446977003874 0.00505208376379774
307 0.9733841933220427 0.005055823565947448
308 0.9755075485925517 0.005061334987605822
309 0.9752352483812479 0.005060628535472858
310 0.976599863854269 0.005064167885559118
311 0.9767091150946029 0.005064451139310606
312 0.9779608924441395 0.005067695470292195
313 0.9773148194728486 0.005066021250996382
314 0.9792651555097008 0.005071073624681335
315 0.9789523519492085 0.005070263641517266
316 0.9769487408013733 0.005065072357153046
317 0.976701911910119 0.005064432464229887
318 0.9782178053605658 0.005068361075091564
319 0.977916856470941 0.0050675813740047905
320 0.977150214311315 0.00506559460835012
321 0.9782311031974589 0.005068395524479763
322 0.9786099575735017 0.005069376886623644
323 0.9788367825905321 0.005069964349927035
324 0.9784415618075221 0.005068940707569779
325 0.9761625406885313 0.005063033886874891
326 0.9782295889476914 0.005068391601674769
327 0.9773453155985433 0.005066100290427983
328 0.9771712240175187 0.0050656490657307995
329 0.9790359735056453 0.0050704801864199294
330 0.9806029819477795 0.005074536374702451
331 0.9800541096694606 0.005073115992421615
332 0.980729459413634 0.005074863619172952
333 0.9812631198085209 0.005076244165752641
334 0.9833492998040106 0.0050816373860774625
335 0.9823222062233946 0.005078982845759941
336 0.9845661287135091 0.005084780507016896
337 0.9845000819048086 0.0050846099551626655
338 0.9843761461854588 0.005084289902052656
339 0.9845062918149079 0.005084625991180082
340 0.9814562255036321 0.005076743625793724
341 0.9822884270661913 0.005078895519405202
342 0.9826030841763315 0.005079708917274068
343 0.9836092610126907 0.005082309040239914
344 0.9851465387630483 0.005086279046729077
345 0.9843056277245245 0.00508410778532744
346 0.985088659227291 0.005086129629468529
347 0.9852040540989032 0.005086427519451889
348 0.984659268314521 0.005085021010531037
349 0.9842942465670248 0.00508407839242493
350 0.9835228360551447 0.005082085756457773
351 0.9842177613699835 0.005083880857849595
352 0.9842189484734961 0.0050838839237823796
353 0.9853746437896613 0.0050868678620066485
354 0.9864706976392672 0.005089696193122585
355 0.9852631033446825 0.005086579947371351
356 0.9856421389386761 0.0050875582695340165
357 0.9866468905942709 0.005090150706660204
358 0.9862319420688708 0.0050890802260908875
359 0.9865839647411634 0.00508998838557761
360 0.9858496535593416 0.005088093802218854
361 0.9836755087403767 0.005082480188362277
362 0.984224573816239 0.005083898452332514
363 0.9828665055417161 0.005080389769090455
364 0.9815639568236034 0.005077022247127025
365 0.9811632237820676 0.00507598576944795
366 0.9812668739594368 0.005076253876179983
367 0.9793687379927991 0.005071341815837468
368 0.9784500530725558 0.005068962702560223
369 0.9789160419022118 0.005070169610782323
370 0.978477220647284 0.005069033074301057
371 0.9797781846854806 0.005072401798187808
372 0.9790106038660888 0.005070414490627571
373 0.9817337275547046 0.005077461287551352
374 0.9828075507291132 0.0050802373995078995
375 0.9816613141397508 0.005077274025424627
376 0.9812137634195779 0.0050761164995706725
377 0.9806192550522573 0.0050745784804881395
378 0.9796462272699333 0.005072060208846082
379 0.9787269831717842 0.00506967998446355
380 0.9782236443532095 0.005068376201619986
381 0.9778081527329042 0.005067299713890389
382 0.9768655003474707 0.005064856569012998
383 0.9773155636421831 0.005066023179738723
384 0.9765002081314336 0.005063909496117753
385 0.9766813400211694 0.005064379128872607
386 0.9762368283092694 0.00506322653593174
387 0.9769027862480865 0.005064953228141917
388 0.9771343142764217 0.005065553394902332
389 0.9758421691989055 0.005062202987946776
390 0.9743278630043004 0.005058273714442453
391 0.9732791986948388 0.005055550883984039
392 0.9739815408183121 0.005057374659734193
393 0.9734302633905487 0.005055943210063133
394 0.9721308514180262 0.005052567546028305
395 0.9728449328086596 0.0050544228940717926
396 0.9703513856931535 0.0050479411169168965
397 0.9719779886560868 0.0050521702847988815
398 0.9735636173060942 0.005056289514651889
399 0.9720494542095166 0.005052356014060829
400 0.9724238798914461 0.0050533289839559325
401 0.9707374799433076 0.005048945282643387
402 0.970443136818573 0.005048179764141778
403 0.967739553866605 0.005041142931588019
404 0.9694982004505883 0.005045721417926793
405 0.9706309245643074 0.0050486681701111214
406 0.969691810967757 0.005046225212552315
407 0.9697379579458785 0.005046345284348015
408 0.9712029404042567 0.005050155600985475
409 0.9701221658687971 0.00504734486048125
410 0.9693799166641607 0.005045413606504658
411 0.966885352824487 0.005038917591008331
412 0.9690745452690851 0.005044618847750574
413 0.970424155546482 0.005048130394251577
414 0.9687103241683872 0.005043670763152369
415 0.967560450809692 0.005040676418730996
416 0.9650169943091179 0.0050340467668795776
417 0.9660275831601517 0.005036681964169423
418 0.9654247598319599 0.005035110216501638
419 0.9661736339718789 0.005037062690196547
420 0.9665173375102163 0.00503795854486907
421 0.9657370577569085 0.005035924535438311
422 0.9656340398409841 0.005035655930085446
423 0.966852330401712 0.005038831542188109
424 0.96718789702839 0.005039705883058357
425 0.9686038754309565 0.005043393638442561
426 0.9689965398432329 0.0050444158109653504
427 0.9698174178088204 0.005046552027668536
428 0.9685161886148861 0.005043165346386907
429 0.9692052171902859 0.005044958949458773
430 0.9699645210171332 0.0050469347470505545
431 0.9697643853211335 0.005046414045579243
432 0.9688310706332323 0.005043985091606844
433 0.9683119801817828 0.005042633650997312
434 0.9687570925903201 0.00504379251351956
435 0.9694327572231028 0.005045551116492989
436 0.9698462141794484 0.005046626949659614
437 0.9690664824555564 0.005044597861797586
438 0.9704031285626716 0.005048075702944448
439 0.9725612477642864 0.0050536858964888055
440 0.9713905700762289 0.005050643404944033
441 0.9723974983075026 0.005053260435800261
442 0.9710926046910786 0.0050498687256459035
443 0.9718775602691158 0.005051909273528495
444 0.9715811013035418 0.005051138704226128
445 0.9717514814637347 0.005051581578265983
446 0.9718852683523521 0.005051929307152875
447 0.9720830737453621 0.005052443384304556
448 0.9718304935265174 0.005051786943410997
449 0.9722891727433483 0.00505297896010004
450 0.9729214228063571 0.005054621592334705
451 0.973591885424475 0.005056362920616589
452 0.9753010725710928 0.00506079931793447
453 0.9737712710836618 0.005056828720112369
454 0.9731050674029782 0.005055098614488003
455 0.9744850770318588 0.005058681790377156
456 0.974748095587215 0.005059364426489778
457 0.972912961435902 0.0050545996125952375
458 0.9731558054965195 0.005055230400217889
459 0.9726014142082329 0.0050537902531532074
460 0.9723644795744801 0.005053174640806986
461 0.9727711774831629 0.0050542312922763075
462 0.9729778782605044 0.005054768241802652
463 0.9738405361423604 0.005057008564866553
464 0.9735344547088505 0.005056213784809334
465 0.9741699838277447 0.005057863878866198
466 0.9719537098326587 0.005052107185882192
467 0.9686590629747236 0.005043537313555646
468 0.9699958863339948 0.005047016346647449
469 0.9702032060302095 0.005047555673672928
470 0.9687655964465943 0.005043814650953606
471 0.9701111063444687 0.005047316090191108
472 0.9703059174275728 0.005047822848514601
473 0.9699662129211039 0.005046939148719394
474 0.9712505106410314 0.005050279279645217
475 0.9743616483688953 0.005058361412919887
476 0.9764089183367037 0.005063672786458389
477 0.9753828807625686 0.005061011563245044
478 0.9746654998560005 0.005059150068155092
479 0.9726441527881292 0.005053901290132285
480 0.9742550653508675 0.005058084744512911
481 0.9723025861016307 0.005053013814537037
482 0.9734088440841133 0.005055887584407786
483 0.9737541752825324 0.005056784330366978
484 0.9726117466024535 0.005053817097456413
485 0.9713053328809512 0.005050421809153546
486 0.9708781374740033 0.005049311059419832
487 0.9687832859461416 0.005043860700354006
488 0.969451437357805 0.005045599727972108
489 0.9691612037870216 0.005044844397695282
490 0.9662105959310289 0.005037159038263941
491 0.9640065950425825 0.005031410684153695
492 0.9634449919568514 0.005029944891576593
493 0.9631162265495168 0.005029086610619435
494 0.9633215006845114 0.005029622520187821
495 0.9652396435366432 0.00503462746234329
496 0.9651418756987362 0.005034372480531373
497 0.9669105364958197 0.005038983212861956
498 0.9669672574039085 0.005039131009116822
499 0.9677978458681654 0.005041294756469744
500 0.9665275434629088 0.005037985143994015
501 0.966762054285117 0.005038596295941962
502 0.9656762219928703 0.005035765916102317
503 0.9661304823882856 0.005036950205415823
504 0.9691528882025242 0.005044822754794344
505 0.9693086424552724 0.005045228119644722
506 0.9684729708665707 0.005043052825458143
507 0.968858127880303 0.005044055524627691
508 0.9702281819206051 0.005047620642735678
509 0.9723813258753113 0.005053218413966759
510 0.9731747431052743 0.0050552795873620255
511 0.9729188863125385 0.005054615003403431
512 0.9733613423664507 0.005055764220892007
513 0.974209272472675 0.005057965870622155
514 0.9738306342798064 0.005056982855353972
515 0.9745129731853477 0.0050587541961825844
516 0.974249385755084 0.005058070000982353
517 0.9741061655638713 0.005057698204813611
518 0.9733992346224422 0.005055862628564125
519 0.9722985651937782 0.005053003366285525
520 0.9734703650185519 0.005056047351814902
521 0.9749777031696509 0.005059960272759447
522 0.9749154456341022 0.005059798717431242
523 0.9747932155532814 0.005059481521209249
524 0.9754454107154747 0.005061173786587857
525 0.9746322826988667 0.005059063858058068
526 0.9738642113261331 0.005057070035340934
527 0.9710801660034001 0.005049836383755574
528 0.9728010351541444 0.005054308857494383
529 0.9728904644024646 0.005054541172550561
530 0.9734307452799784 0.005055944461516565
531 0.974975184590106 0.005059953737266055
532 0.973726119257914 0.005056711481237701
533 0.9741968929407105 0.005057933734072618
534 0.9723856761400957 0.005053229717563889
535 0.9712352207850161 0.005050239527621367
536 0.9713208122430401 0.005050462052418856
537 0.9708279636475677 0.005049180586541651
538 0.9719804211557361 0.005052176606647165
539 0.9722030588697397 0.0050527551885931445
540 0.9741963669782319 0.005057932368699899
541 0.9736879700842512 0.005056612422965482
542 0.973655053989543 0.005056526951364088
543 0.9733483094729092 0.005055730373514595
544 0.9738374391589143 0.005057000523773744
545 0.9733971465194676 0.005055857205728828
546 0.9720609120845042 0.005052385790885847
547 0.9698785174794426 0.005046710994606368
548 0.9684241269118208 0.0050429256532203755
549 0.9676693961047016 0.005040960195585138
550 0.9671081715038732 0.005039498166710536
551 0.9671175950093639 0.005039522719094829
552 0.9682483412675866 0.005042467943555075
553 0.9705388489314335 0.005048428701982701
554 0.9751405070171892 0.0050603827165814
555 0.973050225943221 0.0050549561669237094
556 0.9745910911238052 0.005058956949527416
557 0.9747836694618561 0.005059456747549235
558 0.9742931779182921 0.0050581836789282495
559 0.9739568804441087 0.005057310635142449
560 0.9731277733133055 0.005055157590620248
561 0.9737766241763561 0.005056842619493301
562 0.9744039060592821 0.0050584711013262635
563 0.974132567706693 0.0050577667461955775
564 0.975098442587347 0.005060273571074767
565 0.9736305509354107 0.005056463324552603
566 0.9736666876545625 0.005056557160093942
567 0.9728888111686758 0.005054536877955173
568 0.9768636783578319 0.005064851845680824
569 0.9777319567506384 0.005067102274648222
570 0.9796183979213589 0.005071988165934021
571 0.9800459273940851 0.005073094815162987
572 0.9809741971834102 0.005075496787330034
573 0.9808121857902432 0.005075077651810641
574 0.9834292486473868 0.005081843957015261
575 0.9827690536666224 0.005080137900815752
576 0.9813422338058071 0.005076448796837117
577 0.9810390941083736 0.005075664670791004
578 0.9803153913552595 0.00507379219180301
579 0.9812751703637205 0.005076275335462114
580 0.980101272005236 0.0050732380556419735
581 0.9798449490981074 0.005072574617996897
582 0.9798259852452789 0.005072525530626466
583 0.9783251982154482 0.005068639280427954
584 0.9793158026858301 0.005071204759868173
585 0.9768900428705455 0.005064920192704505
586 0.9765839377227168 0.005064126592837425
587 0.9791369665445163 0.005070741703877428
588 0.9794308990062089 0.005071502753558085
589 0.9800318126920807 0.005073058283467189
590 0.9809738309761264 0.0050754958399635945
591 0.9823731836910137 0.005079114630587227
592 0.979921493094378 0.00507277274503242
593 0.9785029499047837 0.0050690997194907115
594 0.9765324382086307 0.005063993064378121
595 0.9761119454194214 0.005062902674668551
596 0.9752677730146053 0.0050607129221455285
597 0.9737165452518057 0.005056686621523734
598 0.9736723563854732 0.005056571879823249
599 0.9729150442695811 0.005054605023091905
600 0.9716974093721609 0.005051441031332539
601 0.9707063030343556 0.005048864204198116
602 0.9690651847382445 0.005044594484080842
603 0.9685618739199385 0.005043284289071115
604 0.969579277175181 0.005045932394085972
605 0.9701753022030686 0.005047483087263785
606 0.9681170401872521 0.005042126035437325
607 0.9690724390381965 0.005044613365645062
608 0.9694108088494149 0.005045493999448327
609 0.9694771823943731 0.005045666723740076
610 0.9715448481468483 0.005051044465345337
611 0.9694709334912472 0.005045650462432465
612 0.968077318245442 0.005042022594901153
613 0.9690422539970185 0.0050445347992542485
614 0.9686181484238654 0.0050434307971089064
615 0.9675493856798042 0.005040647595778015
616 0.966831285212415 0.005038776702510237
617 0.9674776915440398 0.00504046083964277
618 0.9683446245620165 0.005042718650597793
619 0.9690265486242957 0.0050444939204278
620 0.9717128912161112 0.0050514812729291056
621 0.9725948029253747 0.005053773076490105
622 0.9732206220502784 0.005055398747955928
623 0.9758179958509863 0.005062140287668098
624 0.9761384754992777 0.005062971477381308
625 0.9769067812725761 0.005064963584644009
626 0.9778987722672974 0.005067534517466515
627 0.977736105534498 0.0050671130251865905
628 0.9783587908828506 0.005068726300394442
629 0.979840563415318 0.0050725632658293355
630 0.9813027163100039 0.005076346584501439
631 0.9817143304403402 0.0050774111270134184
632 0.9800050856601221 0.005072989107796792
633 0.9799475905459419 0.005072840294096563
634 0.9799098727094977 0.005072742667242065
635 0.9816521727243342 0.0050772503851026374
636 0.9820237065462689 0.0050782111081770775
637 0.9801826454551219 0.005073448655467742
638 0.9780972846058466 0.005068048843237675
639 0.9779056217564843 0.005067552264682836
640 0.9781285159793753 0.005068129755875651
641 0.9770593483769761 0.005065359076145601
642 0.9768157115408517 0.005064727494755873
643 0.9777719910966032 0.0050672060127165035
644 0.9780395089519003 0.0050678991576363994
645 0.9794933585827288 0.005071664459128472
646 0.9790484547940349 0.0050705125069502735
647 0.9782373396104995 0.005068411680456333
648 0.9770611407976488 0.005065363722357817
649 0.9752820611737704 0.0050607499929935995
650 0.975674473835369 0.005061768007541737
651 0.9762337093156361 0.005063218447636213
652 0.9763564835840042 0.005063536820885957
653 0.9742052550044067 0.00505795544152909
654 0.9751202438867297 0.005060330139682424
655 0.9753380713269004 0.005060895309576258
656 0.9771032891643949 0.005065472975758938
657 0.9754596685649679 0.005061210775428865
658 0.9740401931817624 0.005057526932902982
659 0.9748863640963799 0.00505972325046368
660 0.9726681886350075 0.005053963735399005
661 0.9743559149088373 0.005058346530378157
662 0.9754734092352889 0.005061246422306961
663 0.9766032964800688 0.005064176785508169
664 0.9766170150116447 0.005064212354108754
665 0.9759064256442214 0.005062369651073886
666 0.9784547790722777 0.005068974944313045
667 0.9755390789938405 0.005061416783299731
668 0.9723069420366907 0.005053025133325908
669 0.9726284914608726 0.005053860601499951
670 0.9724878850607077 0.005053495286872595
671 0.975391882453383 0.005061034916923424
672 0.9755118934021704 0.005061346258924266
673 0.9759965798856343 0.0050626034765430695
674 0.9749857870806228 0.005059981249743559
675 0.9763345262153701 0.0050634798833987076
676 0.9772154928002699 0.005065763808967568
677 0.9772746245004716 0.005065917072345891
678 0.9782863443665241 0.00506853862979534
679 0.979497167179622 0.005071674319280435
680 0.9803033663691795 0.005073761073007916
681 0.9844838137601545 0.005084567945256575
682 0.9837623864635473 0.005082704624446061
683 0.986797633093129 0.005090539535094691
684 0.9878748052006056 0.005093317152023256
685 0.9889601799632854 0.0050961143892123435
686 0.9904822078053904 0.005100034388276547
687 0.9910550518373057 0.005101508974062179
688 0.9877655469036146 0.005093035485488811
689 0.9883454853143356 0.005094530381471093
690 0.9896631904159283 0.005097925374779937
691 0.9907726279823286 0.005100782026306355
692 0.9909788539474748 0.005101312853932339
693 0.9895488561015187 0.005097630888411384
694 0.9890304802537879 0.005096295514783816
695 0.9883750848199719 0.005094606667776829
696 0.9880406178054447 0.005093744585107081
697 0.9871624953156668 0.005091480545618368
698 0.9874467286554138 0.00509221348693802
699 0.9884824261795171 0.005094883307266958
700 0.9881330069502177 0.0050939827310378435
701 0.9863786307837387 0.005089458678080778
702 0.9861327547537877 0.005088824310177774
703 0.9857795006131449 0.005087912764917818
704 0.9858483871518954 0.005088090534173912
705 0.9832694903848084 0.005081431167006711
706 0.9820029891235353 0.005078157541241553
707 0.980477502190648 0.00507421169082179
708 0.9810039482139687 0.005075573751696466
709 0.9801228375922416 0.005073293869647111
710 0.9789557717186927 0.005070272497473176
711 0.9785636934651636 0.005069257056975676
712 0.9798090852183639 0.005072481785007888
713 0.9785870033163515 0.005069317432669538
714 0.976825544526711 0.0050647529863956575
715 0.9779467276155646 0.005067658769797272
716 0.9770422674556591 0.0050653147997267185
717 0.9772177059977181 0.005065769545434739
718 0.9760930176924605 0.00506285358721272
719 0.9783299844809369 0.005068651679078032
720 0.9793003765191182 0.005071164818943136
721 0.9801486885107035 0.005073360773731154
722 0.9796869247703295 0.00507216556219856
723 0.9783424265251983 0.005068683909608135
724 0.9795680560065324 0.005071857841270238
725 0.9790333580603151 0.0050704734136490905
726 0.9790067282014585 0.005070404454349377
727 0.9798779245820897 0.005072659972927757
728 0.9809783372665283 0.005075507497579323
729 0.98026813174236 0.005073669890170785
730 0.9813252396092198 0.00507640484145675
731 0.9807557498061119 0.005074931639594335
732 0.9802025400902763 0.005073500142758548
733 0.98065086285799 0.005074660262993167
734 0.9798388868498397 0.005072558926098764
735 0.9806532347472113 0.005074666400001331
736 0.9802840418994655 0.005073711063883823
737 0.9804511458749815 0.005074143490162648
738 0.9828307302577551 0.005080297307886657
739 0.9810626312626994 0.005075725558265736
740 0.9810298287203032 0.005075640702269152
741 0.9809168154091097 0.0050753483403723635
742 0.9793961194991379 0.005071412708445187
743 0.9802359021722016 0.005073586482611926
744 0.9787413020384161 0.005069717069272342
745 0.9780539394083088 0.0050679365445862375
746 0.9791040890253528 0.005070656570329854
747 0.979210592697848 0.005070932347373134
748 0.9789463103932475 0.005070247996052638
749 0.979959617521197 0.005072871423688636
750 0.9782907733956765 0.005068550103266309
751 0.9790884033332259 0.005070615953056731
752 0.9806165157754537 0.005074571392780675
753 0.9804509265308641 0.005074142922575169
754 0.9798211600413536 0.005072513040653448
755 0.9787352189170373 0.005069701314469646
756 0.9782919329884379 0.005068553107205644
757 0.9796365566961494 0.0050720351743733455
758 0.9805662760283609 0.005074441398820371
759 0.9798456150621073 0.00507257634181632
760 0.9793400099095058 0.005071267435783843
761 0.9802500999329984 0.005073623225454271
762 0.9821141535072008 0.005078444961078614
763 0.9829123951406327 0.005080508368272707
764 0.9815534150648204 0.005076994984060164
765 0.9793510299932585 0.00507129596807809
766 0.9808364205161776 0.00507514035105012
767 0.979202303976506 0.0050709108853738295
768 0.9779365815982393 0.005067632481715526
769 0.9782510486533547 0.005068447194756743
770 0.9797187845697569 0.005072248035925422
771 0.9811782370812263 0.005076024604475352
772 0.9806889069101741 0.0050747586969898005
773 0.9807381518786961 0.005074886109053589
774 0.9799309613130109 0.005072797252100457
775 0.979365992660573 0.005071334707928397
776 0.9802206962685656 0.0050735471304691575
777 0.9812425602067979 0.005076190986282799
778 0.981885852822217 0.005077854663175997
779 0.9842952629654775 0.005084081017375799
780 0.9843450510372203 0.00508420959840179
781 0.9838357412148251 0.005082894118163585
782 0.9836281704589201 0.0050823578925593485
783 0.9845005397752786 0.005084611137535589
784 0.9834726590913886 0.005081956116923255
785 0.9856988980566123 0.005087704753309078
786 0.9850156673485564 0.005085941193112595
787 0.9836093557441606 0.005082309284978661
788 0.9842849000899658 0.005084054254147667
789 0.9854111012566216 0.005086961964591297
790 0.9863494534541775 0.00508938340378617
791 0.9848970116773894 0.00508563485588332
792 0.9851891572096444 0.005086389064355406
793 0.9860526132669729 0.005088617525528053
794 0.9849398427016396 0.005085745436268451
795 0.9896011121076511 0.005097765484248997
796 0.9897949534708966 0.005098264730568528
797 0.9880392046387805 0.005093740942386079
798 0.9895765078497262 0.005097702111484503
799 0.9899251432181486 0.005098600012118498
800 0.9906727066996396 0.005100524808091246
801 0.9899803257231103 0.0050987421186209705
802 0.9912982591923456 0.005102134897108593
803 0.989102892067457 0.005096482073870806
804 0.9883414981173065 0.00509452010524826
805 0.9883057679449443 0.0050944280167712535
806 0.9870801404480576 0.0050912681606493735
807 0.9856281137088255 0.005087522072609633
808 0.9885233219583779 0.005094988699664692
809 0.9876462137389752 0.005092727828271256
810 0.9863598185659483 0.005089410144759693
811 0.9840443986412217 0.0050834330939972736
812 0.9856821997840712 0.005087661658891224
813 0.9845330054922765 0.005084694974048964
814 0.9810961989657373 0.0050758123921667625
815 0.9816372802624626 0.005077211871947646
816 0.9816403867151281 0.005077219905518799
817 0.9843244305239398 0.0050841563449412815
818 0.9837050550283806 0.005082556518053554
819 0.9834316875714629 0.0050818502585483465
820 0.9807652508353317 0.005074956221125991
821 0.9810809704812534 0.005075772998868587
822 0.9791009700950544 0.00507064849405013
823 0.9786106571711443 0.005069378698644591
824 0.9768869151662423 0.005064912084532312
825 0.9787695802507754 0.005069790306960421
826 0.9796652063313731 0.00507210934009031
827 0.9793947003947246 0.00507140903431037
828 0.9776010412813503 0.00506676302815296
829 0.9762214255725785 0.005063186592830591
830 0.9774086440062948 0.005066264420169452
831 0.979663489084893 0.00507210489466055
832 0.981557581878483 0.005077005760279414
833 0.9806433806457349 0.005074640903525352
834 0.9812193715672255 0.005076131005874594
835 0.9792483271542731 0.005071030052112912
836 0.979891316156533 0.00507269463575149
837 0.978690468359007 0.0050695854125628525
838 0.9805414637693716 0.005074377196555924
839 0.9796000063545554 0.005071940554411409
840 0.9800495149308871 0.005073104100389926
841 0.9818760063809894 0.005077829202516437
842 0.9825847773303793 0.00507966159710824
843 0.9834864412053608 0.005081991725362584
844 0.9825604486532038 0.005079598710823523
845 0.983099215674726 0.005080991167246084
846 0.9814744958342846 0.005076790878717802
847 0.983318147082425 0.005081556891746233
848 0.982250773386047 0.00507879817480925
849 0.9829093141115559 0.005080500405606679
850 0.9810351123060005 0.005075654370327821
851 0.9819967732778383 0.005078141469450529
852 0.981709929467233 0.005077399746118705
853 0.9821660239381327 0.005078579068529156
854 0.9821884128700646 0.005078636952486821
855 0.9813653768801415 0.005076508655638236
856 0.9799565440274969 0.005072863468539103
857 0.9779855119479246 0.005067759257793091
858 0.9768987115674355 0.005064942665121355
859 0.977530550600463 0.005066580353422054
860 0.9764509486404274 0.0050637817702104265
861 0.9747509167595665 0.005059371748037146
862 0.9749184966866795 0.005059806634887012
863 0.9767232378178506 0.005064487753888164
864 0.9764505763281781 0.005063780804822373
865 0.9751068612793939 0.005060295415429684
866 0.9725186415925193 0.005053575198798513
867 0.9734968722325644 0.005056116188433715
868 0.9744791031524871 0.005058666284751763
869 0.9725612504982977 0.005053685903592129
870 0.9752816094469547 0.005060748820985605
871 0.9732830233614662 0.005055560817299053
872 0.973715466083126 0.005056683819363617
873 0.9728907847416178 0.005054542004693215
874 0.9729734101755535 0.005054756635598469
875 0.9732021206628704 0.005055350694958928
876 0.973286631013832 0.005055570186972932
877 0.9735906255731896 0.005056359649087994
878 0.973348823678853 0.00505573170894932
879 0.9740500442136313 0.005057552507685919
880 0.9730643857361234 0.0050549929465627
881 0.9731118628436946 0.005055116264978237
882 0.973221827180186 0.005055401877981229
883 0.9752590106668368 0.005060690187965537
884 0.9768367284238418 0.0050647819800652945
885 0.9775130703427701 0.005066535052778468
886 0.9774106838326264 0.005066269706747506
887 0.9775156286127101 0.0050665416826416575
888 0.9770920831383694 0.005065443928684089
889 0.9773582831172305 0.005066133899087701
890 0.9756524704862579 0.005061710930883733
891 0.9730234997275738 0.0050548867456478635
892 0.972788672484664 0.005054276741498348
893 0.9724637982763358 0.005053432703468272
894 0.9711795001806458 0.005050094657239372
895 0.9702535098425422 0.005047686526673933
896 0.9685252743951115 0.005043189001636583
897 0.9675999990726216 0.005040779434495622
898 0.9664330832308065 0.0050377389529376055
899 0.965980504678167 0.0050365592336003035
900 0.9667529339369301 0.005038572529048769
901 0.9669189239612006 0.0050390050681443236
902 0.9703300470716131 0.0050478856129526455
903 0.9700664295205853 0.005047199866056128
904 0.9701299318883374 0.005047365062937057
905 0.9707578742064598 0.005048998319113105
906 0.9734208688967626 0.0050559188127624445
907 0.972929630604656 0.005054642913289325
908 0.972393798601441 0.00505325082265539
909 0.9727048416216566 0.005054058958581171
910 0.9730608961411111 0.005054983882468768
911 0.9729861732468327 0.005054789788615293
912 0.972685907916295 0.005054009769698391
913 0.9731434819165691 0.005055198391605864
914 0.9713091372475384 0.0050504316997803745
915 0.971435196481321 0.005050759418768388
916 0.9733627733857686 0.0050557679373399965
917 0.9743819791458597 0.0050584141858720085
918 0.975160140713906 0.005060433659762774
919 0.9765310813986172 0.005063989546379836
920 0.9760531010730629 0.005062750065282849
921 0.9756160504881527 0.0050616164560433104
922 0.9789070325509215 0.00507014627934108
923 0.9799024268449976 0.005072723394537837
924 0.9794707388948636 0.005071605898175334
925 0.9806115626097816 0.005074558576749046
926 0.9807124065176186 0.005074819498188844
927 0.9822092699617986 0.005078690875457749
928 0.9826415333914651 0.005079808300694258
929 0.9829020168888687 0.005080481546485547
930 0.9820848485831686 0.005078369193636794
931 0.983009568059287 0.005080759497278539
932 0.9832721191438554 0.005081437959574444
933 0.9841872948174563 0.005083802171237779
934 0.9836309692693738 0.005082365123211492
935 0.9816388135512988 0.005077215837174618
936 0.9812054694806299 0.005076095045994052
937 0.981822669849874 0.005077691284148134
938 0.980233508312501 0.005073580287439107
939 0.9790256698697739 0.00507045350480638
940 0.981427069887913 0.00507666821912673
941 0.9788495388756094 0.0050699973859249774
942 0.9782348554587373 0.005068405245048845
943 0.9785084519997731 0.0050691139711743485
944 0.9781428253071119 0.005068166827315279
945 0.9778902010531796 0.0050675123091256285
946 0.980851660142487 0.0050751797780842186
947 0.9806501957941017 0.00507465853703579
948 0.9791180766165828 0.005070692790185769
949 0.9787265049125838 0.005069678745802804
950 0.979097437620614 0.005070639346907544
951 0.9806288012596509 0.005074603180625559
952 0.9806621214401057 0.005074689393297061
953 0.9803956919055112 0.005073999992254468
954 0.9809717209678515 0.00507549038143675
955 0.9790915900056592 0.005070624204803394
956 0.9805921262387444 0.005074508285942856
957 0.9794988248185255 0.005071678610768651
958 0.9781478583863573 0.005068179866542167
959 0.9804921658343697 0.00507424963465734
960 0.983446077218802 0.005081887437422323
961 0.9833640356687194 0.005081675461073043
962 0.9803838818084171 0.005073969430812018
963 0.982147291494377 0.0050785306374859
964 0.9830636888737199 0.005080899359120275
965 0.9834424811036204 0.005081878146079517
966 0.9815603313374408 0.005077012870921443
967 0.9828580690569244 0.005080367965151285
968 0.9824804985964696 0.0050793920454385594
969 0.9820503965532268 0.005078280116984091
970 0.9813368187007352 0.00507643479074393
971 0.981209500852815 0.005076105473783132
972 0.9802565431369342 0.005073639899941434
973 0.9809972499166881 0.005075556423652092
974 0.9811234116310045 0.005075882785582792
975 0.9813373535541239 0.005076436174136425
976 0.9815928217241559 0.005077096896702266
977 0.9820598529618116 0.005078304566939133
978 0.9823463730152878 0.005079045321170644
979 0.9830632133201022 0.005080898130186488
980 0.9826119958846287 0.005079731952405035
981 0.982768078403474 0.005080135380145971
982 0.9832322531920015 0.005081334947188317
983 0.9817064609681263 0.005077390776579174
984 0.9825374813002303 0.005079539342660228
985 0.9815162242875962 0.00507689880020755
986 0.981064436841054 0.0050757302290256314
987 0.9798457735496802 0.005072576752054559
988 0.978772250249142 0.005069797221929419
989 0.9784898697870491 0.005069065838835202
990 0.9796590736255951 0.005072093464359124
991 0.9790193273432652 0.005070437080549672
992 0.9805193951052089 0.005074320092720733
993 0.9799453790329089 0.005072834569984956
994 0.9783401145897588 0.005068677920663688
995 0.9766588984661735 0.005064320945516916
996 0.9759275625494479 0.005062424473055454
997 0.9771059112907721 0.0050654797725334134
998 0.976708975894514 0.005064450778419085
999 0.9774279465282444 0.005066314445917619
1000 0.978682416736828 0.005069564558946914
