### eRO-QPE2 ###

# sig_time / h # sig_powr / erg/s # fit_time / h # fit_powr / erg/s #

5.7694052979506694e-08   -6.529915708649137e+39   0.7963443778789696   5.136166607673039e+39
0.04166670272544981   -2.6499946231922424e+40   1.0227863815957359   2.760971359299348e+39
0.16666663781964042   -2.6899763899048023e+40   1.342758753067665   1.1477154009124045e+39
0.2499999278824342   1.3000203058734616e+40   1.6676540426886377   4.697176052493474e+38
0.2916668036900426   7.16002288244364e+40   1.6725767300614693   1.2608830118780364e+42
0.37500009375283627   -8.579793145756743e+39   1.7070350801188656   1.0654356849654545e+42
0.5000000288470265   -4.669862538319913e+39   1.7414938917286868   9.08842741475418e+41
0.5416666738784234   5.350016511341538e+40   1.7759522417860834   7.81690660659042e+41
0.5833333189098202   -2.6999828196097033e+40   1.8104108226196918   6.7716318718587e+41
0.6249999639412172   5.190021074546969e+40   1.8448696342295121   5.9027309767230866e+41
0.6666668397488256   -4.619976896819122e+40   1.884250671659741   5.078675553135538e+41
0.7083332540040108   5.170022865839519e+40   1.9236319398661808   4.396163684883971e+41
0.7500001298116192   1.320018514580923e+40   1.9630129772964096   3.8251944415739164e+41
0.7916667748430161   -4.62997844295654e+40   2.0023942455028494   3.3433433708363544e+41
0.833333419874413   -7.129813134198359e+39   2.041775744485501   2.9335744119317543e+41
0.8750000649058098   7.170019545013662e+40   2.0860794692885616   2.5425094718849755e+41
0.9166667099372067   -6.989850091083216e+39   2.130383194091622   2.2117050262701966e+41
0.9583333549686035   3.2900203224775826e+40   2.174687149670893   1.9300604275763417e+41
1.0   5.240019038099353e+40   2.2189911052501645   1.6889183151414314e+41
1.0416668758076089   -7.199794655755821e+39   2.268217748202267   1.4602117889105438e+41
1.1250001658704025   -4.599978688111617e+40   2.3174441603781593   1.2656700802874348e+41
1.166666810901799   -2.6599815186273193e+40   2.366670803330262   1.0994338784209033e+41
1.208333455933196   1.3000203058734616e+40   2.420819902878985   9.437078153937153e+40
1.2500001009645927   -2.6499848560573412e+40   2.4749690024277085   8.116026714337649e+40
1.2916665152197782   5.200017737117002e+40   2.5340407893492625   6.897661986198797e+40
1.3333333910273866   -2.6699781811973414e+40   2.5980354944198605   5.79410885203398e+40
1.3750000360587833   1.3100018293843674e+41   2.6669526560870773   4.810791751967126e+40
1.4166669118663917   3.1900195118053866e+40   2.7407925051271267   3.948300050273325e+40
1.458333326121577   7.280017018255847e+40   2.819554810763795   3.2030060095701047e+40
1.5000002019291854   4.2700014074441385e+41   2.908162491146127   2.535170456164519e+40
1.5416666161843704   5.850001518789478e+41   3.0066155462741215   1.9579425075721954e+40
1.5833334919919793   9.780001146661638e+41   3.1198366635206103   1.4566509987321145e+40
1.6250001370233762   9.300001162289054e+41   3.2527482994822132   1.030689399419472e+40
1.6666665512785608   5.780001439675684e+41   3.415195828904593   6.761038192063778e+39
1.7083334270861696   3.910001907521447e+41   3.617024626533414   4.007219311830673e+39
1.7916667171489635   8.410015923360037e+40   3.8877705858294522   1.986615365653355e+39
1.8333333621803596   9.210017525170168e+40   4.030527596536718   1.371502165942379e+39
1.8750002379879684   -8.049828406090587e+39   4.03545028390955   1.0824277436537771e+42
1.9166666522431532   5.470015530721229e+40   4.069908633966947   9.126269750998743e+41
1.958333528050762   -4.619976896819122e+40   4.104367445576767   7.768943226367721e+41
2.0000001730821593   5.080018717737311e+40   4.138826026410376   6.6686745105901874e+41
2.041666587337344   5.360018057478999e+40   4.173284376467772   5.765405095242981e+41
2.1249998774001373   5.270023676511715e+40   4.207743188077593   5.015428755643733e+41
2.166666753207746   4.980017907065115e+40   4.247124225507822   4.304989031530301e+41
2.2083333982391435   -3.5499775014047334e+40   4.2865054937142615   3.717304730741207e+41
2.2500002740467515   3.250019021495232e+40   4.325886531144491   3.2262944814103614e+41
2.291666688301937   -2.6499848560573412e+40   4.365268030127142   2.8124840857340755e+41
2.37499997836473   -2.6399735427850013e+40   4.404649298333582   2.4610873667879365e+41
2.416666623396127   7.150021336306201e+40   4.448953023136642   2.1262855436725235e+41
2.458333499203736   1.2700254345960115e+40   4.493256978715914   1.843612704588079e+41
2.499999913458921   1.3100072013085829e+40   4.537560934295186   1.6034393239179254e+41
2.5416667892665297   5.180009761274629e+40   4.581864889874457   1.3982575874356216e+41
2.583333434297926   -6.5899933554181225e+40   4.631091302050349   1.2041398777715722e+41
2.625000079329323   3.190009744670475e+40   4.680317945002452   1.0394823710845734e+41
2.66666672436072   5.140008460292245e+40   4.734467044551174   8.863495108677057e+40
2.708333600168328   1.110000696396718e+41   4.7886161440998976   7.573765805405175e+40
2.750000014423514   1.280002562896221e+40   4.847688161797663   6.392851457658065e+40
2.7916666594549104   1.3100003643141324e+41   4.911682405315837   5.330954361575989e+40
2.8333335352625184   -4.639994639796363e+40   4.980599797759266   4.392320228732823e+40
2.8749999495177034   1.2700059003261878e+40   5.054439416023104   3.5755929490975866e+40
2.9166668253253123   -4.619991547521462e+40   5.133201952435984   2.8757886752567417e+40
2.9583334703567092   9.030004345398325e+40   5.2218096328183154   2.2543698500004755e+40
3.000000115388106   -4.639994639796363e+40   5.325185375319142   1.699657905509203e+40
3.0416667604195027   7.090007175914015e+40   5.44332894916225   1.232606744455871e+40
3.1250000504822966   -4.599993338814002e+40   5.586085959869516   8.371776477819605e+39
3.2083333405450905   1.3200038638785716e+40   5.75837886403756   5.2545544411801923e+39
3.249999985576487   -2.659991285762242e+40   5.984820867754327   2.85063483687595e+39
3.2916668613840954   1.1200007774639377e+41   6.299870782629637   1.2164364197825775e+39
3.33333327563928   -2.6499946231922424e+40   6.605075322759282   5.319727830431406e+38
3.375000151446889   -2.32998909890072e+40   6.609997779355903   1.2877581372609941e+42
3.4166667964782858   5.130006914154817e+40   6.6444565909657225   1.0880367749574884e+42
3.4583334415096827   -2.6899910406071647e+40   6.67891494102312   9.280504665190165e+41
3.5000000865410796   1.5000004395210721e+41   6.713373521856728   7.981725473205152e+41
3.541666731572476   1.2500076916187375e+40   6.747832333466549   6.914284919747467e+41
3.583333376603873   -4.639994639796363e+40   6.782290683523945   6.027143486397531e+41
3.666666897442878   3.330011856325055e+40   6.821671951730385   5.185954728355139e+41
3.708333311698064   3.210007953377969e+40   6.861053219936826   4.489370214490832e+41
3.750000187505672   5.140008460292245e+40   6.900434488143266   3.906705237411379e+41
3.791666832537069   -6.649953796568076e+39   6.939815756349707   3.4150300936265235e+41
3.8333334775684658   -2.6299915309173193e+40   6.979196793779934   2.9969316437003424e+41
3.9166665368550473   1.3000007716036566e+41   7.023500749359206   2.597927451889849e+41
3.958333412662656   5.170008215137167e+40   7.067804704938479   2.2604036813409198e+41
4.000000057694053   3.4500006202130663e+41   7.11210866051775   1.9730267998240835e+41
4.041666933501662   3.680000042975393e+41   7.15641238532081   1.7269569154115755e+41
4.083333347756847   6.410000198272838e+41   7.205638797496701   1.4935514965332228e+41
4.125000223564455   8.65000028813048e+41   7.254865440448805   1.2949838004932133e+41
4.16666663781964   3.890000768673517e+41   7.304092083400907   1.1252766435853318e+41
4.208333513627249   5.490000065439806e+41   7.35824118294963   9.662638733775468e+40
4.250000158658645   3.1100007940680675e+41   7.412390513274564   8.313360750788277e+40
4.291666572913831   1.9000007520693884e+41   7.4714623001961185   7.068594791919511e+40
4.333333448721439   5.290007234516825e+40   7.5354567744905046   5.940723228928862e+40
4.375000093752836   3.290010555342704e+40   7.60437370538151   4.935324995488196e+40
4.416666738784233   5.200003086414617e+40   7.67821355442156   4.0530352317385884e+40
4.45833338381563   3.230011045652859e+40   7.756976090834439   3.2902262002975687e+40
4.5000002596232385   -7.31993041502399e+39   7.845584001992984   2.60626609808464e+40
4.583333549686032   -6.609957379153154e+39   7.944037057120978   2.0146473616106844e+40
4.625000194717428   1.2700059003261878e+40   8.057258174367465   1.5004241706185356e+40
4.666666608972614   1.2499832737814743e+40   8.190169579552858   1.0630071608331451e+40
4.708333484780222   -2.6700172497369445e+40   8.352617108975238   6.983909439773125e+39
4.791666774843016   1.219983518936596e+40   8.554446137380271   4.147522341197271e+39
4.833333419874412   -7.060173462362319e+39   8.825192096676309   2.061630566101934e+39
4.875000295682021   5.189982006007366e+40   8.95810373263791   1.4623100401695635e+39
4.916666709937206   1.2499832737814743e+40   8.963026189234533   1.1280778977067318e+42
4.958333585744815   1.2700059003261878e+40   8.99748477006814   9.512144280036604e+41
5.0   -6.5899933554181225e+40   9.031943350901749   8.098444776395767e+41
5.0416666450313965   -6.81995077950015e+39   9.066401931735356   6.952639373493187e+41
5.083333520839005   3.120003805275762e+40   9.100860743345176   6.01213129113462e+41
5.12499993509419   5.200003086414617e+40   9.135319093402574   5.231343788312254e+41
5.166666810901798   9.09000385508816e+40   9.174700592385225   4.491799768580107e+41
5.208333455933196   -7.279885161934674e+39   9.214081629815455   3.8800802771362475e+41
5.250000100964592   -6.519904395376753e+39   9.253462898021896   3.368992160768504e+41
5.29166674599599   1.330005410016033e+40   9.292843935452126   2.9382389726797017e+41
5.333333621803598   7.230004404001123e+40   9.332225203658563   2.5724159895557777e+41
5.3750000360587835   1.1600084270840028e+40   9.376529159237837   2.2238098818421897e+41
5.41666668109018   -2.6899910406071647e+40   9.420832884040895   1.929408693683809e+41
5.458333556897789   9.150008248345444e+40   9.465136839620168   1.6791955211977147e+41
5.499999971152974   9.170030874890124e+40   9.509440795199438   1.4653592850450597e+41
5.541666846960583   -6.75968755716827e+39   9.558667207375331   1.2629647266053557e+41
5.583333491991978   3.1700310702328375e+40   9.607893850327434   1.0911970835280247e+41
5.625000137023376   3.1700310702328375e+40   9.662042949876158   9.31355770145185e+40
5.666666782054772   -2.67996507663244e+40   9.71619204942488   7.966391130285099e+40
5.708333657862381   -4.589972258406716e+40   9.775264067122647   6.731913297305421e+40
5.833333592956571   1.330029827853263e+40   9.834335854044198   5.698980880450694e+40
5.875000007211757   -6.589968937580881e+40   9.898330559114799   4.766297610190802e+40
5.9166668830193645   5.220035480094243e+40   9.967247490005803   3.938223637764596e+40
5.958333297274551   3.210032371215188e+40   10.046010026418681   3.1718440887735725e+40
6.000000173082158   -6.589968937580881e+40   10.134617706801013   2.4906419824886815e+40
6.041666818113556   3.280033427042495e+40   10.23307076192901   1.9069596367868213e+40
6.083333463144952   -6.859703018542884e+39   10.3462918791755   1.4048498843415352e+40
6.12500010817635   5.270033443646616e+40   10.479203515137101   9.827620676912787e+39
6.166666753207745   5.250010817101902e+40   10.641651275335693   6.357867252048213e+39
6.2083333982391435   -4.629983326524023e+40   10.848402529561136   3.655431781428571e+39
6.250000043270539   5.210009516119552e+40   11.124071176230004   1.747493685505496e+39
6.291666919078148   1.240015912616177e+40   11.542496602829928   5.684790361982213e+38
6.333333333333333   1.6900010030847546e+41   11.547419290202757   1.2695507293297074e+42
6.375000209140942   4.85000122577543e+41   11.581877640260155   1.0727212001425e+42
6.4166668541723375   7.540000568447252e+41   11.616336451869978   9.150312380231736e+41
6.458333499203736   8.560000535238993e+41   11.650795032703586   7.869981434453136e+41
6.500000144235131   9.840000656351466e+41   11.685253613537194   6.817538771300225e+41
6.541666558490316   5.4600007989516365e+41   11.719712194370803   5.942736794835657e+41
6.583333434297925   5.270000723744697e+41   11.75909323180103   5.1131361972775e+41
6.625000079329323   2.9000015334401808e+41   11.79847450000747   4.426066197166498e+41
6.6666669551369315   3.280001195497313e+41   11.837855998990122   3.85130728434789e+41
6.7083333693921166   1.7000010841519741e+41   11.877237036420352   3.366273074326615e+41
6.750000245199725   5.230012608394452e+40   11.916618304626793   2.9538044837231864e+41
6.79166665945491   1.2200128203412874e+40   11.960922260206061   2.560167512204132e+41
6.875000180293916   1.300001259960404e+41   12.005225985009124   2.2271875685565094e+41
6.9166665945491   -6.589988471850661e+40   12.049529940588393   1.9436890472886413e+41
6.958333470356709   3.250014137927759e+40   12.093833896167666   1.7009539347160617e+41
7.000000115388105   7.170014661446189e+40   12.143060308343557   1.4707316551214212e+41
7.041666760419503   -6.589988471850661e+40   12.19228695129566   1.2748933450931542e+41
7.083333405450899   -4.629983326524023e+40   12.241513363471553   1.1075402120956062e+41
7.125000281258508   -6.589988471850661e+40   12.295662463020273   9.507595875548703e+40
7.166666695513692   5.220015945824452e+40   12.34981179334521   8.177520868359031e+40
7.208333571321301   -2.659986402194803e+40   12.408883811042974   6.950733380871577e+40
7.250000216352699   -6.589988471850661e+40   12.472878054561152   5.839444125348505e+40
7.291666630607884   -4.619986663954001e+40   12.541795216228367   4.8491404837295755e+40
7.333333506415491   7.1500115691713e+40   12.615635065268417   3.9804003763233997e+40
7.374999920670677   5.290012118084286e+40   12.694397370905085   3.22961323169718e+40
7.416666796478285   1.2300094829112764e+40   12.783005282063627   2.556742333028789e+40
7.458333441509683   7.080010513344027e+40   12.881458337191622   1.975045515515793e+40
7.5000003173172916   3.1700115359630246e+40   12.9946792236619   1.4697715063315474e+40
7.541666731572477   7.080010513344027e+40   13.127591090399715   1.0403023312847297e+40
7.583333607380085   1.290013876168561e+40   13.290038619822095   6.826669339977339e+39
7.6250000216352705   5.170013098704607e+40   13.491867417450914   4.048131492090515e+39
7.666666666666666   -4.629983326524023e+40   13.762613376746952   2.0081300226852785e+39
7.708333542474275   5.240014154531914e+40   13.890602325335724   1.440967042635207e+39
7.74999995672946   1.2800123300310996e+40   13.895525012708557   1.1256845065516137e+42
7.791666832537069   -7.099876865730214e+39   13.929983593542165   9.501188970900165e+41
7.833333477568464   1.2600141213236382e+40   13.964441943599562   8.096043260024426e+41
7.875000122599863   1.1000011036862457e+41   13.998900755209382   6.955845972908239e+41
7.916666767631258   3.2600108004977813e+40   14.03335933604299   6.018971349915412e+41
7.958333643438867   5.320016756496649e+40   14.067817686100387   5.240484656559125e+41
8.000000057694052   5.190011307412057e+40   14.107198954306828   4.502476417132119e+41
8.04166670272545   7.040009212361631e+40   14.14658045328948   3.891520810452554e+41
8.083333578533058   1.2200128203412874e+40   14.18596149071971   3.3806953331161252e+41
8.166666868595852   1.290013876168561e+40   14.225342758926146   2.9498774866165672e+41
8.208333513627249   9.050012321240686e+40   14.264723796356376   2.583780420494815e+41
8.250000158658647   7.210015962428573e+40   14.30902775193565   2.2347096877410755e+41
8.291666803690042   1.2700107838936603e+40   14.35333170751492   1.93975117841384e+41
8.33333367949765   5.060010741894983e+40   14.397635663094192   1.6889326200995648e+41
8.375000093752835   9.360016299394736e+40   14.441939387897252   1.4744749765656155e+41
8.416666738784233   3.2300159292202983e+40   14.491165800073142   1.2713949245321893e+41
8.45833361459184   -4.609985117816562e+40   14.540392443025247   1.0989629591991685e+41
8.500000028847026   5.180014644842068e+40   14.594541773350182   9.384258526527527e+40
8.541666904654635   1.3100120848760112e+40   14.648690872898905   8.03057461643541e+40
8.625000194717426   -2.6499897396247584e+40   14.707762659820457   6.789516502714662e+40
8.666666839748828   3.1600099898255853e+40   14.766834677518224   5.750564559477675e+40
8.708333715556435   -4.59998845524654e+40   14.830829151812612   4.811976202500542e+40
8.75000012981162   -7.17986970056006e+39   14.89974631347983   3.9782203007039325e+40
8.791666774843016   5.250010817101902e+40   14.978508619116495   3.2061073244933167e+40
8.83333341987441   -6.909857256253372e+39   15.067116530275038   2.519372060402634e+40
8.87500006490581   1.6900010030847546e+41   15.165569585403034   1.9304941539069193e+40
8.916666940713418   2.480001058757424e+41   15.27879047187331   1.4235035497467595e+40
8.958333354968602   5.670001036293013e+41   15.411702107834914   9.969068102929969e+39
9.000000230776212   8.240000382871688e+41   15.574149868033507   6.457944739145644e+39
9.041666875807609   6.240000773557084e+41   15.775978434886117   3.768555390342721e+39
9.083333520839005   3.250000952295653e+41   16.051647081554982   1.8056862551896608e+39
9.1250001658704   2.500000732535118e+41   16.470072738931123   5.894214949046505e+38
9.166666580125586   3.2600010333628726e+41   16.479917882900573   5.7511653677176145e+38
9.208333455933197   9.240012396447617e+40   16.484840801049614   1.2114101724731634e+42
9.250000100964593   1.2600141213236382e+40   16.519299151107013   1.0237005118542899e+42
9.2916669767722   7.050015642066543e+40   16.55375773194062   8.732720325823459e+41
9.333333391027384   5.20001285354953e+40   16.58821631277423   7.510880637254986e+41
9.375000266834995   5.130011797722256e+40   16.622674893607837   6.506122121542018e+41
9.41666668109018   7.270015472118386e+40   16.65713370521766   5.670649052571178e+41
9.500000201929186   -4.639989756228924e+40   16.696514742647885   4.878079986230617e+41
9.54166661618437   9.070010529948148e+40   16.735896010854326   4.221492135305679e+41
9.58333349199198   -2.6499897396247584e+40   16.775277048284558   3.672119945586226e+41
9.625000137023374   -7.669838022811515e+39   16.814658547267207   3.2084510488338086e+41
9.666666782054774   -7.01988403090037e+39   16.854039584697432   2.8141320169109792e+41
9.750000302893778   3.3000121014801323e+40   16.898343540276706   2.437823499475695e+41
9.791666717148962   7.220012624998573e+40   16.94264749585598   2.119534175632155e+41
9.833333592956572   5.250010817101902e+40   16.986951220659037   1.848591402216627e+41
9.875000237987969   -7.379900623309066e+39   17.00171905200132   1.7673026193293864e+41
9.916666652243153   1.250012575186177e+40
9.95833352805076   7.190012870153651e+40
10.00000017308216   1.3200136310134836e+40
10.041666818113557   1.3200136310134836e+40
10.083333463144951   -4.619986663954001e+40
10.125000338952558   3.200011290807936e+40
10.166666753207748   -6.949853673668294e+39
10.208333629015355   -2.6299866473498803e+40
10.25000004327054   3.240012591790331e+40
10.291666688301936   1.2800123300310996e+40
10.333333564109546   -2.619985101212419e+40
10.37499997836473   1.2300094829112764e+40
10.458333499203734   -6.589988471850661e+40
10.500000144235134   3.240012591790331e+40
10.541666789266529   9.370012961964725e+40
10.583333665074136   1.240015912616177e+40
10.625000079329322   1.200034145903617e+40
10.66666672436072   1.2800269807334397e+40
10.708333600168327   -4.6299637922542e+40
10.750000014423513   5.270033443646616e+40
10.79166689023112   -6.719691139753348e+39
10.83333353526252   1.2800269807334397e+40
10.875000180293915   -4.6199671296842e+40
10.916666825325311   -2.659966867924979e+40
10.958333701132922   -4.579970712269299e+40
11.041666760419503   5.260027013941715e+40
11.08333363622711   -6.019680581480724e+39
11.125000050482296   3.210032371215188e+40
11.166666926289905   3.310002903769206e+41
11.20833334054509   3.070002911582913e+41
11.250000216352698   8.240002336298669e+41
11.291666861384094   7.590002438853586e+41
11.333333737191705   1.1600002226906758e+42
11.375000151446889   8.480002328484962e+41
11.416666796478285   3.80000296920901e+41
11.458333441509682   3.64000313720373e+41
11.50000008654108   3.290002741634768e+41
11.541666962348687   1.1000030571132236e+41
11.583333376603873   5.20002750425187e+40
11.62500025241148   1.230029017181067e+40
11.666666897442878   5.220035480094243e+40
11.708333542474275   5.260017246806803e+40
11.750000187505671   -6.57998204214576e+40
11.791666601760856   -7.28979880385805e+39
11.875000122599863   3.210017720512848e+40
11.91666699840747   -2.6399784263524185e+40
11.958333412662654   1.360019815563307e+40
12.04166670272545   1.180016402926376e+40
12.083333578533058   9.090013622223037e+40
12.125000223564452   -2.6699781811973414e+40
12.166666637819642   7.250017263410924e+40
12.208333513627249   -6.379843680912822e+39
12.250000158658645   1.2600190048911108e+40
12.29166680369004   7.130018244031278e+40
12.33333344872144   1.2200177039087268e+40
12.375000324529047   5.220020829391892e+40
12.416666738784231   -7.059782776966283e+39
12.458333614591842   -2.629976880214957e+40
12.500000259623238   -7.509803517477432e+39
12.541666673878423   3.2400223589251988e+40
12.58333354968603   -7.209805969028205e+39
12.625000194717426   -2.6599815186273193e+40
12.666666839748826   1.2600190048911108e+40
12.708333484780223   3.1300200021155746e+40
12.75000036058783   -4.62997844295654e+40
12.791666774843014   -7.46980710006251e+39
12.833333650650625   5.220020829391892e+40
12.875000295682021   -2.6599815186273193e+40
12.916666709937205   -6.57998204214576e+40
12.958333585744812   1.270020551028539e+40
12.999999999999998   1.290038294005813e+40
13.041666875807609   3.2500385557650115e+40
13.083333520839004   -7.389618922534425e+39
13.12500039664661   -2.64996532178754e+40
13.166666810901797   1.3600393498330865e+40
13.208333686709407   9.130034457475212e+40
13.250000100964591   1.2100356920410782e+40
13.291666745995988   3.390040667419592e+40
13.333333621803598   -7.459600444091885e+39
13.41666691186639   -4.639965338391661e+40
13.458333556897786   3.1500377450928155e+40
13.500000201929186   3.20003082507776e+40
13.583333722768188   -6.329689443201891e+39
13.625000137023374   -4.6299637922542e+40
13.66666678205477   9.200035513302518e+40
13.70833365786238   1.900003193853115e+41
13.750000072117565   5.220002271835578e+41
13.791666947925172   6.230002645916845e+41
13.833333362180356   8.160002664474401e+41
13.916666883019364   3.900002803167717e+41
13.95833375882697   2.09000326906005e+41
14.000000173082158   2.900002998510415e+41
14.041666818113555   1.5300031245064561e+41
14.083333463144951   1.1000030571132236e+41
14.125000108176348   9.160034212320134e+40
14.166666983983957   9.230030384579968e+40
14.208333398239143   1.300034956575813e+40
14.25000027404675   3.270026997337594e+40
14.291666919078146   3.270026997337594e+40
14.333333564109545   1.2500321094559896e+40
14.375000209140941   -2.649970205354979e+40
14.416666854172338   5.220035480094243e+40
14.458333499203734   -4.6199671296842e+40
14.500000144235132   5.100031577147146e+40
14.54166702004274   -6.75968755716827e+39
14.666666724360717   -7.429713011298579e+39
14.708333600168327   1.320028281715824e+40
14.750000245199724   -7.129666627174957e+39
14.791666659454908   3.3200298444574173e+40
14.833333535262518   -4.6199671296842e+40
14.875000180293915   -7.229682088549128e+39
14.916666825325311   5.220035480094243e+40
14.958333470356706   -2.659966867924979e+40
15.000000346164317   3.230035463490122e+40
15.041666760419503   1.7100026302894278e+41
15.08333363622711   1.220032354611067e+40
15.125000281258504   3.300031635749956e+40
15.16666669551369   -4.609965583546738e+40
15.208333571321301   9.080031610355388e+40
15.250000216352698   5.160026203269519e+40
15.291666861384092   -4.6199671296842e+40
15.333333506415492   9.180027537460146e+40
15.3750003822231   1.4900028002375777e+41
15.416666796478284   1.2900334104383404e+40
15.45833367228589   1.2700107838936603e+40
15.541666731572475   -6.589988471850661e+40
15.583333607380082   -6.819901943825757e+39
15.625000021635268   3.3600116111699777e+40
15.666666897442878   -2.659986402194803e+40
15.708333542474275   -7.709883275900831e+39
15.750000418281882   5.180014644842068e+40
15.791666832537066   -2.639983309919858e+40
15.833333708344677   3.200011290807936e+40
15.875000122599861   7.210015962428573e+40
15.916666767631257   -4.639989756228924e+40
15.958333643438865   3.3000121014801323e+40
16.000000057694052   9.110011830930499e+40
16.04166693350166   3.1100012824248128e+41
16.083333578533058   7.43000114177807e+41
16.125000223564452   9.710000090834356e+41
16.166666868595854   8.300000380918262e+41
16.20833374440346   7.370000655374753e+41
16.250000158658644   3.900001338097482e+41
16.291666803690042   5.4600007989516365e+41
16.33333367949765   1.71000067686245e+41
16.375000093752835   1.9000012404261324e+41
16.416666969560442   1.1200012658206849e+41
16.458333383815628   1.1300013468879046e+41
16.50000025962324   9.180012886757806e+40
16.58333378046224   1.1800115193589034e+40
16.625000194717426   5.170013098704607e+40
16.666666839748824   -4.629983326524023e+40
16.70833348478022   3.3100136476176045e+40
16.750000129811617   5.210009516119552e+40
16.791667005619228   -7.08986555245783e+39
16.833333419874414   -4.639989756228924e+40
16.87500029568202   1.2700107838936603e+40
16.916666940713416   3.330016739892494e+40
16.95833358574481   -2.659986402194803e+40
17.000000230776212   1.3300102935834723e+40
17.041666875807607   -4.619986663954001e+40
17.083333520839002   1.1100011847534652e+41
17.1250001658704   3.240012591790331e+40
17.16666704167801   5.330013419066649e+40
