### eRO-QPE1 ###

# sig_time / h # sig_powr / erg/s # fit_time / h # fit_powr / erg/s #

0.0   5.100000257165754e+42   -7.507335567546281   8.121721799898728e+40
0.06555771856026824   3.310000052786655e+42   -5.8433031686735735   4.661860328440609e+40
0.13667311963982176   3.6999993638531346e+42   -3.564301117122858   2.1809533688171463e+40
0.20778442515378553   4.5400001705415004e+42   -0.34475652108241395   7.476241558905608e+39
1.532261671256156   2.2500000338375993e+42   -0.3085640078746254   1.2518326584377542e+43
1.6033729767701126   6.869999733359718e+42   -0.27237149466683686   1.2182111150507324e+43
1.745591492232436   4.6400004277072547e+42   0.08937343252465665   9.405470439392837e+42
3.186939798298306   1.4199995912418007e+42   0.4511183597161502   7.418231950601515e+42
3.2580551993778664   2.859999910668738e+42   0.8490435134186267   5.826773260922635e+42
3.322220425634114   2.6400000216560626e+42   1.2469604759899093   4.6516497033193825e+42
4.829441808811454   1.2699995438691613e+42   1.681057665072182   3.691561684793066e+42
4.882913513285936   2.760000330254968e+42   2.1151548541544547   2.9649229811530136e+42
6.420974505431789   1.4900001096338234e+42   2.585424078616509   2.3632245146600977e+42
13.940138066431059   3.800003004778829e+41   3.0556973986441682   1.9001954519291968e+42
14.14446583421839   2.4099950312869157e+41   3.562138658486018   1.5141230911008447e+42
17.05083071995292   1.2699995438691613e+42   4.068588109459063   1.214159707735826e+42
17.193053330980845   2.5699995032640423e+41   4.611209595811904   9.637105117914807e+41
18.67833476923863   3.619999834872515e+42   5.153822891033552   7.683821194817105e+41
18.749446074752584   4.260000127229372e+42   5.732620508331778   6.0581134094245115e+41
18.815274100642466   5.999999864649604e+42   6.347586065444182   4.722122225137339e+41
20.182496764912734   1.3799999621018886e+43   6.998731849067592   3.6378826470368955e+41
20.253608070426687   1.6999999729299202e+43   7.686049668070782   2.769094415100646e+41
20.32291323151102   1.6199999702229126e+43   8.481891784344556   2.0235718928569935e+41
21.738942751037285   1.0199999837579523e+43   9.386262293454488   1.4198305480660752e+41
21.81005815211684   1.2599999242037776e+43   10.471497075028962   9.29788336867253e+40
21.8811694576308   1.069999909315234e+43   11.80996067765556   5.524283397538251e+40
23.262501345393307   7.299999824044482e+42   13.58251737379883   2.774307069164524e+40
23.319446089496623   5.950000074442717e+42   16.223268448106644   9.903289448352328e+39
23.39055329944499   5.710000133996893e+42   18.538446630602753   4.008922677728718e+39
23.46028030378612   4.669999489729003e+42   18.574643239376147   1.7160096349733537e+43
24.827220374029984   1.2799999079617309e+42   18.610835752583935   1.6699903362515916e+43
24.89833167954394   3.7199994152862845e+42   18.972584775341023   1.2898415692137637e+43
25.024720833962004   1.719999685987079e+42   19.33432970253251   1.0176915369774154e+43
26.749211972222895   6.310001676991417e+41   19.732254856235002   7.99713108175302e+42
28.06055473944585   7.10000133996893e+41   20.130171818806286   6.387424336480736e+42
31.217777113750074   7.730003298489174e+41   20.56426900788856   5.072095450023414e+42
31.453055070777104   2.469995862338359e+41   20.998366196970817   4.0763888841809234e+42
32.94166620386776   1.8900058755607407e+41   21.468635421432886   3.251646825813813e+42
37.6413891634283   1.1499999120222426e+42   21.93890464589494   2.61673124858808e+42
37.70014005196127   1.0899997577227894e+42   22.445350001302394   2.0870773861432406e+42
39.255832454015405   8.169993601986736e+41   22.951799452275438   1.675307092742377e+42
40.315555957467055   3.449999736066727e+42   23.458240712117288   1.3516073015423159e+42
40.386667262981014   5.2599993151269907e+42   24.000862198470127   1.078654806824082e+42
40.45777856849499   5.4399997780253485e+42   24.543483684822974   8.63962007284604e+41
40.516668706258336   5.2199998890126733e+42   25.122277206555594   6.840124510117827e+41
41.866391018719526   8.429999684633573e+42   25.7372468592336   5.3518364474044905e+41
42.008609534181836   9.52999980644893e+42   26.388388547291406   4.137303115909143e+41
42.28611277254555   9.589999960748384e+42   27.0757104618602   3.1593353926329704e+41
42.35721998249392   8.889999514092072e+42   27.835372351622986   2.349129257022728e+41
42.41097428099479   9.260000127229372e+42   28.703566729787518   1.6769605285329285e+41
43.420838368831234   6.229999441002859e+42   29.716453345036822   1.1332400328517062e+41
43.49194967434519   7.2500000338376e+42   30.946392650392855   7.048532747105203e+40
43.56306097985915   5.720000498089462e+42   32.50190484756059   3.86806049420626e+40
43.83030482639471   5.820000078503229e+42   34.67238669740635   1.6723429606982818e+40
44.97111233759649   3.789999933678305e+42   38.253676220638276   4.173889619936355e+39
45.04222364311045   2.369999665684518e+42   38.79629361142551   3.420615911226564e+39
45.11180320708997   2.959999491082507e+42   38.8324902201989   1.50170921570874e+43
45.38000132041036   2.6600000730892138e+42   38.868682733406686   1.4610470489485546e+43
45.45111262592432   1.8300003072454018e+42   39.230427660598195   1.125614869080653e+43
45.50652972405882   2.1200000378981112e+42   39.592172587789676   8.858422733740267e+42
46.563054590776815   1.0899997577227894e+42   39.99009774149216   6.939489598306998e+42
46.63041435820111   1.9999997292992057e+42   40.38801470406344   5.523498486334144e+42
46.92833399108117   1.7900002043790997e+42   40.82211189314571   4.367726530307552e+42
46.99652515832228   1.180000327547961e+42   41.256204986662375   3.494217532038798e+42
48.12255996440462   5.61999888741973e+41   41.72647421112445   2.7723018545523333e+42
48.193671269918575   1.0199999160827533e+42   42.19675162671769   2.218160570384873e+42
48.48083185196726   1.2299994410028592e+42   42.70319288655955   1.7575623219119685e+42
48.54763871803554   1.3999995398086495e+42   43.20964233753261   1.401042395223577e+42
49.65250354553115   1.1699999634553927e+42   43.71608359737444   1.1221623896915342e+42
49.714444879666544   5.6499993029454745e+41   44.25870508372728   8.883341781297947e+41
49.9697255790843   7.479997579934894e+41   44.80132247451452   7.055929894925076e+41
50.10263896950327   6.439998965922966e+41   45.380115996247156   5.535130538943959e+41
56.00445957947061   4.239993308276368e+41   45.99508974449077   4.287513426162213e+41
56.15583168404907   1.529999535748139e+42   46.646231432548575   3.2785786207211697e+41
56.290559410028855   5.720002528345436e+41   47.369725382497165   2.4380381528613238e+41
57.71033637207919   3.169999692754598e+42   48.16556340320532   1.7629467223817368e+41
57.78144767759315   4.5299998064489335e+42   49.106110043260635   1.203550600822362e+41
57.8525589831071   4.090000028423584e+42   50.22752095578051   7.644070941208737e+40
59.25894344564522   7.40999976855082e+42   51.674508855677686   4.259009549024694e+40
59.330050655593574   6.429999955334368e+42   53.66411414636208   1.9048032272047233e+40
59.40116196110752   6.709999998646497e+42   56.81131057607734   5.336190952468562e+39
60.48389025653476   6.32000001082803e+42   57.20923163421423   4.582917243769476e+39
60.54083500063808   4.4100001746020114e+42   57.24542414742202   1.1969442397423143e+43
60.91277788617374   6.389999852468066e+42   57.28162075619541   1.1655013145756127e+43
60.98111239821086   5.1700000988057903e+42   57.6433697789525   9.047035690936921e+42
62.42083476473351   2.969999855175076e+42   58.04128674152378   7.013278784264443e+42
62.49194607024747   2.4099997685508224e+42   58.43921189522626   5.5493741915019114e+42
62.54847716222518   4.0999997157641657e+42   58.87330908430853   4.3793246856005017e+42
63.708058746137674   2.1300004019906806e+42   59.307402177825196   3.509548911832095e+42
63.770000080273086   2.2600003979301666e+42   59.777671402287254   2.7991643482785084e+42
63.891114146198255   2.809999443709868e+42   60.247940626749326   2.2579025379825042e+42
63.96222135614662   1.4199995912418007e+42   60.75439007772237   1.8094304896723522e+42
64.03333266166057   1.439999642674952e+42   61.26083133756422   1.4620289412278474e+42
64.09361529172796   2.3599999783439375e+42   61.803452823917056   1.1719485089210545e+42
65.25805421644212   1.3999995398086495e+42   62.3460743102699   9.450504154794119e+41
65.32611023001844   1.2799999079617309e+42   62.924867832002526   7.551561397042462e+41
65.43805432456506   6.079993979614329e+41   63.50366135373515   6.0600719210671264e+41
65.58028103115858   1.0899997577227894e+42   64.11863100641317   4.814481114561823e+41
66.98305730040303   9.630004800878589e+41   64.80594882541637   3.735883556539581e+41
67.05416860591698   4.3200056955447154e+41   65.56561890631035   2.8318948441954617e+41
67.18597619362393   8.01000266504932e+41   66.3976330579639   2.0969256866108466e+41
70.07361205786937   3.0700001123408304e+42   67.37434763783341   1.4778100254251933e+41
70.14471926781772   4.8599996399679434e+42   68.53193468129865   9.787209969848497e+40
70.27388931127824   3.840000400637177e+42   69.94275054581603   5.936926735167244e+40
71.6213877316186   7.649999708996646e+42   71.82383153922986   3.0551275077698387e+40
71.76361443821209   8.909999565525224e+42   74.53693487542847   1.174052402389399e+40
71.82750116600754   8.769999882245154e+42   76.1647911433558   6.628055362902965e+39
72.88361238059994   1.0499999932324799e+43   76.20098365656358   8.216965727628128e+42
73.02583499162785   8.189999744187749e+42   76.23717616977137   8.003335044017926e+42
73.0897217194233   8.480000151592445e+42   76.59892109696284   6.227822962901192e+42
74.43445972854919   5.609999876831139e+42   76.99684625066533   4.838896975282148e+42
74.50556693849757   4.359999707643143e+42   77.39476321323662   3.836835792433014e+42
74.64779364509107   5.1900001502389416e+42   77.82886040231888   3.034468223035602e+42
76.21833247244545   1.40999990390122e+42   78.26295759140116   2.4370551306715193e+42
76.28944377795939   1.6400001570064603e+42   78.73322681586322   1.9483665523272444e+42
76.36055917903896   1.2599998565285797e+42   79.20349604032526   1.5754275186101895e+42
76.43167048455294   1.7599997888533816e+42   79.70994139573271   1.2658945460497625e+42
76.4851421890274   1.3899998524680667e+42   80.21639084670576   1.0256748070696507e+42
77.6639114977762   1.3999995398086495e+42   80.75901233305862   8.246802899229967e+41
77.73501870772455   1.5800000027070073e+42   81.33780585479123   6.578648140351741e+41
77.80613001323852   1.2400058958633053e+41   81.95277141190365   5.205068598000134e+41
79.29222237348512   5.019997344425209e+41   82.60391309996147   4.08319546541274e+41
79.3633336789991   4.730002351036411e+41   83.32741114547565   3.1330160092507506e+41
81.01541931301638   1.840000671337971e+41   84.1232532617494   2.351577396576051e+41
82.42305701862813   3.4900032226929614e+41   85.02761967529376   1.7043796915298663e+41
82.55986119636715   2.99999417993293e+41   86.1128585524338   1.1630696717165198e+41
83.97310982685096   2.7899980387727453e+41   87.41514192854942   7.381404398982366e+40
85.58755311743806   5.359997542036799e+41   89.11535455393312   4.092310077288195e+40
85.6586603273864   3.709994990681809e+41   91.466704771809   1.8139584179350376e+40
87.0017109634851   8.449999736066727e+41   93.52865822881861   8.921020532206664e+39
88.6544477924328   1.0299962196634093e+41   93.5648507420264   7.0769982072839e+42
88.72555500238116   2.4099950312869157e+41   93.60104735079977   6.899718253034732e+42
88.86444791857625   1.839999317833998e+42   93.96279227799127   5.412791355913012e+42
90.13000226239045   1.670000572532193e+41   94.36071333612814   4.235148097754134e+42
91.7477834389416   4.130000131289886e+42   94.75863439426504   3.379571533394845e+42
91.8900019544039   5.069999841640036e+42   95.1927274877817   2.6917264257531592e+42
91.95694806970262   5.1700000988057903e+42   95.62682467686398   2.178062304323029e+42
93.27779664468332   8.310000052786655e+42   96.09709390132602   1.7566380550713858e+42
93.42002335127684   1.0199999837579523e+43   96.56737131691929   1.4338858821968774e+42
93.49113056122519   9.779999434235338e+42   97.07381257676116   1.1648059676151035e+42
94.82946310575261   8.019999645381959e+42   97.61643406311399   9.416222668310852e+41
94.90057441126655   7.669999760429798e+42   98.15905145390121   7.675264005486184e+41
94.9716898123461   9.189999608837353e+42   98.73784497563386   6.216775450689283e+41
95.04279702229445   7.259999721178181e+42   99.38899075925727   4.93984845790181e+41
96.32778072931542   4.5800002734078016e+42   100.07630857826045   3.900760105901224e+41
96.39889203482936   4.119999767197317e+42   100.83597865915443   3.0228346638783157e+41
96.46999924477771   5.779999975636927e+42   101.70416894175337   2.272114553044653e+41
96.53708460930682   5.029999738773734e+42   102.71705965256825   1.6381292688491623e+41
97.85088062032418   2.3000005007964687e+42   103.9108228269789   1.1204795762262729e+41
98.00555375077633   3.3199997401272386e+42   105.39398276225587   7.030303523354508e+40
99.31002006335677   2.4999996616240072e+42   107.31123988661511   3.870470970073386e+40
99.38113136887073   1.3700004777869013e+42   110.0243391272481   1.6702337943138775e+40
99.45223857881908   2.1100003505575293e+42   111.68837562168639   1.0007994493865752e+40
99.52334988433306   1.969999990525474e+42   111.72456813489418   6.212127751906589e+42
99.5944652854126   1.2099993895697081e+42   111.76076064810199   6.053312042805228e+42
99.66557659092656   1.3899998524680667e+42   112.12251376642467   4.727487040490794e+42
101.16558158751658   1.2500001691879969e+42   112.52043072899595   3.684718193149471e+42
101.23669698859614   1.4500020370234901e+41   112.91835588269845   2.9306294422904536e+42
102.44389361817503   2.6900011653669287e+41   113.35244897621509   2.3262643868687168e+42
102.51500082812339   2.580001897612583e+41   113.78654616529737   1.8760100929637644e+42
102.6506992031504   6.439998965922966e+41   114.25681538975942   1.5073745119445424e+42
104.01639012588622   6.680002290128728e+41   114.72708461422147   1.2256388457827953e+42
104.30083944350767   1.6799961993608447e+41   115.23353406519455   9.9128334262496e+41
105.62861771548368   1.7299878685439141e+41   115.77614736041616   7.974125349415386e+41
105.69972492543206   2.3399850383671095e+41   116.3549449777144   6.37823967015043e+41
105.84194753645995   1.2499947551721125e+41   116.96991463039242   5.070827690371619e+41
105.90430661828657   1.509998807563001e+42   117.62105631845023   4.0050659163457585e+41
107.20006985396691   2.7699986640915808e+42   118.3445543639644   3.1016346265460663e+41
107.27118115948085   3.019999645381959e+42   119.17656851561796   2.3265687094469887e+41
108.69113832641759   6.749999424760811e+42   120.11711106010769   1.6913103926837865e+41
108.76224963193152   7.399999404458253e+42   121.23852606819315   1.1633935794112485e+41
108.83336093744549   6.939999574999754e+42   122.61316170619953   7.398654366912075e+40
108.90446814739386   7.759998976750998e+42   124.3857184023428   4.1518940276462854e+40
108.9755794529078   6.829998953741429e+42   126.88176904843466   1.843185437832909e+40
110.28694679352438   6.419998914489814e+42   129.01607476733503   9.27053953304167e+39
110.35805809903833   7.219998941559896e+42   129.05227137610842   6.741624933420017e+42
110.50028071006622   5.119998955094935e+42   129.0884638893162   6.57349650145792e+42
110.55652920801754   4.749999695461606e+42   129.4502088165077   5.1609644223554417e+42
111.83667195649922   2.5999985652857905e+42   129.8481339702102   4.040055480115193e+42
111.90777916644757   3.079999122929428e+42   130.24605502834706   3.225179047511005e+42
112.05000177747549   3.289999324601517e+42   130.6801481218637   2.5701156583985062e+42
112.10444822656277   4.269999137817969e+42   131.1142412153804   2.081106185454325e+42
113.37431110538826   1.4499993300155346e+42   131.58451863097366   1.680051963833516e+42
113.43361079971163   2.3299988860662324e+42   132.0547878554357   1.372958844815594e+42
113.5047262007912   2.0699995709392415e+42   132.56122911527757   1.1169241243211912e+42
113.57583750630513   9.349985131758865e+41   133.1038506016304   9.044941590026695e+41
113.63958908043577   1.239999128343443e+42   133.68264412336305   7.289693324947875e+41
114.98555985480732   2.7399860670301315e+41   134.29761377604106   5.844982146283162e+41
115.12777837026961   8.36998734879838e+41   134.94875955966447   4.660511968502271e+41
115.19055519978745   5.219991091236875e+41   135.67224941404743   3.649370071094671e+41
116.55949390604414   3.6298946256554386e+40   136.4680956258868   2.8070292790710667e+41
118.10921906901898   2.1199932703782508e+41   137.37246203943113   2.096496320596844e+41
121.20895198899507   2.0600127418863967e+41   138.42152478562582   1.5037000427934646e+41
121.28006329450903   7.310139599046139e+40   139.68764022192724   1.013153138209799e+41
124.20875310832952   9.800011667204245e+41   141.2793244544748   6.2062974134013e+40
124.35057435392864   2.6000012722937338e+42   143.37745404242975   3.2735015559237134e+40
124.42168565944257   2.550001482086849e+42   146.41612207930882   1.301656968644268e+40
125.71861613131891   7.790001422532673e+42   147.06726786293223   1.070025303216382e+40
125.78972334126728   9.310001270940228e+42   147.10346037614005   7.362222283990663e+42
125.86083464678124   9.280001532166496e+42   147.13965698491342   7.17138792262704e+42
125.92972615573996   8.250001928743159e+42   147.5014019121049   5.58398862496438e+42
127.23001908697394   8.350001509156926e+42   147.8993188746762   4.341209789213678e+42
127.37949084911396   9.260001480733346e+42   148.29724402837869   3.4445105065486945e+42
127.45060625019353   8.590001449602753e+42   148.73133712189534   2.7266301163197672e+42
128.83423575025768   4.250001116640775e+42   149.16543431097762   2.1922012518354413e+42
128.905342960206   4.420001215446565e+42   149.63570353543966   1.7550200231450863e+42
128.97645426571995   4.2200020546190296e+42   150.10597275990176   1.4212979252506873e+42
129.04756557123395   4.2600014807333456e+42   150.6124222108748   1.1441662679965537e+42
130.42977800560047   1.070001736545596e+42   151.11886347071663   9.289160459126327e+41
130.5008893111144   1.590001043551561e+42   151.6614849570695   7.486132042704264e+41
130.57199652106274   1.3700018312908746e+42   152.2402784788021   5.9875467283928996e+41
130.64310782657674   1.5200018786635118e+42   152.8552481314801   4.751356777772225e+41
132.00028816399563   6.1000190708709545e+41   153.54256595048332   3.690551544749662e+41
132.07139946950957   4.770011928430495e+41   154.3022360313773   2.8066300440054437e+41
132.14251077502357   6.130012718876832e+41   155.13425018303084   2.0897469881668564e+41
132.2136220805375   6.180011155579735e+41   156.11096476290035   1.485252369667207e+41
133.57944815693816   5.7400073170424614e+41   157.2685599974968   9.955190006889775e+40
133.65055946245212   4.790009949607687e+41   158.71554380182837   6.064983265647265e+40
133.7216707679661   6.180011155579735e+41   160.6328009261876   3.1593052616842165e+40
133.77639161994855   1.2600005332805642e+42   163.41824833314578   1.2235424850506196e+40
135.1244470372105   1.6300112976976422e+41   164.9737564347479   7.244986530327913e+39
135.19556243829007   6.120010324528291e+41   165.00995304352128   1.0135130523878515e+43
135.26666964823843   1.0400121490516612e+41   165.0461455567291   9.873529110676772e+42
136.68055718695587   3.710008525721531e+41   165.4078904839206   7.695317658159417e+42
136.75166849246983   3.120097354833651e+40   165.80580744649188   5.987610003384458e+42
138.33001346785795   4.330008089893256e+41   166.20373260019434   4.75439473063949e+42
139.76889624343258   1.5200120299432963e+41   166.6378297892766   3.7665591217792715e+42
141.4597955526417   1.2300102690346314e+41   167.0719228827933   3.030838950307056e+42
142.8355615667537   5.350001915208125e+41   167.54219210725535   2.4287450151170723e+42
142.97778008221604   3.8400058146530805e+41   168.01246542728302   1.968925651658963e+42
144.26837880967466   6.000000541401589e+42   168.51891078269043   1.58687200606656e+42
144.3394901151886   6.660000885191597e+42   169.02535204253232   1.2899367830105383e+42
144.4106014207026   5.08000088248459e+42   169.56797352888512   1.0410204990634147e+42
144.48170863065093   5.620000240923706e+42   170.11059501523798   8.454299675030129e+41
144.55281993616487   7.140000766083248e+42   170.6893885369706   6.808795856572726e+41
145.909476041187   8.000000270700794e+42   171.3043581896486   5.436911180065765e+41
145.98058734670093   8.840001077389162e+42   171.95550397327202   4.303286977622518e+41
146.0517027477805   8.550000669984466e+42   172.678993827655   3.33246782184201e+41
146.12281405329446   7.270000762022737e+42   173.47483594392875   2.5252371173811913e+41
147.3531260551201   7.260000397930166e+42   174.3792064530387   1.8491965620286225e+41
147.42423736063404   7.440000860828524e+42   175.4282691992334   1.292730675196103e+41
147.4953445705824   9.11000075660872e+42   176.69438053996922   8.41971687906307e+40
147.56645587609637   7.330000239570202e+42   178.3222409034621   4.867353396176015e+40
147.63756718161034   7.420000809395373e+42   180.5288947886877   2.319254421735399e+40
149.00171407611495   4.080000341083001e+42   183.78461551567352   7.819734370075475e+39
149.0728253816289   4.8800003681530816e+42   183.8208080288813   1.3001919266082412e+43
149.14394078270846   4.3800004358282796e+42   183.85700054208908   1.2652595363133293e+43
149.21504799265685   3.2600009393317564e+42   184.21874546928058   9.767514122187174e+42
150.54618053285932   1.8300009839973876e+42   184.58049039647204   7.701776980211572e+42
150.61729593393886   1.510000837818958e+42   184.97841555017453   6.046492655920309e+42
150.68840314388723   2.580000544108597e+42   185.37633251274582   4.823645442501975e+42
150.75951444940117   2.0000010828031778e+42   185.81042970182813   3.824288512267099e+42
152.039726822498   9.46000470207281e+41   186.24452689091038   3.067911315881034e+42
152.09681081583176   1.5400012533446782e+42   186.71479611537242   2.441748025876755e+42
152.1658497651521   1.4000103678404207e+41   187.1850694354001   1.9601515194999577e+42
152.30807237618   1.6500005210990297e+42   187.69151069524193   1.5589270580209774e+42
153.6469496309322   7.520007157329011e+41   188.19796014621497   1.2475372657685945e+42
153.78861524503853   4.330008089893256e+41   188.74057753700222   9.879071698625419e+41
153.85972655055247   4.770005160910662e+41   189.28319902335505   7.857578841204343e+41
153.91542214714778   1.800004628983576e+41   189.8619925450877   6.178343426071086e+41
155.1800058419148   5.8500065847968185e+41   190.44078606682032   4.8728372287753064e+41
156.87944850096568   2.7500087639382164e+41   191.09193185044373   3.741269463556827e+41
157.0093106950126   6.030009077951137e+41   191.77924966944693   2.837446471428633e+41
158.25333874603282   1.7100013521504663e+42   192.53891565477528   2.0946884636959642e+41
158.3244500515468   1.6500005210990297e+42   193.40711003293984   1.4836027002451307e+41
158.52486655418608   3.2100011491248703e+42   194.45617277913448   9.796776545948998e+40
159.8461164945956   6.000000541401589e+42   195.75846025081572   5.861825346409376e+40
159.9088933241134   7.140000766083248e+42   197.45866878063384   3.001871056564962e+40
160.05111593514133   5.880000909554668e+42   199.95472352229132   1.1224531533427033e+40
160.10764293155344   8.870000816162895e+42   202.9933915591704   3.4281486483160167e+39
161.3927822700672   6.860000046019136e+42   203.02958407237816   1.7610033515407126e+43
161.5961148154137   5.2900010841566815e+42   203.06578068115152   1.713671774691013e+43
161.65486160838105   5.620000240923706e+42   203.42752560834302   1.32284226441007e+43
162.96946444582167   3.6100008242839175e+42   203.78927053553454   1.0432374589155102e+43
163.11168705684958   4.1900009623413226e+42   204.18719159367137   8.194192756866524e+42
163.18280245792914   2.7400009555738038e+42   204.58511265180832   6.542204005050847e+42
164.4814203028327   1.4600003708600885e+42   205.01920984089057   5.192934865100352e+42
164.55253160834664   1.640000833758447e+42   205.45330293440725   4.171955213057062e+42
164.623638818295   1.1300005373410782e+42   205.9235721588693   3.326602079472331e+42
164.69475012380897   1.2300007945068325e+42   206.39384138333136   2.6760590858857818e+42
166.03195229223076   1.800004628983576e+41   206.90029083430443   2.1335634132549174e+42
166.10472639737836   3.690010504544339e+41   207.40673618971186   1.711962144681731e+42
166.1758377028923   2.0200099320121456e+41   207.91318154511927   1.3806527824763176e+42
166.24694900840623   4.350006111070448e+41   208.45579893590653   1.1013848409842914e+42
167.58284059583602   3.180003440607104e+41   208.99842042225941   8.818093212649809e+41
167.65395190134996   9.87000812508435e+41   209.57721394399198   6.978410497562104e+41
167.7961786079435   6.890011966328613e+41   210.15600746572463   5.536652151835557e+41
169.2720074807963   1.0200073603546023e+41   210.77098121396827   4.339127740682777e+41
170.75197697047082   1.8800034812122226e+41   211.45829493740587   3.3111878395710496e+41
173.99393659704043   4.7400047453849185e+41   212.18179298292003   2.4953020201972113e+41
175.54807677973213   1.0300009569273072e+42   213.01380713457357   1.8051300500692925e+41
176.86197517988953   3.6000004601913506e+42   213.9905258100087   1.236084492301401e+41
176.94809673332776   5.5400007119430897e+42   215.14810875790837   7.900409984280822e+40
177.01921213440733   4.710000269347291e+42   216.6312768843165   4.456291933334523e+40
177.09032343992126   5.600000866242543e+42   218.6570542103807   2.039413238951071e+40
178.49725670824978   1.0100000933917739e+43   221.8404226754758   5.993045626461189e+39
178.56836801376372   9.32000095828081e+42   222.99801381450658   3.856008114862065e+39
178.63947931927768   1.0500000609076788e+43   223.03420632771437   1.4428627956382742e+43
179.97420367051143   9.970000261226266e+42   223.07039884092214   1.403836212081802e+43
180.04531497602537   8.610000147531931e+42   223.43214376811372   1.0818463522005046e+43
180.1875375870533   9.73000032078044e+42   223.79388869530516   8.516353609879697e+42
181.3775082677183   4.020000863535535e+42   224.19181384900764   6.673669099062799e+42
181.44861547766664   5.2000005143315085e+42   224.58973081157893   5.313747915597487e+42
181.51958753395022   3.74000014347142e+42   225.02382800066118   4.203559564779538e+42
181.6000244423355   4.13000080804187e+42   225.45792518974343   3.3643312997203015e+42
181.67113574784946   3.940000657802931e+42   225.92819441420548   2.6705752532863996e+42
181.74224705336343   5.22000056576466e+42   226.3984636386676   2.137889464164019e+42
182.99530582653185   2.2200002950638654e+42   226.90490899407504   1.6949682898133203e+42
183.06641713204579   3.0200009988859325e+42   227.4113584450481   1.3519877047652154e+42
183.14920489508555   1.620000782325296e+42   227.91779970488997   1.0835751906893509e+42
183.22031210503388   2.5600004926754462e+42   228.46042119124274   8.584073669566055e+41
184.55389788903082   5.270009830499345e+41   229.00304267759563   6.823326506413699e+41
184.62347745301037   1.9900007187106084e+42   229.58183619932825   5.357071699680001e+41
184.69590753064753   6.080000747134196e+41   230.19680585200626   4.153332780430403e+41
184.83812604610986   7.810008918237677e+41   230.8479516356297   3.1791163602235906e+41
186.25366819332973   1.1700006402073794e+42   231.57144149001266   2.3667558618064814e+41
186.32477540327807   9.140009293158269e+41   232.40345564166623   1.6886965329145923e+41
186.395886708792   9.570010737347001e+41   233.34399818615591   1.1547610627094865e+41
187.64644309137879   1.1800524374508958e+40   234.50158522962118   7.243103346064113e+40
187.93088421786902   4.390008920944677e+41   235.98474926046376   3.9889609244534433e+40
189.27475806265332   3.70000613137299e+41   238.04670271747327   1.7413428324160475e+40
189.34586936816729   2.720008348412506e+41   241.41094364616413   4.5347077264055406e+39
189.41698067368122   3.4700119690356357e+41   241.48329590805494   4.4405485128194927e+39
189.4880960747608   3.489976152613539e+41   241.51948842126268   1.1441949677248577e+43
190.96641095593287   2.4099679612075154e+41   241.5556809344705   1.114268533188524e+43
191.0375222614468   1.0899977274668326e+42   241.91742995722754   8.657934416525861e+42
192.35700701308272   3.179969603007815e+41   242.31535101536448   6.717860654457758e+42
192.49923371967625   9.319686945359451e+40   242.71326797793571   5.3206027063467154e+42
192.5703409296246   5.89997795142031e+41   243.14736516701797   4.2035060823462217e+42
197.01033130996012   3.0999775182990353e+41   243.58146235610027   3.37287643667186e+42
197.15255392098803   1.5899969830396477e+42   244.05173158056232   2.6942122289918924e+42
197.22366932206756   2.369996958676578e+42   244.52200080502436   2.1768367279989646e+42
198.45500931085888   8.359997135985597e+42   245.02845025599746   1.747827012500651e+42
198.5261165208072   8.309997345778712e+42   245.53489561140486   1.4151700436303606e+42
198.5972278263212   8.089997456766039e+42   246.07751709775772   1.1370538576389499e+42
198.66833913183513   1.0499997225316857e+43   246.62013039297935   9.191852561435666e+41
198.7394504373491   8.11999719553977e+42   247.19893210584323   7.365254210668178e+41
198.80472965744852   1.1299997252386938e+43   247.81389766295564   5.8484547380803075e+41
200.0675072077859   1.0499997225316857e+43   248.46503935101342   4.600830092561493e+41
200.20972981881386   1.359999707643142e+43   249.1523571700166   3.584535802986346e+41
200.2808370287622   1.1399996832800705e+43   249.91202725091063   2.7294420870743224e+41
200.34764389483047   1.2399997374202293e+43   250.7802216290751   2.0053577345804873e+41
201.68584128569307   9.519996735348419e+42   251.79310824432443   1.4039289400752927e+41
201.75695259120707   9.989996928899487e+42   252.98687551430064   9.249071232348504e+40
201.8280598011554   7.759997623247024e+42   254.47003544957764   5.522023576412486e+40
201.89625506396212   8.279996930252993e+42   256.45964074026205   2.7711433195884527e+40
203.20005379934975   4.0199974797756055e+42   259.38978447987057   1.0088594780697205e+40
203.34227641037762   3.1999974012723765e+42   260.1494545607645   7.772278126429049e+39
203.41338362032602   3.929996909950434e+42   260.1856470739723   7.885454488068783e+42
204.78500492205072   2.349996907243427e+42   260.2218395871801   7.68064614613495e+42
204.92722753307868   1.1299971535811482e+42   260.5835845143716   5.978090883527534e+42
204.99306375009974   3.3999972388518986e+42   260.98150966807407   4.6458585350468486e+42
206.296436546665   4.489971956751216e+41   261.37942663064536   3.684540420554216e+42
206.38972533990326   1.1699972564474503e+42   261.81352381972766   2.9147112622780785e+42
206.5319520464968   5.6099694229917895e+41   262.24762100880986   2.3414677101315365e+42
207.8475501063782   1.6897143578754605e+40   262.71789023327193   1.8724953178389413e+42
207.98976862184057   9.08997025133621e+41   263.188159457734   1.5145532103885164e+42
209.61585150986306   5.649972232866041e+41   263.69460890870704   1.2174183697996883e+42
211.10889404493295   1.3999968328007062e+42   264.20105016854893   9.867719863835189e+41
212.51224369336143   2.8999770039675243e+41   264.74367165490173   7.937410788853039e+41
213.9911401448487   6.709975635575027e+41   265.32246927219995   6.334881235477316e+41
214.06224735479705   8.289974961530033e+41   265.9374348293124   5.014874519288943e+41
214.133358660311   2.909972630796198e+41   266.5885806129358   3.936322157689216e+41
214.27558127133895   6.289976585734813e+41   267.3120745628844   3.0223977651272453e+41
217.37030941015175   3.9599736391566555e+41   268.1079166791581   2.270344359829167e+41
218.63558525550516   1.6599975014316704e+42   269.04845512808225   1.6261823478290579e+41
218.70669246545353   2.4499978411611645e+42   270.1336940052223   1.1111766459237422e+41
218.77780377096747   2.4499978411611645e+42   271.47215760784894   6.975841834215532e+40
218.92002638199537   6.969997283517529e+42   273.2085381730468   3.8289655887235607e+40
220.2458797381394   1.1599997347132215e+43   275.6684208793245   1.641458738641159e+40
220.31699513921893   1.0499997225316857e+43   277.69419820538866   8.212943246022884e+39
220.38810234916727   1.1999997699043247e+43   277.7303907185965   6.913392430668874e+42
220.45921365468124   1.1399996832800705e+43   277.76658732736985   6.741056965043651e+42
221.79503971306144   1.0099997550157811e+43   278.1283363501269   5.294025703356141e+42
221.93726232408932   9.44999757046037e+42   278.5262533126982   4.146065195688834e+42
222.00836953403768   1.1299997252386938e+43   278.9241784664007   3.311083134525568e+42
223.2727853106151   5.4999972253168585e+42   279.35827565548294   2.6392548857521058e+42
223.34389252056343   5.789996955969567e+42   279.79236874899965   2.1372401422271105e+42
223.4845915811881   4.709996885587361e+42   280.00941734354075   1.9328332951800154e+42
224.86556305917784   2.359997271335994e+42
225.00584027654568   1.3799974581195418e+42
225.07695158205968   2.349996907243427e+42
225.13612021828385   9.049974208981826e+41
226.4442152019859   2.129997694982737e+42
226.58643781301387   4.939971422117162e+41
226.6575532140934   8.44997943350716e+41
227.92306660225162   1.2999972523869385e+42
227.99418200333116   1.5299975054921823e+42
228.06528921327958   1.7599747490299135e+41
228.13640051879352   1.719996978979137e+42
229.4752859646769   1.899974432309981e+41
229.74875507092457   4.7999717388370725e+41
231.01811009961563   7.789977059461185e+41
231.18694979147838   1.0299975731673805e+42
231.31431369050924   2.049976509938589e+41
235.9522755208208   3.759973124825144e+41
237.2175472706086   6.889978128729346e+41
237.39116239196102   2.2199766087443784e+41
237.46227369747498   4.999972253168583e+41
237.53338090742335   1.4599969871001595e+42
238.76726424245226   6.47999703853331e+42
238.9094868534802   5.809997007402718e+42
238.98059815899416   6.52999750549218e+42
239.05170946450806   6.539997869584748e+42
240.3883382537459   9.989996928899487e+42
240.45944955925978   7.519997006049215e+42
240.5286195666793   9.719997249679929e+42
241.86169750054182   6.81999723614489e+42
241.93281290162142   8.829997329536665e+42
242.08895224455839   6.259997149520638e+42
243.40530388851016   3.929996909950434e+42
243.47641109845856   4.259997420221432e+42
243.54752240397252   3.7299977491228955e+42
243.6186337094865   3.7999975907629316e+42
245.03060452350303   1.9399975447437955e+42
245.10171582901702   1.3299976679126568e+42
245.172827134531   1.2899975650463547e+42
245.24394253561056   1.9699972835175307e+42
246.54948188637823   2.0399741155900706e+41
246.69170040184054   9.119774408786197e+40
248.0922282055705   3.2899756382820277e+41
248.23445081659847   8.849750366495046e+40
249.67558205768756   2.7299701376418908e+41
249.81780466871544   9.999755015781098e+40
251.23251132055293   5.7599782681402315e+41
251.3036185305012   5.089973499745737e+41
251.4419503542091   7.019975417660885e+41
254.53820204342512   6.769976466626448e+41
255.94334554958644   3.4999717794422126e+41
256.0144486639692   2.8599741940932953e+41
257.4202884162825   9.03999685445677e+42
257.4913997217964   8.909996858517281e+42
257.5625069317448   9.089997321415642e+42
257.63014929319553   8.089997456766039e+42
258.9594511155748   9.999997292992057e+42
259.0305624210887   1.0499997225316857e+43
259.10167782216826   9.36999668797578e+42
259.1640328084293   1.0199997130571579e+43
260.39422194328694   9.379997052068351e+42
260.46533734436645   1.039999764490309e+43
260.53644864988047   8.359997135985597e+42
260.6075599553943   9.559996838214722e+42
260.67867126090835   9.649997408039895e+42
261.9436808944978   5.129996612179559e+42
262.0859076010913   3.889996807084133e+42
262.19000868751374   4.429997519027219e+42
262.25778620262923   3.609997440523991e+42
263.48889683974693   1.8399972875780413e+42
263.5600122408265   9.50997606869628e+41
263.63112354634035   2.42999711297603e+42
263.7363959645245   1.1099971021479972e+42
263.7975099944087   1.0999980915593999e+42
269.6883422018711   2.9399798138417753e+41
269.830564812899   1.2799748681382561e+41
269.9016720228473   5.399973281831605e+41
269.9668119937164   5.2199707886772865e+41
277.57306775720104   3.3899725116878555e+41
