### GSN-069 ###

# sig_time / h # sig_powr / erg/s # fit_time / h # fit_powr / erg/s #

0.0   3.109999352895194e+41   -1.301755393315783   3.346274102256075e+35
0.055548135388370286   1.769999565866396e+41   0.29867155000963463   -3.34627413334232e+35
0.1111115475915336   6.179998345377587e+41   0.31606747725445977   2.231536179636918e+42
0.16665968297990388   6.6599985747311855e+41   0.38565118623375644   1.8825617289975284e+42
0.2222225495825393   8.529997676429577e+41   0.4552348952130531   1.5979646845383726e+42
0.3333340971740729   1.5099998170631983e+42   0.5248186041923507   1.3634241084549743e+42
0.3888827781629711   2e+42   0.6117982404164716   1.1248500450910429e+42
0.44444564476560655   1.9099995986311958e+42   0.6987778766405933   9.332108225197545e+41
0.4999943257545057   1.8399997870287978e+42   0.7857569672641863   7.777710356551077e+41
0.5555571923571402   2.2599997488031978e+42   0.8727366034883081   6.5067251744105816e+41
0.6111053277455104   1.8899998279847982e+42   0.9597167853129568   5.460473531250561e+41
0.6666687399486737   1.119999716038397e+42   1.0466964215370786   4.5943652090110554e+41
0.722216875337045   1.1299998061415981e+42   1.1336760577612004   3.874001625173782e+41
0.7777797419396795   8.599999672351998e+41   1.2206556939853221   3.272486543795181e+41
0.8333284229285786   6.799997105775968e+41   1.3076353302094421   2.7685376614786252e+41
0.8888912895312131   5.4199969583343675e+41   1.3946155120340928   2.345148097726808e+41
0.9444399705201122   3.319998514662386e+41   1.4815951482582146   1.9885970132272448e+41
1.0000028371227476   3.329964474765235e+41   1.5859707117271595   1.6334112085682318e+41
1.055551518111646   3.419972111694114e+41   1.6903462751961045   1.3430282330724408e+41
1.1111143847142813   2.6699721799541143e+41   1.7947218386650512   1.1051639144491388e+41
1.1666625201026506   2.3299732120453243e+41   1.8990979477345251   9.100103232556389e+40
1.222225386705286   8.719709965987432e+40   2.0208694384482953   7.258983212300319e+40
1.2777740676941862   5.239705914073767e+40   2.1426409291620656   5.793281685451213e+40
1.3333369342968195   -1.6102943726182596e+40   2.2818083471206587   4.47887636576767e+40
1.3888856152857196   -4.7130800086390145e+39   2.4383711467235485   3.354238251370845e+40
1.4999971628772533   8.639695593161623e+40   2.612330964772321   2.433131683136658e+40
1.5555600294798888   9.599704243068974e+40   2.821082091710211   1.6553460354179706e+40
1.611108710468787   -1.3202985856255013e+40   3.0820215459831033   1.0225655995211192e+40
1.6666715770714224   8.909691199948e+40   3.4125441636347658   5.550353338659608e+39
1.7222197124597918   6.826000070470073e+37   3.8822347448455496   2.3243220030342296e+39
1.7777825790624269   -1.1200305695587166e+41   4.665052016463169   5.410925250348697e+38
1.8333312600513254   -1.2300247346938553e+41   6.752564922643667   9.815737413987335e+36
1.888894126653961   -9.250267647462751e+40   9.048828410161528   -7.807972965956367e+35
1.9444428076428586   -1.0200310337267205e+41   9.06622488300688   2.5425985714755783e+42
1.999991488631759   -2.0403050730559703e+40   9.135809137586705   2.1325074356999483e+42
2.055554355234393   -4.300325436379327e+40   9.205392300965475   1.7993623116953948e+42
2.1111024906227636   -3.680251589980177e+40   9.274976009944771   1.5259156103129933e+42
2.166665357225399   -6.550243319598482e+40   9.361955646168896   1.2490763446863113e+42
2.2222140382142976   -2.150244630190512e+40   9.448935282393014   1.0279419466057336e+42
2.277776904816933   -1.520204823688509e+40   9.535914918617136   8.496437612344167e+41
2.333325585805831   -1.2400220943970286e+41   9.622894554841258   7.0477318117453e+41
2.3888884524084664   -1.2400220943970286e+41   9.709874736665904   5.863126234287144e+41
2.444437133397365   -1.3600231756354387e+41   9.79685437289003   4.889360465667494e+41
2.5   -1.7900256848730667e+41   9.883834009114148   4.085403608064286e+41
2.555548135388371   -2.0300237517498456e+41   9.97081364533827   3.4192240101860483e+41
2.6111115475915336   -1.9200295866147067e+41   10.057793281562393   2.8655383402145553e+41
2.666659682979905   -1.4600295374675021e+41   10.144772917786513   2.40418752743246e+41
2.7222225495825403   -1.7000276043442808e+41   10.231753099611163   2.0189622200074677e+41
2.7777712305714384   -2.470029081490699e+41   10.318732735835281   1.6967383308449868e+41
2.833334097174074   -1.2700305559067138e+41   10.423108299304229   1.3783091165334228e+41
2.8888827781629725   -2.3700309108587184e+41   10.527483862773176   1.1204128856092766e+41
2.9444456447656076   -1.690030244641112e+41   10.63185997184265   9.112540218031918e+40
2.9999943257545056   -2.140031568885128e+41   10.73623444411054   7.4143730281381e+40
3.0555571923571407   -2.2400324699171347e+41   10.858007026025364   5.830960732030777e+40
3.1111053277455127   -1.2700346515067552e+41   10.997173898383432   4.432385464008126e+40
3.166668739948675   -1.8000366965763794e+41   11.153737243586852   3.2561812654380077e+40
3.222216875337046   -1.470032357970732e+41   11.327697061635622   2.311907326053575e+40
3.2777797419396797   -1.5900334392091464e+41   11.536448188573512   1.5325154667576335e+40
3.388891289531213   -2.2300351102139616e+41   11.779991715601577   9.482002343505159e+39
3.444439970520113   -1.1600350255715598e+41   12.110514333253242   4.9362004953588117e+39
3.5000028371227483   -1.4600336330675436e+41   12.580204368863496   1.946750739942882e+39
3.555551518111647   -3.680333501981048e+40   13.397814040571294   3.8169833450130146e+38
3.6111143847142824   -3.623377357393043e+39   15.95501698236205   1.003882233785447e+36
3.6666625201026517   -5.950360781407715e+40   18.216489160990786   -1.2269671776365955e+36
3.7222259323058156   -4.600314487475243e+40   18.233885088235613   2.3342192779967413e+42
3.777774067694185   -1.130030659661916e+41   18.303468797214908   1.9664706679553538e+42
3.8333369342968204   -3.500318228123289e+40   18.373052506194206   1.667036690222577e+42
3.888885615285719   -4.800261681538709e+40   18.442636215173508   1.420621971970492e+42
3.9444484818883545   -3.610216829257462e+40   18.52961639699815   1.1703355030202904e+42
3.9999971628772544   -7.850227729014359e+40   18.616596033222276   9.695919609110555e+41
4.055560029479888   6.767979069845609e+39   18.703575669446394   8.069976168951136e+41
4.111108710468788   2.729772036171241e+40   18.79055530567052   6.742276102192966e+41
4.166671577071422   -7.060227436861544e+40   18.87753494189464   5.650749370203312e+41
4.222219712459792   -3.8702055199405283e+40   18.964515123719288   4.7483016264565236e+41
4.2777825790624275   -8.030215698871812e+40   19.05149475994341   3.998644758981805e+41
4.3333312600513265   -4.602089247493613e+39   19.13847439616753   3.3734358259915043e+41
4.388879941040225   5.149766537145606e+40   19.225454032391653   2.850274868533238e+41
4.44444280764286   4.339793368786671e+40   19.312433123015246   2.411279397715256e+41
4.49999148863176   -1.4002173944502428e+40   19.399412759239365   2.0420381263318756e+41
4.555554355234394   -5.740215543239025e+40   19.503788322708314   1.6747042311962934e+41
4.6111024906227644   -8.97018321257228e+40   19.608164431777787   1.3748345685732267e+41
4.6666653572253995   -5.800202431858104e+40   19.712539995246733   1.1295638298999489e+41
4.7222140382142985   -1.0200201121266073e+41   19.816915558715678   9.28637915851227e+40
4.777776904816934   1.0799810619454054e+41   19.938687049429447   7.393882676282937e+40
4.833325585805832   -5.96023117750959e+40   20.060459085743748   5.889966698995242e+40
4.888888452408467   -1.4800201612738073e+41   20.19962650370234   4.543905626146305e+40
4.944437133397366   -1.2400220943970286e+41   20.356189848905757   3.394650088480855e+40
5.000000000000001   -6.010211150025402e+40   20.53014966695453   2.455797113169123e+40
5.055548680988899   -5.959698749504083e+40   20.738900793892423   1.6652733153042387e+40
5.111111547591534   -1.6899674454404634e+41   20.99983915696426   1.0244395130277529e+40
5.166659682979906   -1.0399684147324751e+41   21.330362320216445   5.531056491240083e+39
5.222222549582539   -8.249657949136458e+40   21.800052901427232   2.2983326073755528e+39
5.277771230571439   -1.459968103466869e+41   22.582870718645378   5.274843436189336e+38
5.333334097174075   -6.839679374585517e+40   24.687778460869644   8.81185517931371e+36
5.388882778162973   -1.249967576499662e+41   26.86227154887479   -7.807972965956367e+35
5.444445644765609   1.840316922992047e+40   26.879667476119618   2.5934407450144695e+42
5.499994325754506   -9.22969408325045e+40   26.949251185098916   2.1740929226860095e+42
5.555557192357142   -6.979680636030317e+40   27.01883489407821   1.8335680372819546e+42
5.611105327745511   -3.396890675055886e+39   27.088418603057505   1.5541762337573242e+42
5.666668739948676   -5.559667841375804e+40   27.175398239281627   1.2714438447797279e+42
5.722216875337045   5.310314058802446e+40   27.26237842110628   1.0457143430789842e+42
5.777779741939681   -9.969700750887301e+40   27.349358057330402   8.638029624564769e+41
5.833328422928581   7.52320771763948e+39   27.43633769355452   7.160731027044021e+41
5.888891289531214   -5.239705914073767e+40   27.52331732977864   5.953379708974529e+41
5.944439970520114   -4.2396969037536536e+40   27.61029696600276   4.961457056985359e+41
6.000002837122747   -5.459776156344898e+40   27.697277147827418   4.1429628691846525e+41
6.055551518111648   1.820221178784687e+40   27.78425569285048   3.465128198550045e+41
6.1111143847142815   -8.099786291589784e+40   27.87123587467513   2.902084115292509e+41
6.166662520102653   1.9302016919196864e+40   27.958215510899247   2.4332164554145086e+41
6.222225932305816   6.150212411470202e+40   28.04519514712337   2.041955584903601e+41
6.277774067694186   -1.0299765158293584e+41   28.132174783347498   1.7148862908168639e+41
6.333336934296821   -4.599768407469584e+40   28.236550346816436   1.3918961048811386e+41
6.38888561528572   -1.5899761008085545e+41   28.34092645588591   1.1305097100509044e+41
6.444448481888355   -1.25997995340299e+41   28.44530201935486   9.186883274708313e+40
6.4999971628772535   -1.3799810346414044e+41   28.549677582823804   7.468493434888845e+40
6.555560029479889   -1.0099831616230226e+41   28.671449073537577   5.867635896374602e+40
6.611108710468788   -2.4598310373854296e+40   28.810617037096694   4.455106665275954e+40
6.666671577071423   -1.3399806742286025e+41   28.949784455055287   3.3829381290644723e+40
6.722219712459793   -8.049833623074277e+40   29.12374372750353   2.398408512028816e+40
6.777782579062428   -1.0299806114293997e+41   29.315098381596073   1.6426525022600558e+40
6.833331260051327   -8.159814136209276e+40   29.55864190862414   1.0142556854589202e+40
6.8888941266539625   -1.5498023599939792e+40   29.871769144631504   5.451303624737669e+39
6.944442807642861   -1.0599822469390131e+41   30.306667325752112   2.2955440456104983e+39
6.99999148863176   -3.3098318701574313e+40   31.03729736123579   5.328383822083005e+38
7.055554355234395   -6.709821549245377e+40   33.00303823110199   9.927279884358598e+36
7.111102490622765   5.110175736737021e+40   36.15170379041783   -2.2308494296297e+35
7.166665902825928   -8.019812874764477e+40   36.169099717662654   2.3315847563828787e+42
7.2222140382142985   8.7002012577861e+40   36.23868288104141   1.9649088502815612e+42
7.2777769048169345   -3.7598154468012623e+40   36.308266590020715   1.6659717942554504e+42
7.3333255858058335   -6.899816435206097e+40   36.377850299000016   1.4197227165722546e+42
7.388888452408469   -1.7380361379366604e+39   36.46482993522414   1.1693984347245088e+42
7.444437133397367   -1.5878641363866743e+39   36.55180957144826   9.684966138494469e+41
7.500000000000002   3.8492223957239615e+40   36.6387897532729   8.057133168882538e+41
7.5555486809889   -2.480786857601691e+40   36.725769389497025   6.727681885335444e+41
7.611111547591535   -2.570890058531594e+40   36.81274902572115   5.634749718215817e+41
7.666659682979905   4.3291175046765054e+40   36.89972866194527   4.7313170544533455e+41
7.72222254958254   8.599108196742834e+40   36.98670829816939   3.981091320378401e+41
7.777771230571441   -6.780893861978843e+40   37.004104225414224   3.84681760965599e+41
7.833334097174073   -7.010930064352783e+40
7.888882778162974   -2.6809251796671155e+40
7.944445644765608   -4.570921731171884e+40
7.999994325754508   1.9690962403210668e+40
8.055557192357142   2.9991396509511328e+40
8.111105327745513   -4.700861468512851e+40
8.166668739948676   5.829144672156783e+40
8.222216875337045   1.9499138149231146e+41
8.27777974193968   1.7599148333623173e+41
8.333328422928581   3.50991558422233e+41
8.388891289531216   4.48991485793592e+41
8.444439970520113   7.499914674999118e+41
8.500002837122748   9.229915245652723e+41
8.555551518111647   1.3599915029951123e+42
8.611114384714282   1.5599915302991125e+42
8.666662520102653   2.0599913937791113e+42
8.722225932305815   2.6899914729607122e+42
8.777774067694185   3.179991655897514e+42
8.833336934296822   3.07999130094551e+42
8.888885615285723   2.8299915057255123e+42
8.944448481888356   2.8199914156223117e+42
8.999997162877252   2.3499914128919112e+42
9.05556002947989   2.2399913773967112e+42
9.166671577071424   1.1799915193775126e+42
9.222219712459793   1.409991543951113e+42
9.277783124662957   9.269915606065533e+41
9.33333126005133   7.819913462701509e+41
9.388879941040225   7.249915152819128e+41
9.49999148863176   4.8799129111607e+41
9.555554355234396   6.299142081007147e+40
9.611102490622766   1.8499170094911446e+41
9.666665902825928   1.9499179105231556e+41
9.722214038214297   3.189916796519943e+41
9.777776904816934   1.8499211050911856e+41
9.833325585805834   1.0899183528479562e+41
9.888888452408468   2.2299163378127362e+41
9.944437133397363   8.429195402989321e+40
10.0   5.229180221965147e+40
10.0555486809889   3.0991951599836923e+40
10.111111547591536   7.139176953676341e+40
10.166659682979905   1.7591830861547919e+40
10.22222254958254   -6.830805574493937e+40
10.277771230571439   4.0091965333748816e+40
10.333334097174077   2.209920253206379e+41
10.388882778162973   7.389172380256248e+40
10.444445644765606   2.639917301643946e+41
10.499994325754507   1.919919005413564e+41
10.555557192357144   1.5299182217887576e+41
10.61110587334604   1.6719604572545954e+39
10.666668739948674   7.639195110836506e+40
10.722216875337049   1.7691900022580587e+40
10.77777974193968   5.679204754609391e+40
10.83332842292858   1.039920632731981e+41
10.888891289531216   1.0799209931447829e+41
10.944439970520115   6.37923836583374e+40
11.00000283712275   -1.3607904180433562e+40
11.055551518111647   -3.5272672764015135e+39
11.111114384714282   2.919248146126652e+40
11.166662520102651   1.3499288867312664e+41
11.222225932305818   1.0399288239320637e+41
11.277774067694187   4.939279998973367e+40
11.333336934296822   -1.5607103081065611e+40
11.388885615285718   1.5426760159207297e+39
11.444448481888355   -4.720711476717732e+40
11.499997162877253   -6.790736954080412e+40
11.55556002947989   5.28926267458516e+40
11.611108710468791   -6.010743578030864e+40
11.66667157707142   4.489255466329123e+40
11.722219712459793   7.649256634940338e+40
11.777783124662959   9.709261544199598e+40
11.833331260051327   9.499430302034106e+40
11.888879941040226   2.2899387216321677e+41
11.944442807642861   1.9699399339297807e+41
11.999991488631762   3.229421589327641e+40
12.055554355234394   2.209942096406601e+41
12.111102490622766   7.889408969418677e+40
12.16666590282593   7.609542966530514e+40
12.222214038214299   7.638212166826364e+40
12.277776904816934   4.1182214065000445e+40
12.333325585805834   7.548231833897746e+40
12.38888845240847   6.118239427140226e+40
12.444437133397365   -3.6217664213766376e+40
12.500000000000002   -1.3217730016406914e+40
12.555548680988903   -2.4117486928892263e+40
12.666659682979905   -2.5570196263879908e+38
12.722223095183068   -2.4917630657149915e+40
12.833334097174077   7.268215659007993e+40
12.888882778162973   2.1682379663761964e+40
12.944445644765608   -9.011767205001454e+40
12.999994325754507   -3.231769733351886e+40
13.055557192357146   9.818218157324e+40
13.111105873346041   2.1829548225316132e+38
13.166668739948674   -6.861781962813574e+40
13.222216875337045   -9.201762090962174e+40
13.277779741939682   -2.4917630657149915e+40
13.333328422928581   -3.5218064763450577e+40
13.388891289531216   -1.2501791825018494e+41
13.444439970520117   -3.771801902924965e+40
13.500002837122748   -6.981796696052145e+40
13.555551518111647   -1.1401809217666692e+41
13.611114384714284   -1.4901813449786738e+41
13.666662520102653   -9.151795770446514e+40
13.722225932305818   -5.621811746017125e+40
13.777774067694189   1.0998187833501305e+41
13.833336934296824   -4.661789444109665e+40
13.88888561528572   -1.1101779210570363e+41
13.944448481888355   -6.631786716440047e+40
13.999997162877255   5.77820905963109e+40
14.05556002947989   -1.0201798405282547e+41
14.166671577071423   -4.2577858039405397e+39
14.222219712459795   9.708196688188587e+40
14.277768393448692   3.4782019878950355e+40
14.333331260051326   -2.868148709599172e+39
14.388879941040228   3.062280151602703e+39
14.444442807642861   -6.791788158091273e+40
14.499991488631759   -1.4818017472921774e+40
14.555554355234396   1.9281948478989898e+40
14.611102490622768   -4.5679592471410405e+39
14.666665902825928   6.86286047082474e+39
14.722214038214299   -1.0301731046313868e+41
14.777776904816935   -8.011703586680819e+40
14.833325585805834   -2.591723010746572e+40
14.888888452408471   -3.6116639412723473e+40
14.944437133397367   -1.3601665216369208e+41
15.000000000000002   -1.1501659946697141e+41
15.0555486809889   -2.561661306436314e+40
15.111111547591538   1.1583176039538401e+40
15.166659682979907   6.438324222443503e+40
15.22222309518307   4.2683251480490905e+40
15.277771230571442   6.368330417721157e+40
15.333334097174074   -2.3716664204755936e+40
15.388882778162973   -5.991671733834059e+40
15.44444564476561   -3.767952038886691e+38
15.499994325754509   -2.367256824429731e+39
15.555557192357147   -8.151718500125726e+40
15.611105873346043   2.0982851176543084e+40
15.666668739948676   -2.797021788865539e+39
15.722216875337047   3.228288473315955e+40
15.77777974193968   -3.6317323814794913e+40
15.833328422928583   -4.501774350458332e+40
15.888891289531216   -1.150175551069812e+41
15.944439970520113   6.788211334054317e+40
16.00000283712275   -3.6417666015830186e+40
16.05555151811165   3.0482595474580433e+40
16.111114384714284   7.538224917794479e+40
16.166663065703187   6.648251028609976e+40
16.222225932305815   -1.2617588090213517e+40
16.27777406769419   1.2398227751949699e+41
16.333336934296824   -8.10176583161022e+40
16.388885615285723   6.268247604688294e+40
16.444448481888355   -1.821750202800443e+40
16.499997162877253   -4.901777954586351e+40
16.555560029479892   -1.0001769299218255e+41
16.611108710468788   -1.020190762128368e+41
16.666671577071426   1.0480913548163163e+40
16.722219712459797   -2.611900666954803e+40
16.777783124662957   -3.4719766758307904e+40
16.833331260051327   -6.711951261267357e+40
16.888879941040226   -1.1401959389668238e+41
16.944442807642865   -1.3401950106308115e+41
16.99999148863176   -2.171951310414544e+40
17.055554355234396   -7.151941573808074e+40
17.11110249062277   -7.871948061238543e+40
17.16666590282593   2.428076485057762e+40
17.2222140382143   -1.2701930147083919e+41
17.277776904816935   -1.2701930147083919e+41
17.333325585805834   -1.3601869996371276e+41
17.388888452408473   3.218131385211098e+40
17.44443713339737   -3.3318525463847503e+40
17.500000000000004   -6.911871151330518e+40
17.611111547591538   2.2798130331276714e+41
17.66665968297991   2.7698106221844476e+41
17.722223095183068   3.929812882955672e+41
17.77777123057144   7.099812776470072e+41
17.833334097174074   8.539813464530873e+41
17.944445644765608   1.4599813459070076e+42
17.99999432575451   2.119981285838207e+42
18.055557192357142   2.2899811793526057e+42
18.11110587334604   2.5599814278190084e+42
18.16666873994868   2.3199813131422074e+42
18.222216875337047   2.3399812203086065e+42
18.27778028754021   2.2099812776470067e+42
18.33332842292858   1.549981201195806e+42
18.38889128953122   1.3799814442014086e+42
18.50000283712275   7.299811848134054e+41
18.55555151811165   6.659814272729281e+41
18.611114384714284   5.669810813312446e+41
18.722225932305818   2.8898117034228578e+41
18.77777406769419   2.7098100815652383e+41
18.833336934296828   2.0298121457476626e+41
18.888885615285723   2.0798194222637356e+41
18.944448481888358   -5.994593261862136e+38
18.999997162877257   1.3298153949236947e+41
19.055560029479892   2.9081490700120673e+40
19.11110871046879   -4.611836775594158e+40
19.166671577071423   1.3598170304333124e+41
19.2222197124598   4.518170402627542e+40
19.277768393448696   1.6598156379293006e+41
19.333331260051327   1.7298230946517724e+41
19.38887994104023   7.608218722516825e+40
19.444442807642865   1.8082074186607235e+40
19.49999148863176   3.978206493055092e+40
19.555554355234396   7.638198514826212e+40
19.611103036223298   7.522115557628606e+39
19.666665902825933   6.468208450751911e+40
19.7222140382143   -2.0717865853808526e+40
19.777776904816935   1.0798199683437382e+41
19.833325585805838   1.5298212925877541e+41
19.88888845240847   1.4198271274526153e+41
19.94443713339737   1.5598242932973872e+41
20.000000000000004   1.7898277308710233e+41
20.055548680988903   1.019823523324579e+41
20.111111547591538   8.87822333962327e+40
20.16665968297991   2.7698188133845305e+41
20.22222309518307   3.2098227779253687e+41
20.27777123057144   7.45819689296856e+40
20.333334097174077   1.7598206345613486e+41
20.388882778162976   -1.2417859328152314e+40
20.44444564476561   9.598216175053587e+40
20.555557192357142   2.2898185840309274e+41
20.611105873346045   9.66822363177604e+40
20.66666873994868   1.459822027065365e+41
20.72221687533705   2.08982087756695e+41
20.833328422928584   1.2398200447949438e+41
20.88889128953122   1.4098202113493442e+41
20.944439970520115   2.239820863914952e+41
21.00000283712275   6.558202435680638e+40
21.055551518111653   1.4798222072717638e+41
21.111114384714288   1.6882063374223045e+40
21.166663065703183   9.098198017893423e+40
21.222225932305815   7.358209643936764e+40
21.277774067694192   1.4298203915557429e+41
21.333336934296824   1.349819670730139e+41
21.388885615285723   2.499819110998134e+41
21.444448481888358   2.0498177867541224e+41
21.499997162877257   1.3198180352205258e+41
21.555560029479892   1.5898177376069178e+41
21.611108710468788   9.798190673117314e+40
21.666671577071426   2.8298166236037095e+41
21.722220258060325   3.0498186058741307e+41
21.777768393448692   2.0198202468445416e+41
21.83333126005133   3.039817150570916e+41
21.88887994104023   3.168192368695744e+40
21.944442807642865   2.2898158536309013e+41
21.99999148863176   2.129818507579726e+41
22.0555543552344   1.4998155614780994e+41
22.111103036223298   2.089818147166924e+41
22.166665902825933   2.0597973988571105e+41
22.222214038214304   2.079811231063653e+41
22.277776904816935   5.168087521334686e+40
22.333325585805834   2.139809041282832e+41
22.38888845240847   1.4298081047556188e+41
22.44443713339737   1.0798076815436143e+41
22.500000000000007   1.6598088119292287e+41
22.555548680988906   1.7698166290645068e+41
22.611111547591538   1.2998151246140921e+41
22.66665968297991   2.209816498005308e+41
22.72222309518307   2.0898154167668938e+41
22.777771230571442   1.729816268651705e+41
22.833334097174077   1.6298153676196936e+41
22.88888277816298   2.049815056354092e+41
22.94444564476561   2.7498172679781164e+41
22.999994325754507   9.668155371775368e+40
23.055557192357142   6.0881367668296e+40
23.111105873346045   1.8898136147028755e+41
23.16666873994868   -3.4518263236228643e+40
23.222216875337047   -5.571831773501313e+40
23.277780287540214   1.349816940330113e+41
23.333328422928584   7.418155576555386e+40
23.38889128953122   5.188155961541785e+40
23.444439970520115   1.5198157416845026e+41
23.50000283712275   3.8181640954034537e+40
23.555551518111653   -4.75185168903911e+40
23.611114384714288   3.698135710164774e+40
23.666663065703183   9.6581484556721e+40
23.722225932305818   2.0481276691366902e+40
23.77777406769419   6.818150170363335e+40
23.833336934296824   8.688160193661787e+40
23.888885615285723   5.228142669954439e+40
23.94444848188836   -5.851847948391065e+40
23.99999716287726   1.3598156652332972e+41
24.055560029479892   3.268152313727324e+40
24.11110871046879   1.6098151874132949e+41
24.16665684585716   2.3298175792437183e+41
24.222220258060325   1.5298144665876824e+41
24.277783124662964   -4.531836054768545e+40
24.33333126005133   1.4298135655556754e+41
24.388879941040233   -2.4518582693031646e+40
24.44444280764286   -7.95183956606298e+40
24.49999148863176   -8.111841007714205e+40
24.5555543552344   8.071745083300552e+39
24.611103036223298   1.9082083196927169e+40
24.666665902825937   8.268197365327801e+40
24.722214038214304   -1.3701802637402594e+41
24.77777690481694   9.862204901777805e+39
24.833325585805834   -1.571782080220796e+40
24.88888845240847   -5.971780769628765e+40
24.944437133397372   -2.5117905499216777e+40
25.000000000000004   1.9182152357959837e+40
25.055548680988903   -1.2201775469922315e+41
25.166660228580437   -1.2918068613314571e+40
25.22222309518307   -1.0101811156250663e+41
25.277771230571442   8.908189479932505e+40
25.333334097174077   7.318222935524066e+40
25.388882778162976   -8.191773468539099e+40
25.444445644765615   -9.081747357723646e+40
25.49999432575451   -8.96160975648379e+40
25.555557192357146   -2.501606157816561e+40
25.611105873346045   6.714053669288678e+39
25.66666873994868   -7.641611514861424e+40
25.72221687533705   1.0798404463439539e+41
25.777780287540214   3.278391313833007e+40
25.833328422928584   -5.881582004697927e+40
25.888891289531216   4.358414696978841e+40
25.944439970520115   9.458392389610638e+40
26.000002837122754   -6.891597931121263e+40
26.055551518111653   -3.2561385536036273e+39
26.11111438471429   1.1898400722791536e+41
26.166663065703187   3.2098405255255536e+41
26.222225932305818   4.359839965793553e+41
26.27777406769419   4.729837838811926e+41
26.333337479897356   2.9498381828423307e+41
26.388885615285727   7.209838341205535e+41
26.444448481888358   7.469837953488732e+41
26.49999716287726   1.1999837814238328e+42
26.555560029479892   1.5399842510526376e+42
26.61110871046879   1.929983942517434e+42
26.666671577071426   2.9299839425174347e+42
26.72222025806033   2.9599838032670326e+42
26.777768393448696   2.6899839643606342e+42
26.83333126005133   3.119984016238235e+42
26.888879941040226   2.4299840790374356e+42
26.944442807642865   2.1499838769878333e+42
26.999991488631764   2.349983904291834e+42
27.1111030362233   1.2599839124830342e+42
27.166665902825933   1.4699840298902352e+42
27.222214038214304   8.369840601976756e+41
27.277777450417467   6.919842554212777e+41
27.333325585805838   5.739840113235153e+41
27.38888845240847   3.309841426557565e+41
27.44443713339737   2.8098410169975585e+41
27.500000000000004   2.15984198628957e+41
27.555548680988906   1.2098402524855523e+41
27.611111547591545   2.089839990367146e+41
27.72222309518307   2.948395166427442e+40
27.777771230571442   1.3398386934271356e+41
27.83333409717408   7.978406358337154e+40
27.888882778162976   1.6483971050114567e+40
27.944445644765608   5.408376375814461e+40
27.99999432575451   2.0283868769329416e+40
28.055557192357153   2.988395526840204e+40
28.111105873346048   5.198381309647271e+40
28.166668739948683   1.4398382292591316e+41
28.22221687533705   1.4298722691562827e+41
28.277780287540214   1.0598716657378749e+41
28.33332842292858   9.998711251186698e+40
28.388891289531216   4.2187137795371313e+40
28.444439970520126   1.1598684711698449e+41
28.500002837122754   7.31871440752916e+40
28.555551518111653   -1.621284232731668e+40
28.611114384714288   2.978688954740072e+40
28.666663065703183   1.3298713681242713e+41
28.722225932305818   6.368699021724966e+40
28.77777406769419   2.2998705517346664e+41
28.888885615285723   5.028686947896066e+40
28.944448481888358   8.798700438802554e+40
28.99999716287726   -5.0329463719402944e+39
29.055560029479896   1.8598706827938696e+41
29.11110871046879   1.0998679305506353e+41
29.16665684585716   1.2398691919954487e+41
29.222220258060325   2.209871106005874e+41
29.277768393448696   2.0798767606643276e+41
29.33333126005133   1.429876364756324e+41
29.444442807642865   2.5198766296051247e+41
29.499991488631764   8.45873833129418e+40
29.555554355234403   1.1198763019571256e+41
29.611103036223298   1.3398741886275012e+41
29.666665902825933   1.6598729763298926e+41
29.7222140382143   -1.1612800879844176e+40
29.777777450417464   3.1198738445970966e+41
29.833325585805838   1.5298745353883049e+41
29.88888845240848   2.5698743497211042e+41
29.944437133397376   2.2098752016059155e+41
30.000000000000007   2.8898772330235322e+41
30.055548680988906   2.109874300573904e+41
30.111111547591538   2.639876345643524e+41
30.166660228580437   1.5398759906915194e+41
30.222223095183068   1.8998751388067127e+41
30.27777123057145   1.7398736971554962e+41
30.38888277816298   2.4098770036699337e+41
30.444445644765615   1.6798772521363326e+41
30.49999432575451   1.429876364756324e+41
30.555557192357146   1.2198731073890912e+41
30.61110587334604   2.529873989308298e+41
30.66666873994868   2.0598724848578874e+41
30.777780287540217   1.3898760043435178e+41
30.833328422928588   1.4698767251691303e+41
30.88889128953122   1.6398755265235155e+41
30.944439970520115   1.979878590032347e+41
31.000002837122757   -2.2022041427267603e+39
31.055551518111653   1.858788079182716e+40
31.16666306570319   8.598766896739286e+40
31.222225932305818   3.06876485166967e+40
31.277774067694192   1.9987210806267975e+40
31.33333747989736   2.089874120367501e+41
31.38888561528573   3.1687521007015106e+40
31.44444848188836   6.158731259558126e+40
31.49999716287726   3.158745184598244e+40
31.555560029479892   -9.252643095487124e+39
31.611108710468788   9.808757321226392e+40
31.666671577071423   3.128765392288857e+40
31.722220258060332   6.11875820314558e+40
31.7777683934487   2.7798748766883066e+41
31.833331260051335   1.2998738282146995e+41
31.88887994104023   1.0998720261506812e+41
31.944442807642865   5.16872916534128e+40
31.99999148863176   1.3198740084211026e+41
32.05555435523439   -9.28125768778254e+40
32.111103036223305   5.328757910992766e+40
32.16666590282594   8.788734478699745e+40
32.222214038214304   1.6598729763298926e+41
32.27777745041747   -1.2712606011193728e+40
32.33332558580584   1.0598757613379207e+41
32.38888845240847   1.2098757476859179e+41
32.50000000000001   -6.621247372331274e+40
32.555548680988906   -2.181261974510607e+40
32.61111154759154   -5.811233247971925e+40
32.66666022858044   -1.7901267096741114e+41
32.722223095183075   2.0087279967300643e+40
32.777771230571446   -1.9312665479306545e+40
32.83333409717408   3.9975786812553875e+39
32.88888277816298   -1.2401272147981147e+41
32.944445644765615   -1.6901258086420957e+41
32.999994325754514   -1.910127790912517e+41
33.05555719235714   -3.571267672855472e+40
33.11110587334605   -1.6001263629133034e+41
33.16666873994868   -2.431243749090406e+40
33.22221742093758   4.0587396418861668e+40
33.27778028754022   4.1092520424074856e+40
33.33332842292859   5.739287207229449e+40
33.388891289531216   -5.300744006703661e+40
33.444439970520115   8.539271480125299e+40
33.50000283712275   -6.910738035318831e+40
33.555551518111656   -2.6407336912523506e+40
33.61111438471429   -1.1100728006559502e+41
33.722225932305825   6.639268012517264e+40
33.83333747989735   -7.810718840606601e+40
33.88888561528572   -1.0100746300239694e+41
33.999997162877264   -5.690713390728153e+40
34.0555600294799   1.6092841246078127e+40
34.11110871046879   -3.700743242191651e+40
34.166671577071426   8.529264564022033e+40
34.222220258060325   -1.3700737781391626e+41
34.277768393448696   6.109270063047667e+40
34.33333126005133   -2.3772227845326732e+39
34.38887994104024   5.549292321268684e+40
34.44444280764287   2.1292478539738369e+40
34.499991488631764   5.942988701332031e+39
34.5555543552344   1.2099276252864533e+41
34.6111030362233   -4.660724588098652e+40
34.66666590282593   4.919266166766833e+40
34.722214038214304   -7.810718840606601e+40
34.77777745041747   -3.5307485364373114e+40
34.833325585805845   1.3999266068472416e+41
34.88888845240847   -5.550739433283614e+40
34.94443713339738   6.189284435873433e+40
35.000000000000014   1.2099276252864533e+41
35.055548680988906   -4.390715329312212e+40
35.11111154759155   1.5399278682920548e+41
35.16666022858045   1.9799277372328517e+41
35.222223095183075   2.3299295256448716e+41
35.277771230571446   1.3599262464344397e+41
35.333334642774616   9.739282292509355e+40
35.38888277816299   1.879926836200845e+41
35.44444564476562   2.2099284444064618e+41
35.49999432575452   3.669927947473655e+41
35.555557192357156   3.669927947473655e+41
35.61110587334605   4.749929487419271e+41
35.66666873994868   5.9899283734160585e+41
35.72221742093759   8.579928501744862e+41
35.77778028754022   1.2499929692199274e+42
35.833328422928595   1.5499926688759245e+42
35.88889128953123   1.6399926606847244e+42
35.94443997052013   1.8999928190479258e+42
36.00000283712276   2.8099925541991236e+42
36.055551518111656   2.6799926115375238e+42
36.11111438471429   2.8899928654647266e+42
36.16666306570318   2.1699926579543242e+42
36.22222593230582   2.189992838160726e+42
36.27777461329473   1.6899927016407246e+42
36.33333747989737   1.6299929801415275e+42
36.38888561528573   1.4399924968607226e+42
36.444448481888365   9.549926320155238e+41
36.499997162877264   7.62992540274083e+41
36.5555600294799   6.7799286655688644e+41
36.61110871046879   4.949927193883248e+41
36.666657391457704   5.009927734502453e+41
