### RX-J1302 ###

# sig_time / h # sig_powr / erg/s # fit_time / h # fit_powr / erg/s #

3.091262458379581e-06   1.555993050690774e+40   -0.002570605538571211   2.447365307508631e+40
0.06944697756229216   1.7125590819733993e+41   0.06397411818426325   1.8829079117460679e+40
0.13889174707997132   -2.0961039927086534e+40   0.13656800092914503   1.4247014745514043e+40
0.2083360749887274   1.6244110974226134e+41   0.22126064332704612   1.0362744024013827e+40
0.27778084450640655   1.470544901916352e+41   0.3241020876178599   7.091343309744037e+39
0.3472251724151634   -8.056193968702031e+40   0.44509189219266343   4.569093578142503e+39
0.4166699419328425   3.630356487600417e+40   0.6023784173354463   2.597182357968242e+39
0.4861138282326763   5.512831720812928e+40   0.8201600655700925   1.1951534804235387e+39
0.5555585977503554   9.444713804946203e+40   1.1649815606194356   3.509125566926175e+38
0.6250029256591123   1.473049667009071e+41   1.9211683912231101   2.36191143928588e+37
0.6944472535678684   -8.375386163267384e+39   2.066356156712875   1.4285401284008793e+37
0.7638920230855476   -4.2748422275979306e+40   2.0724053157349225   9.678546920531978e+41
0.8333363509943044   9.51888859364678e+40   2.1570983997417468   7.155490019938214e+41
0.9027811205119836   -7.136476434886263e+40   2.217593081224688   5.699618763830769e+41
0.9722250068118173   -4.3394839551247345e+38   2.27203860368558   4.656022874170157e+41
1.0416697763294964   -1.3353954269680336e+40   2.3264841261464717   3.829972174141674e+41
1.1111141042382533   -5.853567962626172e+40   2.3809292069984407   3.1792585613812153e+41
1.1805588737559325   8.396441335583316e+40   2.435374729459333   2.665211542253678e+41
1.2500032016646885   -1.166356854160746e+41   2.489820251920225   2.2561359304134468e+41
1.3194479711823677   8.585075165958745e+39   2.550314933403166   1.89497995223593e+41
1.3888922990911245   1.1986676528520203e+41   2.6108100564950285   1.6079393527749197e+41
1.4583361853909584   2.4725276252679707e+41   2.6713051795868927   1.3767178633246459e+41
1.5277809549086374   3.9283502023942235e+41   2.737849461700804   1.1711636467211529e+41
1.5972252828173945   8.081519607335656e+41   2.804393743814714   1.0044972721894818e+41
1.6666700523350735   9.212020840259062e+41   2.8769876265595973   8.564190092241653e+40
1.7361143802438304   8.502321580779968e+41   2.949581950913402   7.353962446046369e+40
1.8055591497615087   8.948061927225504e+41   3.028224992680331   6.27781161674813e+40
1.8750034776702655   8.0109322979154e+41   3.112918076687155   5.330027825858353e+40
1.9444482471879438   5.454709284290935e+41   3.20366076132495   4.501974102232687e+40
2.0138921334877775   4.510557110369555e+41   3.30045216337587   3.7834184176508413e+40
2.0833364613965344   2.551846145115718e+41   3.409343208297654   3.1310093994435406e+40
2.1527812309142145   1.5107630129879702e+41   3.5303330128724584   2.553629412151359e+40
2.22222555882297   1.0897113298970219e+41   3.663421577100281   2.053666659363318e+40
2.2916703283406497   9.472426303541882e+40   3.8207085438519868   1.598203369777218e+40
2.3611146562494065   4.696094253553173e+40   4.002193471518653   1.2050919129730442e+40
2.430559425767085   4.1114621424838575e+40   4.2199751197532995   8.650818343156508e+39
2.500003312066919   5.643677658492385e+39   4.480103089186897   5.865428014285579e+39
2.5694480815845986   1.9529115665508302e+40   4.812825382974298   3.5953199973709497e+39
2.6388924094933555   1.1776134391143778e+40   5.25443828007456   1.8917639841377066e+39
2.7083371790110338   1.2474314894504791e+40   5.260487880705531   3.866622116079842e+41
2.7777815069197906   2.048846082616418e+40   5.296785042882433   2.9881821169562474e+41
2.8472258348285475   -4.4278648742019925e+39   5.339131364081385   2.273008041015755e+41
2.9166706043462263   1.2576259696498782e+40   5.381477685280334   1.7693968142678764e+41
2.98611449064606   -2.2644015844915713e+40   5.429873607110256   1.3435704739160015e+41
3.1250035880724965   5.044892138852752e+40   5.478269528940178   1.0477811616748134e+41
3.194448357590175   5.853174945524064e+39   5.5266654507701   8.283135777042606e+40
3.33333745501661   3.351993977060839e+41   5.575061372600021   6.617988212352955e+40
3.402781782925367   5.344972199312202e+41   5.6295068950609135   5.192458535089117e+40
3.472226552443047   2.8915897791013836e+41   5.683952417521805   4.1074910716242365e+40
3.5416704387428806   3.1939148299347897e+41   5.744447099004744   3.1893122411866593e+40
3.6111147666516374   2.65114575029649e+41   5.804942222096608   2.491387129992806e+40
3.6805595361693157   1.578686433318035e+41   5.871486062601598   1.9088626454284774e+40
3.750003864078073   1.353630941220364e+41   5.944079945346479   1.434433951929226e+40
3.819448633595751   8.423113776725644e+40   6.028773029353303   1.0325715913323874e+40
3.888892519895585   1.430126927269615e+40   6.125565314622068   7.122455686773389e+39
3.9583372894132647   2.9524595010254952e+40   6.246555119196872   4.4960014022482623e+39
4.027781617322022   -1.9314873415901436e+40   6.3977924853176065   2.539120527596084e+39
4.0972263868397   -7.140593528676132e+39   6.609524532921282   1.1443219911924096e+39
4.166670714748457   9.543126245912137e+39   6.942246826708684   3.2711816130281957e+38
4.236115042657214   -2.9276179444323483e+40   7.6923836150724645   1.9324729958136722e+37
4.305559812174892   -1.8087893194438377e+39   8.49091676687509   1.270787231333337e+36
4.3750036984747265   9.284310105447614e+39   8.49696636750606   9.798643763283014e+41
4.444448467992405   8.962707086468403e+37   8.581659451512886   7.236890953309524e+41
4.513892795901163   2.0620265342141564e+40   8.642154132995826   5.760118314673211e+41
4.583337565418842   1.562127951798098e+40   8.696599213847795   4.702550338511429e+41
4.652781893327598   4.2560445071738176e+40   8.751044736308689   3.866172520321644e+41
4.722226662845276   3.877017855246301e+39   8.80549025876958   3.2078411954164032e+41
4.791670990754033   5.591435141250379e+39   8.859935781230472   2.688128656252057e+41
4.861115760271713   5.1409512700971716e+39   8.914381303691364   2.27477837908898e+41
4.930559646571547   -9.806974922441204e+39   8.974875985174306   1.910026511250851e+41
5.000003974480303   -6.00937527918588e+39   9.035371108266169   1.6202484608137447e+41
5.069448743997982   2.0279011468047338e+40   9.095865789749107   1.3869003746631359e+41
5.13889307190674   -4.687495806219744e+39   9.162410513471942   1.1795166626498134e+41
5.2083378414244175   2.662355364913549e+39   9.228954353976931   1.0114107929274142e+41
5.2777821693331735   -4.268069871922187e+38   9.301549119939658   8.620959225258018e+40
5.347226938850855   2.138875756366221e+40   9.37414300268454   7.400806292587836e+40
5.416670825150688   -1.0499547742758742e+40   9.452786044451472   6.316075458469406e+40
5.486115594668366   -1.276404518508034e+40   9.537479128458292   5.360938629740808e+40
5.555559922577123   -1.6737304301447377e+40   9.628221371487166   4.526644902609534e+40
5.625004692094802   -2.813072630710778e+40   9.725013215147007   3.8028570802568274e+40
5.6944490200035585   -1.262198388131397e+40   9.83390381845987   3.145877610043613e+40
5.763893347912315   -4.7392111053978785e+39   9.954894064643595   2.564619530685164e+40
5.833338117429994   8.083259426946543e+39   10.087982628871417   2.0614841918450867e+40
5.902782003729828   -1.7093655783735341e+40   10.245269595623125   1.6033215748997744e+40
5.972226773247508   3.670540089853458e+39   10.426754523289793   1.2080892180276747e+40
6.041671101156264   -2.9249722683298397e+40   10.638486570893468   8.744330755242058e+39
6.111115870673943   4.496014998299491e+40   10.898614540327062   5.921430292938568e+39
6.1805601985827   2.3742067285295043e+39   11.001455984617879   5.0838938673567484e+39
6.250004968100379   -1.9744795782562052e+40   11.007505585248847   2.584937227492826e+41
6.319449296009134   -7.020771241424085e+39   11.043802305816827   2.01579457067111e+41
6.388893182308969   2.2691944759816175e+39   11.086148627015778   1.548665016103945e+41
6.458337951826648   -2.6814646232844687e+40   11.128495389823652   1.2177117065796151e+41
6.527782279735406   4.797377636521694e+40   11.170841711022602   9.752963344361465e+40
6.597227049253084   -1.2762990748952374e+40   11.219237632852522   7.703705002081485e+40
6.66667137716184   5.816413467795046e+39   11.267633554682446   6.177314256918154e+40
6.736116146679521   1.1256105664469996e+39   11.322078635534412   4.887320610854296e+40
6.805560032979354   -1.7897184042048543e+40   11.376524157995307   3.9131482658136933e+40
6.875004802497032   -3.3815287330010605e+40   11.437019722696093   3.0910015117986637e+40
7.013893899923467   4.1689241185585036e+40   11.497514404179032   2.4648364409193605e+40
7.0833382278322246   -1.5790947876729967e+40   11.570108286923913   1.8976227514734602e+40
7.152782555740981   2.7673196885464105e+40   11.648751770299768   1.4441138450077886e+40
7.222227325258662   -2.7634566180053887e+40   11.739494454937562   1.0653622839114085e+40
7.291671211558496   5.880096617023834e+40   11.812088337682443   8.413619333494604e+39
7.361115981076174   -1.4483782580638538e+40   11.824186655726539   6.566157621437086e+39
7.43056030898493   -2.94781998206306e+40   11.951226060932315   4.168094476458162e+39
7.500005078502609   1.7566666244892337e+40   12.120612228945964   2.2897394886179923e+39
7.569449406411365   -2.42310380751134e+40   12.356542237464598   1.0003286518701638e+39
7.638894175929045   -7.154397056167606e+39   12.743709612103968   2.579259875989948e+38
7.708338503837802   -1.400003604254385e+40   13.699529289049377   9.202252361228958e+36
7.777783273355482   -1.370230162317987e+40   14.909427776406332   4.38202493513451e+35
7.847227159655315   3.018826669488739e+40   14.915477818646226   7.43683705440284e+41
7.916671487564072   -2.670829197067959e+40   14.988071701391112   5.6135273109704004e+41
7.98611625708175   9.257709557677463e+39   15.04856638287405   4.407261015315177e+41
8.055560584990506   1.9516874620642643e+41   15.103011905334942   3.561432045748343e+41
8.194449682416941   8.548040972703908e+41   15.157457427795833   2.903716395346292e+41
8.263894451934622   9.232495593415564e+41   15.211902508647805   2.393136872548808e+41
8.333338338234455   1.0220261642029287e+42   15.266348031108697   1.9944733901535915e+41
8.402783107752136   9.032325273223573e+41   15.320793553569588   1.6800942135360787e+41
8.47222743566089   8.286733007953517e+41   15.38128867666145   1.4045686991959028e+41
8.541671763569648   6.3184070230814164e+41   15.441783358144395   1.1868710150960805e+41
8.611116533087326   3.55568419676315e+41   15.502278039627331   1.0122994675839747e+41
8.680561302605007   2.7604342206317503e+41   15.568822763350166   8.57692425669907e+40
8.750005630513762   1.0264489965410661e+41   15.635367045464081   7.327495015446661e+40
8.819449516813595   5.619046989124744e+40   15.707961369817882   6.2208146184352e+40
8.888894286331274   7.355655362727953e+40   15.786604411584813   5.251414298547397e+40
8.958338614240034   4.692667336137757e+40   15.871297495591637   4.409820117876473e+40
9.027783383757711   -5.0365141645278834e+39   15.962039738620513   3.6844635305975374e+40
9.097227711666468   -8.691429428123732e+39   16.05883158228035   3.0631581253697914e+40
9.166672481184149   3.5014133278425954e+40   16.167722627202135   2.5062027562937407e+40
9.236116809092904   1.2046309684439982e+40   16.294761590798988   1.998286628250967e+40
9.305560695392737   -6.909576158854015e+39   16.439949356288754   1.5548914353323175e+40
9.375005464910418   6.210657550203636e+40   16.609335082693473   1.169895488705386e+40
9.444449792819173   6.96214938560884e+40   16.808968812253056   8.436668784645663e+39
9.513894562336853   4.684893266140833e+40   16.9057606559129   7.218027650577552e+39
9.583338890245608   1.720556500713758e+41   16.911809814934944   1.9061703293091747e+41
9.652783659763287   2.5325561947355647e+41   16.954156577742822   1.4542367608071717e+41
9.722227987672042   3.552934035626138e+41   16.99650289894177   1.1373173243355794e+41
9.791672757189723   3.4492589998040668e+41   17.038849220140726   9.089432746872373e+40
9.861116643489558   1.2846564397865213e+41   17.081195982948593   7.396954492671105e+40
9.930561413007236   6.479831129178404e+40   17.129591463169593   5.951639972831491e+40
10.000005740915991   2.5837615302590656e+40   17.177987826608433   4.863872395433999e+40
10.06945006882475   2.4739611791126606e+40   17.232432907460407   3.933962884248821e+40
10.138894838342427   -4.9603551187504814e+39   17.292928030552268   3.153734580749801e+40
10.208338724642262   1.1012962279177253e+40   17.359472312666185   2.508130847264567e+40
10.27778349415994   1.4990343282225927e+40   17.432066195411064   1.9796630222826518e+40
10.3472278220687   -9.703400537340645e+39   17.516759279417887   1.5228237768673436e+40
10.416672591586376   -7.291377894954377e+39   17.613551123077727   1.1443044630924272e+40
10.486116919495135   -2.824498884023141e+39   17.728491327021562   8.274490041848992e+39
10.555561689012816   1.926728000340494e+40   17.87367953412025   5.595626739116288e+39
10.62500601692157   2.5906297437643614e+40   18.061213620808967   3.457987335948598e+39
10.694449903221404   2.574094268123561e+40   18.230599347213687   2.2830788107187638e+39
10.763894672739083   1.3572222548138947e+40   18.24269854847563   1.3171928748277884e+39
10.83333944225676   3.742193817630191e+39   18.629865481506076   4.176946166827289e+38
10.902783770165518   1.1287259459154876e+40   19.43444823393968   3.8780920663894495e+37
10.972228098074275   -6.216955409621416e+39   21.297691666000567   4.38202493513451e+35
11.041672867591954   4.045138110044033e+40   21.303741708240462   4.795927784229094e+41
11.111117195500709   1.0809360248678291e+40   21.364236389723402   3.665701452641266e+41
11.18056196501839   -3.097636184260222e+40   21.418681912184294   2.8789088757915062e+41
11.250005851318223   -2.145921306856624e+40   21.46707783401422   2.3400289213645653e+41
11.319450620835903   -3.363842963402419e+39   21.515473314235216   1.921209438881709e+41
11.388894948744658   6.182830022216646e+37   21.569918836696107   1.5592879209482736e+41
11.458339276653417   -6.128766206203951e+39   21.624364359157   1.2829179904033683e+41
11.527784046171094   3.0812492882556167e+40   21.67880988161789   1.068848622948667e+41
11.597228374079851   -1.279275460510587e+40   21.733255404078783   9.004640564404842e+40
11.666673143597531   4.2950490581201487e+40   21.793750527170648   7.527626476194694e+40
11.736117029897365   -2.0295499014773012e+39   21.854245208653587   6.357275256896256e+40
11.805561799415042   -1.851278302503534e+40   21.920789932376426   5.3315790626848885e+40
11.875006127323802   -1.8135917967169846e+40   21.993383815121305   4.444289126005164e+40
11.94445089684148   -3.5542885067612272e+40   22.072026856888236   3.6843846541487427e+40
12.013895224750236   -1.544197744733644e+40   22.156719940895062   3.038623167765864e+40
12.083339994267916   1.3526785936812892e+40   22.253511784554902   2.4613483490721345e+40
12.152784322176672   -3.381571869024458e+40   22.362402387867764   1.9609123375912143e+40
12.222228208476505   4.039305161100626e+39   22.48944179307354   1.5195810784163544e+40
12.291672977994184   2.0629563551631815e+39   22.6346295585633   1.147200981573593e+40
12.361117305902939   3.5345322080391094e+40   22.810064885598994   8.257049582612641e+39
12.430562075420621   9.684804118359259e+39   23.003649014527607   5.801012247759974e+39
12.500006403329376   -1.1637476040335493e+40   23.009698173549655   2.129608027869682e+41
12.569451172847057   7.7919954110941e+39   23.052044494748603   1.6609447645757137e+41
12.638895500755813   5.356942925097852e+40   23.094391257556477   1.3164553800311164e+41
12.70834027027349   3.035846227170025e+40   23.136737578755426   1.0612160119191106e+41
12.777784156573324   -1.822281308988516e+40   23.185133500585348   8.456975088188279e+40
12.847228484482082   1.5866435917698874e+40   23.23352986402419   6.8617032930917595e+40
12.91667325399976   2.8811652401104506e+40   23.281925344245195   5.652089130387195e+40
12.98611802351744   -2.9369497041635608e+40   23.336370866706087   4.612295961964075e+40
13.055562351426198   5.601260568805055e+39   23.39686598979795   3.7352249074297685e+40
13.125006237726032   -9.42234538036102e+38   23.463410271911858   3.005061238798468e+40
13.194451007243709   3.874146913243681e+40   23.536004154656737   2.4028658443066897e+40
13.263895335152467   3.9623888384676677e+40   23.61464763803259   1.909682084091069e+40
13.333340104670146   6.19145722689507e+38   23.705389881061464   1.483499485112083e+40
13.402784432578901   -1.3841774765541272e+40   23.81428092598325   1.1104533204794543e+40
13.472229202096583   -4.206433287359923e+39   23.947369490211074   7.90815275738943e+39
13.541673530005339   3.1796761078960457e+40   24.110705615984827   5.294318704673895e+39
13.611117416305172   1.0989620897620455e+40   24.32243810519742   3.200587191341531e+39
13.680562185822852   -3.0044719594759516e+39   24.612813636176952   1.6366863127452725e+39
13.750006513731607   -1.8519301357461826e+40   25.114921656369077   3.799653820033555e+38
13.819451283249286   -1.864391653620401e+40   26.167533176974334   3.0192151793673185e+37
13.888895611158041   -1.2555266831772106e+40   27.62546087411187   6.134834910076492e+35
13.95834038067572   3.3321907080021033e+40   27.631510474742832   3.079086347801321e+41
14.02778470858448   1.5229666733000302e+41   27.67990639657276   2.39066584868868e+41
14.097229478102157   3.6593879899341624e+41   27.72830231840268   1.871096163537175e+41
14.236118133919673   9.942602727960464e+41   27.7766982402326   1.4841743169518674e+41
14.305562461828426   1.0833261439960982e+42   27.82509416206252   1.195129817488666e+41
14.375006789737183   9.924624591981148e+41   27.873490525501367   9.766486273306919e+40
14.444451559254865   9.524391791655691e+41   27.921886005722364   8.088990162354049e+40
14.51389588716362   7.406681923398858e+41   27.97633108657433   6.636221818102195e+40
14.583340656681298   4.229352415176366e+41   28.03077660903522   5.513941412326684e+40
14.652784542981133   3.079490297078753e+41   28.09127217373601   4.544374575491384e+40
14.722229312498817   1.385868887960986e+41   28.157816455849925   3.7197957976381037e+40
14.791673640407568   1.9848748806090732e+41   28.230409896985883   3.0264981047742337e+40
14.861118409925249   2.7833471176892613e+40   28.309053821970657   2.448596656515012e+40
14.930562737834   5.00791018811525e+40   28.399796064999535   1.9403825507767425e+40
15.000007065742759   3.016152236037262e+40   28.50263750929034   1.5087443307552852e+40
15.069451835260441   -1.0824314070127184e+40   28.623626872256224   1.1362897394886496e+40
15.208340491077951   2.1526025975938225e+40   28.768814637745987   8.193422580574983e+39
15.277784818986706   -1.5907031708619845e+40   28.950299565412653   5.522315461975236e+39
15.34722958850439   3.9745723686354765e+40   29.186229573931293   3.35820862820746e+39
15.416673916413144   4.0802124899684824e+40   29.24672513863208   2.9619421134506886e+39
15.486118685930823   -2.805854536126695e+39   29.252774297654124   3.160004820227429e+41
15.555563013839583   -3.415865007636021e+40   29.30117066109297   2.462517911526918e+41
15.62500778335726   5.172967785251004e+39   29.349566141313968   1.934186805722926e+41
15.694451669657093   5.500513989683409e+40   29.397962063143893   1.539300190618087e+41
15.763895997565848   1.6390366058046146e+41   29.44635842658273   1.243290462522735e+41
15.833340767083532   2.3831938793625396e+41   29.494754348412652   1.0188348195701258e+41
15.902785094992286   2.3070017626337747e+41   29.54314982863365   8.4599767752678975e+40
15.972229864509965   1.430453323180072e+41   29.597595351094544   6.958922898271336e+40
16.041674192418718   1.6780449910641338e+41   29.652040873555435   5.7961175259087395e+40
16.111118961936402   7.936654462047776e+40   29.7125359966473   4.788795162244531e+40
16.180562848236235   3.0029238555246196e+40   29.779080278761214   3.929690409938458e+40
16.250007617753912   2.845764943564666e+40   29.851674161506093   3.205284722070101e+40
16.319451945662667   1.3724205137289558e+40   29.93031764488195   2.599671348129995e+40
16.38889671518035   5.435138949758667e+38   30.02105988791082   2.0654849806095666e+40
16.458341043089106   -1.9968911388638545e+40   30.12390089059271   1.6103415788436216e+40
16.52778492938894   -1.5526092692987438e+40   30.244891136776435   1.216292368703631e+40
16.59722969890662   -1.837388502965265e+40   30.390078902266204   8.797747639184395e+39
16.66667402681537   -8.460603773960962e+39   30.565514229301897   6.027738217830647e+39
16.736118796333056   3.749613213656766e+40   30.78934547816751   3.773142569181376e+39
16.80556312424181   1.7627008748752448e+40   31.001077525771187   2.3591507635679632e+39
16.875007893759488   -7.261901612290345e+39
16.94445222166825   -9.734170900707052e+39
17.013896991185923   -3.850081805071959e+39
17.08334087748576   -4.209054999004991e+40
17.152785205394515   -1.2791987742467592e+40
17.2222299749122   -1.0339656882649707e+40
17.291674744429876   1.3104004978472306e+40
17.36111907233863   4.396236583258851e+40
17.430563400247387   -4.483203599346464e+40
17.500008169765067   -4.242667547024848e+39
17.569452056064904   -7.327132865470265e+39
17.638896825582577   -1.408271342074796e+40
17.708341153491336   1.9431532394770136e+40
17.777785923009016   -1.8454309748856314e+40
17.84723025091777   6.524083896306432e+39
17.916674578826527   -3.7212009529019595e+38
17.986119348344204   -6.087451481560092e+38
18.05556323464404   -1.2502736741040633e+40
18.12500800416172   -8.916216039007719e+38
18.19445233207048   -4.483730817410381e+40
18.263897101588153   2.43889638497119e+40
18.333341429496915   -3.2571771632907475e+40
18.402786199014592   5.214522154469914e+40
18.472230526923347   1.0252282470785469e+40
18.54167529644103   1.825938285195461e+40
18.611119182740865   1.4814156591050233e+40
18.68056351064962   -2.43799052847955e+40
18.750008280167297   4.948593363033938e+40
18.819452608076052   2.587706079955399e+40
18.888897377593736   -2.0712480574411886e+39
18.95834170550249   3.9504928817893916e+39
19.09723036132   3.815084111411349e+40
19.166675130837685   1.0771688121566148e+40
19.236119458746437   6.660489588114271e+39
19.305563786655195   -3.6557300551489204e+40
19.37500855617287   1.9347608864778822e+40
19.444453325690553   1.9160063020771668e+40
19.51389721199039   1.6235200988946042e+40
19.583341539899145   5.376378100090285e+39
19.652786309416822   -2.541401955269662e+40
19.72223063732558   -4.515517273772641e+40
19.79167540684326   1.5365339112410338e+40
19.861119734752013   -1.4037180951592012e+40
19.930564504269697   -3.937647932595834e+40
20.00000839056953   -2.441724190950323e+40
20.069452718478285   -7.060743956451177e+39
20.138897487995962   4.1988844832630326e+40
20.208341815904717   2.1554078769829644e+41
20.2777865854224   5.266132010035165e+41
20.347230913331156   8.068990988980567e+41
20.416675682848833   9.130699371057608e+41
20.486119569148666   9.806404089064962e+41
20.55556433866635   8.605608871680492e+41
20.625008666575106   8.378813080682769e+41
20.694453436092783   5.431849109039817e+41
20.763897764001538   4.110182919745142e+41
20.833342091910296   2.5406475541491303e+41
20.902786861427977   1.2609392955369759e+41
20.972230747727806   1.1948203988529271e+41
21.041675517245487   9.66641379371166e+40
21.25000894258068   -5.833428232584481e+38
21.38889804000712   8.165984734065601e+39
21.45834192630695   3.5763597720731013e+40
21.52778669582463   -2.733721519200705e+39
21.597231023733382   1.194901398719117e+40
21.666675793251066   3.4043668609513248e+40
21.73612012115982   5.234681056077229e+40
21.8055648906775   1.374818397341442e+41
21.87500921858626   3.3267009300893513e+41
21.944453988103938   3.1799862079754495e+41
22.013897874403774   3.522595991072185e+41
22.083342643921448   1.6970056697989179e+41
22.152786971830206   8.3847370945645205e+40
22.222231299738965   7.005975585394187e+40
22.291676069256642   -2.1441095938733669e+40
22.361120397165397   -1.4184418578167657e+40
22.430565166683078   -4.5046469958729407e+39
22.500009052982914   1.8810517444399545e+40
22.569453822500588   3.0689219713431083e+40
22.638898150409346   -1.8614152680050734e+40
22.708342919927027   5.913268219026713e+40
22.777787247835786   -4.335122423868798e+39
22.847232017353463   2.2322892115080872e+39
22.916675903653296   -2.0962477794533641e+40
22.986120231562047   -2.952296542714805e+40
23.055565001079728   4.3629691234261525e+39
23.12500932898849   -1.4140036402969349e+40
23.194454098506164   -2.818526941226485e+40
23.263898426414922   3.297384730001085e+40
23.333343195932606   2.325808110262584e+40
23.402787082232436   1.926636935402193e+40
23.472231851750113   2.2879250959249365e+40
23.541676179658868   -1.5007981122907576e+39
23.611120507567627   1.5065399962960637e+40
23.680565277085307   -7.165420706594761e+39
23.750009604994066   6.120570361756061e+39
23.81945437451174   2.9309154537775605e+40
23.888898260811576   1.3069639946488465e+40
23.958343030329253   1.9587541012772603e+40
24.02778735823801   4.523090042326983e+40
24.097232127755692   7.913543139282942e+38
24.16667645566445   1.6017843359870777e+40
24.236121225182128   3.943605496718017e+40
24.305565553090883   -1.969542900021426e+40
24.375009439390716   4.727516450162339e+39
24.444454208908393   3.392787235111272e+40
24.513898536817155   2.6105921368205775e+39
24.583343306334836   1.2063755809463838e+40
24.652787634243587   6.626714081783614e+40
24.72223240376127   4.2728292131720916e+40
24.791676731670023   8.29750167655352e+39
24.861121501187704   -2.2519208950513736e+40
24.930565387487533   3.042743198024267e+40
25.000010157005217   -1.2813459896342972e+40
25.069454484913976   2.210217946196158e+40
25.13889881282273   -1.1676490177064735e+40
25.208343582340405   2.633693873802856e+39
25.277787910249167   1.0702910128683518e+40
25.347232679766847   -1.0922520416758452e+39
25.416676566066677   -7.387619156075331e+39
25.486121335584357   -8.90600718013479e+39
25.55556566349312   -1.4531951140113853e+40
25.625010433010793   -4.2021436494762866e+40
25.694454760919545   1.0800972688570721e+40
25.76389864721938   -4.658067452470771e+39
25.833343416737065   2.4930320943517214e+40
25.90278774464582   -1.4457421677442906e+40
25.972232514163498   -1.467132842464558e+40
26.041676842072253   3.9248509123173124e+39
26.111121611589937   2.3064831717745096e+39
26.18056593949869   -1.3151310817479444e+40
26.25001070901637   -8.838858770358726e+39
26.319454595316206   -1.278575698353035e+40
26.388899364833883   -5.542260074562045e+39
26.45834369274264   7.5733245297502475e+40
26.597232790169073   5.319926944830751e+41
26.666677118077832   1.0146879597581162e+42
26.736121887595512   1.0450861551002693e+42
26.805565773895346   1.026177862669472e+42
26.875010543413023   8.036623634169712e+41
26.944454871321785   6.462841287424335e+41
27.01389964083946   3.4352163070272614e+41
27.083343968748217   1.763826725086264e+41
27.222233066174653   1.2212872249503372e+41
27.361121721992163   4.694445498880584e+40
27.430566049900918   1.6415557495718104e+40
27.500010819418602   2.0577656536794664e+40
27.56945514732736   2.686046627548999e+40
27.638899916845034   2.154931942857996e+40
27.708344244753793   6.41897578592876e+39
27.777789014271477   6.109259137839329e+39
27.847232900571306   1.3504930351619927e+39
27.916677228480058   -1.2711467165434033e+40
27.98612199799774   -5.555296739415017e+39
28.0555663259065   2.330495558139889e+40
28.125011095424174   4.0328012073485467e+40
28.194455423332933   -1.2811398952994324e+38
28.263900192850617   4.508524445088624e+40
28.33334407915045   -1.9173003827794855e+39
28.402788848668123   3.9833721174120654e+38
28.472233176576882   -1.6436646218274342e+40
28.54167794609456   2.7245623035633495e+40
28.611122274003318   5.888397905084641e+40
28.680566601912076   3.32505888546486e+40
28.75001137142975   2.689924076764483e+40
28.819455257729587   2.194113830789468e+40
28.888900027247267   7.03356826170265e+39
28.958344355156022   -5.016268990873929e+40
29.027789124673703   6.804899408710652e+39
29.097233452582454   -5.583431012461837e+39
29.166678222100142   9.795141273352415e+40
29.23612210839997   3.539691755728177e+41
29.305566877917652   7.76175418294812e+41
29.375011205826404   7.220923827917558e+41
29.444455533735166   7.465450920982858e+41
29.513900303252846   5.426229923056838e+41
29.652789400679282   1.737921146582343e+41
29.722233286979115   1.4005035028368174e+41
29.791678056496792   3.3139202056418963e+40
29.861122384405547   2.5062892322132994e+40
29.93056715392323   1.4606240958210172e+40
30.00001148183199   2.7183842664326275e+40
30.06945580974074   2.9787341321741993e+39
30.138900579258415   2.601792388044777e+40
30.208344465558252   2.3422860712055682e+39
30.277789235075936   -8.586369246660786e+39
30.347233562984687   -8.654667950394713e+39
30.416678332502368   -1.0309365808432336e+40
30.48612266041112   -1.7140050973359467e+40
30.555567429928804   5.675320328109856e+40
30.62501175783756   5.1972773308885835e+40
30.694456527355236   1.9348711229821404e+40
30.763900413655072   3.2040527540146303e+40
30.83334474156383   6.692362316523371e+39
30.90278951108151   3.28021179979211e+40
30.972233838990263   1.0644508745876692e+41
31.041678608507947   1.5337875844172122e+40
31.1111229364167   5.455983234849004e+40
31.18056770593438   -1.5639492505643116e+40
31.250011592234216   -3.9703833814731307e+40
31.319456361751897   1.510968628032894e+40
31.38890068966065   9.747308216281336e+40
31.45834545917833   7.481128469046916e+39
31.527789787087084   3.223267455998391e+40
31.59723411499584   2.496722620799086e+40
31.666678884513523   1.2252595734173256e+40
31.73612277081336   2.225301175715455e+40
31.805567540331033   6.473758535661123e+38
31.875011868239785   8.100542593659821e+40
31.94445663775747   -9.289198854767334e+40
32.01390096566623   1.2390199648853794e+40
32.083345735183904   -1.4481961281872292e+40
32.15278962148374   6.683730318949688e+40
32.2222339493925   -4.859968006490711e+40
32.29167871891018   4.8724055599075337e+39
32.361123046818925   -9.984570723715104e+40
32.43056781633661   2.782609012399906e+39
32.50001214424537   5.572330675770865e+40
32.56945691376305   4.697623185938515e+40
32.63890080006288   6.083200186807736e+40
32.708345569580565   -1.1981203046438504e+41
