# R/R500 # T/Tavg # T_err/Tavg #
1.663372755948904977e-02 5.566759398000755699e-01 2.696066499138899744e-02
4.070706965992191423e-02 8.497207001405131521e-01 4.674296765829549088e-02
6.667112371131801718e-02 8.416113179262841859e-01 4.136756127111298337e-02
9.288689938634295262e-02 9.178954755024982815e-01 4.338942322125850098e-02
1.333422474226360066e-01 1.021028397369294405e+00 4.912423365466784403e-02
1.857737987726859052e-01 1.059538763954469553e+00 5.140400573259209377e-02
2.383730274328213772e-01 1.004741770158008585e+00 5.255691568598232222e-02
3.190531615204779126e-01 1.007934846290289510e+00 4.772698703562783251e-02
4.241206292334031014e-01 1.027865132071788867e+00 5.112763036837530278e-02
5.294081551103971828e-01 9.097530432316973670e-01 4.299027395109875083e-02
6.624863216518709352e-01 6.433819259487519870e-01 4.916484687096175921e-02
8.482412584668062028e-01 7.375917732085152112e-01 4.997493589002367093e-02
