# R/R500 # K/K500 # K_err/K500 #
1.649635627530364121e-02 3.101137986049440354e-02 1.697758318890656886e-03
4.037004048582995552e-02 6.444146316809268304e-02 1.669531247776840852e-03
6.611902834008097363e-02 9.902685677470290937e-02 2.594502139338712710e-03
9.212145748987854432e-02 1.352483418773321733e-01 3.611477622055973662e-03
1.182024291497975610e-01 1.678137040570353844e-01 4.377266147718732528e-03
1.443157894736842028e-01 2.106766026825560301e-01 5.440424173268944459e-03
1.842348178137651893e-01 2.747054847064934746e-01 6.644818609925705680e-03
2.363967611336032226e-01 3.588864604215437626e-01 8.500573217444075749e-03
2.886396761133603328e-01 4.334731321036100482e-01 1.039543552558972947e-02
3.684696356275303786e-01 5.418552578285418253e-01 1.284528853366508419e-02
4.728016194331984279e-01 6.514690949072015069e-01 1.626360065487528900e-02
6.048340080971660315e-01 7.855322739051084913e-01 1.990155005740209399e-02
7.890607287449392659e-01 9.795620096044866942e-01 3.367073205539459352e-02
