# R / kpc # Z # Z_err #
1.423900032043457031e+01 8.000000119209289551e-01 9.499999880790710449e-02
4.271599960327148438e+01 5.180000066757202148e-01 7.999999821186065674e-02
7.119300079345703125e+01 6.110000014305114746e-01 7.100000232458114624e-02
9.966999816894531250e+01 5.109999775886535645e-01 6.400000303983688354e-02
1.423860015869140625e+02 2.669999897480010986e-01 3.900000080466270447e-02
1.993399963378906250e+02 2.389999926090240479e-01 3.900000080466270447e-02
2.562940063476562500e+02 2.029999941587448120e-01 5.099999904632568359e-02
3.417260131835937500e+02 2.759999930858612061e-01 4.300000146031379700e-02
4.556340026855468750e+02 2.020000070333480835e-01 4.600000008940696716e-02
5.695430297851562500e+02 2.060000002384185791e-01 5.299999937415122986e-02
7.119290161132812500e+02 1.190000027418136597e-01 1.239999979734420776e-01
9.112689819335937500e+02 2.329999953508377075e-01 1.630000025033950806e-01
