# R/R500 # fgas # fgas_err_lo # fgas_err_hi #
2.122216299176216125e-02 4.731444269418716431e-02 4.503787308931350708e-02 4.445861279964447021e-02
2.316891960799694061e-02 4.988394305109977722e-02 4.753672331571578979e-02 4.705412685871124268e-02
2.529425732791423798e-02 5.257050320506095886e-02 5.020476877689361572e-02 4.987859353423118591e-02
2.761455625295639038e-02 5.539080873131752014e-02 5.306806042790412903e-02 5.264425650238990784e-02
3.014770336449146271e-02 5.832479149103164673e-02 5.600216239690780640e-02 5.560210719704627991e-02
3.291321918368339539e-02 6.130917370319366455e-02 5.906999483704566956e-02 5.850642174482345581e-02
3.593242540955543518e-02 6.445573270320892334e-02 6.217623502016067505e-02 6.169085577130317688e-02
3.922858461737632751e-02 6.766781955957412720e-02 6.535869091749191284e-02 6.504974514245986938e-02
4.282711446285247803e-02 7.092361152172088623e-02 6.856007874011993408e-02 6.839573383331298828e-02
4.675574228167533875e-02 7.425064593553543091e-02 7.183746993541717529e-02 7.177062332630157471e-02
5.104475095868110657e-02 7.750126719474792480e-02 7.508883625268936157e-02 7.501709461212158203e-02
5.572720244526863098e-02 8.064141869544982910e-02 7.823303341865539551e-02 7.821155339479446411e-02
6.083918362855911255e-02 8.366068452596664429e-02 8.123239874839782715e-02 8.117555826902389526e-02
6.642010062932968140e-02 8.650118112564086914e-02 8.406104892492294312e-02 8.405327051877975464e-02
7.251296937465667725e-02 8.910337090492248535e-02 8.666125684976577759e-02 8.667286485433578491e-02
7.916474342346191406e-02 9.140110760927200317e-02 8.904311060905456543e-02 8.894542604684829712e-02
8.642670512199401855e-02 9.343259781599044800e-02 9.106505662202835083e-02 9.099534898996353149e-02
9.435482323169708252e-02 9.518363326787948608e-02 9.281819313764572144e-02 9.284015744924545288e-02
1.030102074146270752e-01 9.660530835390090942e-02 9.431961178779602051e-02 9.425146877765655518e-02
1.124595627188682556e-01 9.785493463277816772e-02 9.565727412700653076e-02 9.559338539838790894e-02
1.227757334709167480e-01 9.895239025354385376e-02 9.686874598264694214e-02 9.673194587230682373e-02
1.340382248163223267e-01 1.000350713729858398e-01 9.804842621088027954e-02 9.792479872703552246e-02
1.463338583707809448e-01 1.011127009987831116e-01 9.922992438077926636e-02 9.906130284070968628e-02
1.597573906183242798e-01 1.022539436817169189e-01 1.004440635442733765e-01 1.002412065863609314e-01
1.744123101234436035e-01 1.034529656171798706e-01 1.017216295003890991e-01 1.014896482229232788e-01
1.904115378856658936e-01 1.047088354825973511e-01 1.030360236763954163e-01 1.028199493885040283e-01
2.078784257173538208e-01 1.059865057468414307e-01 1.044250652194023132e-01 1.041565909981727600e-01
2.269475758075714111e-01 1.072998419404029846e-01 1.057992801070213318e-01 1.055228710174560547e-01
2.477659881114959717e-01 1.085916161537170410e-01 1.071276292204856873e-01 1.068894192576408386e-01
2.704941332340240479e-01 1.099120676517486572e-01 1.084953472018241882e-01 1.082686409354209900e-01
2.953071594238281250e-01 1.113330572843551636e-01 1.098806113004684448e-01 1.097577810287475586e-01
3.223963677883148193e-01 1.128037348389625549e-01 1.112798303365707397e-01 1.112822219729423523e-01
3.519705235958099365e-01 1.143331453204154968e-01 1.128386631608009338e-01 1.127561926841735840e-01
3.842575550079345703e-01 1.159902662038803101e-01 1.145366951823234558e-01 1.143334209918975830e-01
4.195063710212707520e-01 1.178112104535102844e-01 1.163522303104400635e-01 1.160957589745521545e-01
4.579886496067047119e-01 1.197159290313720703e-01 1.181703880429267883e-01 1.178549230098724365e-01
5.000009536743164062e-01 1.216519773006439209e-01 1.199611797928810120e-01 1.195955798029899597e-01
5.458672046661376953e-01 1.236618831753730774e-01 1.217624023556709290e-01 1.214117929339408875e-01
5.959408283233642578e-01 1.257251352071762085e-01 1.235825046896934509e-01 1.232638359069824219e-01
6.506078243255615234e-01 1.279126554727554321e-01 1.254730224609375000e-01 1.252779215574264526e-01
7.102895975112915039e-01 1.301817744970321655e-01 1.275132149457931519e-01 1.274190545082092285e-01
7.754460573196411133e-01 1.325666606426239014e-01 1.297816038131713867e-01 1.296027600765228271e-01
8.465794324874877930e-01 1.351639330387115479e-01 1.322265118360519409e-01 1.321066915988922119e-01
9.242380857467651367e-01 1.378312706947326660e-01 1.348003000020980835e-01 1.346192210912704468e-01
1.009020566940307617e+00 1.405809223651885986e-01 1.371898353099822998e-01 1.370968669652938843e-01
1.101580262184143066e+00 1.432298868894577026e-01 1.393302083015441895e-01 1.394841969013214111e-01
1.202630758285522461e+00 1.456272453069686890e-01 1.413453817367553711e-01 1.414429843425750732e-01
1.312950849533081055e+00 1.477229744195938110e-01 1.429897993803024292e-01 1.432864814996719360e-01
1.433390736579895020e+00 1.495673209428787231e-01 1.442510038614273071e-01 1.449445635080337524e-01
1.564878940582275391e+00 1.510037928819656372e-01 1.451285779476165771e-01 1.462242305278778076e-01
