# R/R500 # fgas # fgas_err_lo # fgas_err_hi #
2.429909259080886841e-02 5.566366016864776611e-02 5.333496630191802979e-02 5.287176370620727539e-02
2.655168995261192322e-02 5.737201869487762451e-02 5.518398806452751160e-02 5.464877560734748840e-02
2.901310659945011139e-02 5.915205180644989014e-02 5.705340579152107239e-02 5.651859939098358154e-02
3.170270472764968872e-02 6.095943599939346313e-02 5.891567468643188477e-02 5.840586125850677490e-02
3.464163839817047119e-02 6.284617632627487183e-02 6.081809103488922119e-02 6.040254607796669006e-02
3.785301744937896729e-02 6.477943807840347290e-02 6.281027942895889282e-02 6.242314353585243225e-02
4.136210307478904724e-02 6.670641154050827026e-02 6.481106579303741455e-02 6.439265608787536621e-02
4.519648849964141846e-02 6.873542815446853638e-02 6.686434149742126465e-02 6.647212803363800049e-02
4.938633367419242859e-02 7.080729305744171143e-02 6.896528601646423340e-02 6.852040439844131470e-02
5.396458879113197327e-02 7.292693108320236206e-02 7.109408825635910034e-02 7.063639909029006958e-02
5.896726250648498535e-02 7.509059458971023560e-02 7.321986556053161621e-02 7.285123318433761597e-02
6.443369388580322266e-02 7.722200453281402588e-02 7.540291547775268555e-02 7.504758983850479126e-02
7.040688395500183105e-02 7.930728048086166382e-02 7.747241109609603882e-02 7.711758464574813843e-02
7.693380862474441528e-02 8.127630501985549927e-02 7.948138564825057983e-02 7.911828905344009399e-02
8.406579494476318359e-02 8.312356472015380859e-02 8.136557787656784058e-02 8.097203075885772705e-02
9.185893088579177856e-02 8.483889698982238770e-02 8.311922848224639893e-02 8.271228522062301636e-02
1.003745198249816895e-01 8.649429678916931152e-02 8.478743582963943481e-02 8.441237360239028931e-02
1.096795275807380676e-01 8.812610805034637451e-02 8.646131306886672974e-02 8.609172701835632324e-02
1.198471412062644958e-01 8.979995548725128174e-02 8.810438215732574463e-02 8.780422061681747437e-02
1.309573203325271606e-01 9.153789281845092773e-02 8.988886326551437378e-02 8.958700299263000488e-02
1.430974304676055908e-01 9.339093416929244995e-02 9.179425239562988281e-02 9.151683002710342407e-02
1.563629806041717529e-01 9.536937624216079712e-02 9.381445497274398804e-02 9.355674684047698975e-02
1.708582788705825806e-01 9.742619097232818604e-02 9.598620980978012085e-02 9.568965435028076172e-02
1.866973340511322021e-01 9.954308718442916870e-02 9.819879382848739624e-02 9.785432368516921997e-02
2.040047198534011841e-01 1.017365828156471252e-01 1.004300564527511597e-01 1.000977680087089539e-01
2.229165434837341309e-01 1.039764732122421265e-01 1.026953533291816711e-01 1.024496257305145264e-01
2.435815483331680298e-01 1.062770336866378784e-01 1.050223857164382935e-01 1.048623844981193542e-01
2.661622464656829834e-01 1.085733026266098022e-01 1.074014008045196533e-01 1.071750521659851074e-01
2.908362746238708496e-01 1.109722778201103210e-01 1.098940521478652954e-01 1.095596402883529663e-01
3.177976310253143311e-01 1.134919747710227966e-01 1.124812513589859009e-01 1.120692119002342224e-01
3.472583889961242676e-01 1.162099465727806091e-01 1.151713952422142029e-01 1.147968247532844543e-01
3.794502317905426025e-01 1.190086305141448975e-01 1.179289594292640686e-01 1.175778061151504517e-01
4.146263599395751953e-01 1.218945533037185669e-01 1.207174584269523621e-01 1.204090937972068787e-01
4.530634284019470215e-01 1.248293071985244751e-01 1.234901994466781616e-01 1.233935058116912842e-01
4.950637221336364746e-01 1.276685893535614014e-01 1.261397600173950195e-01 1.261120140552520752e-01
5.409575700759887695e-01 1.304466426372528076e-01 1.286743879318237305e-01 1.286988556385040283e-01
5.911058783531188965e-01 1.331290304660797119e-01 1.311550438404083252e-01 1.312303692102432251e-01
6.459031105041503906e-01 1.358268707990646362e-01 1.335493326187133789e-01 1.337391585111618042e-01
7.057801485061645508e-01 1.386546194553375244e-01 1.359681040048599243e-01 1.364660114049911499e-01
7.712080478668212891e-01 1.415188163518905640e-01 1.384848505258560181e-01 1.391177028417587280e-01
8.427012562751770020e-01 1.444736868143081665e-01 1.411153376102447510e-01 1.418697685003280640e-01
9.208220839500427246e-01 1.475329399108886719e-01 1.438829749822616577e-01 1.447059065103530884e-01
1.006184935569763184e+00 1.504706293344497681e-01 1.465123593807220459e-01 1.473177224397659302e-01
1.099461197853088379e+00 1.532110124826431274e-01 1.489770859479904175e-01 1.497299373149871826e-01
1.201384425163269043e+00 1.554581820964813232e-01 1.509964019060134888e-01 1.516864150762557983e-01
1.312756180763244629e+00 1.571492850780487061e-01 1.524129360914230347e-01 1.530200242996215820e-01
1.434452533721923828e+00 1.579518914222717285e-01 1.530362367630004883e-01 1.533838510513305664e-01
1.567430377006530762e+00 1.579119712114334106e-01 1.529738157987594604e-01 1.527749896049499512e-01
1.712735652923583984e+00 1.570338010787963867e-01 1.517046540975570679e-01 1.513111293315887451e-01
1.871511220932006836e+00 1.552529633045196533e-01 1.499071866273880005e-01 1.485533267259597778e-01
