# R/R500 # fgas # fgas_err_lo # fgas_err_hi #
2.845197729766368866e-02 3.595698997378349304e-02 3.306147828698158264e-02 2.791679836809635162e-02
3.089082613587379456e-02 3.766180202364921570e-02 3.494479134678840637e-02 3.129126131534576416e-02
3.353872522711753845e-02 3.938479349017143250e-02 3.675646334886550903e-02 3.425693884491920471e-02
3.641360253095626831e-02 4.091005399823188782e-02 3.841383755207061768e-02 3.642725199460983276e-02
3.953490406274795532e-02 4.236976429820060730e-02 4.013640061020851135e-02 3.819204866886138916e-02
4.292375966906547546e-02 4.388111829757690430e-02 4.162898659706115723e-02 4.002663865685462952e-02
4.660309851169586182e-02 4.533410072326660156e-02 4.300944507122039795e-02 4.165410995483398438e-02
5.059782415628433228e-02 4.659787192940711975e-02 4.433334991335868835e-02 4.293071478605270386e-02
5.493497103452682495e-02 4.775880277156829834e-02 4.547123983502388000e-02 4.420287162065505981e-02
5.964389070868492126e-02 4.880192130804061890e-02 4.650637507438659668e-02 4.531545937061309814e-02
6.475644558668136597e-02 4.974914342164993286e-02 4.737357422709465027e-02 4.633177444338798523e-02
7.030723989009857178e-02 5.060804262757301331e-02 4.818432405591011047e-02 4.722365364432334900e-02
7.633384317159652710e-02 5.149769410490989685e-02 4.904592037200927734e-02 4.809015244245529175e-02
8.287702500820159912e-02 5.246575921773910522e-02 5.001699924468994141e-02 4.920382052659988403e-02
8.998108655214309692e-02 5.365464836359024048e-02 5.115597322583198547e-02 5.044962093234062195e-02
9.769408404827117920e-02 5.503190681338310242e-02 5.250193178653717041e-02 5.185694620013237000e-02
1.060682311654090881e-01 5.666366592049598694e-02 5.410411208868026733e-02 5.346645787358283997e-02
1.151601970195770264e-01 5.853051319718360901e-02 5.592314526438713074e-02 5.541408434510231018e-02
1.250315010547637939e-01 6.058873608708381653e-02 5.795133486390113831e-02 5.751460418105125427e-02
1.357489526271820068e-01 6.283729523420333862e-02 6.012627482414245605e-02 5.981812626123428345e-02
1.473850905895233154e-01 6.526546925306320190e-02 6.247197836637496948e-02 6.239010766148567200e-02
1.600186526775360107e-01 6.775907427072525024e-02 6.495178490877151489e-02 6.504430621862411499e-02
1.737351417541503906e-01 7.025951892137527466e-02 6.741007417440414429e-02 6.763961166143417358e-02
1.886273771524429321e-01 7.274601608514785767e-02 6.984303146600723267e-02 7.016609609127044678e-02
2.047961354255676270e-01 7.507939636707305908e-02 7.215598970651626587e-02 7.249028980731964111e-02
2.223508656024932861e-01 7.739277184009552002e-02 7.449520379304885864e-02 7.494193315505981445e-02
2.414103448390960693e-01 7.954394817352294922e-02 7.671503722667694092e-02 7.716213911771774292e-02
2.621035575866699219e-01 8.155109733343124390e-02 7.884371280670166016e-02 7.928941398859024048e-02
2.845705747604370117e-01 8.341387659311294556e-02 8.095392584800720215e-02 8.120781183242797852e-02
3.089633882045745850e-01 8.523923158645629883e-02 8.305788040161132812e-02 8.310530334711074829e-02
3.354471325874328613e-01 8.716896921396255493e-02 8.512310683727264404e-02 8.517381548881530762e-02
3.642010092735290527e-01 8.924561738967895508e-02 8.730631321668624878e-02 8.736640959978103638e-02
3.954195976257324219e-01 9.154821932315826416e-02 8.967978507280349731e-02 8.986222743988037109e-02
4.293141961097717285e-01 9.408609569072723389e-02 9.227117151021957397e-02 9.249195456504821777e-02
4.661141633987426758e-01 9.685321897268295288e-02 9.500331431627273560e-02 9.524270892143249512e-02
5.060685873031616211e-01 9.998465329408645630e-02 9.801162034273147583e-02 9.842537343502044678e-02
5.494477748870849609e-01 1.033094003796577454e-01 1.012821793556213379e-01 1.016198173165321350e-01
5.965453386306762695e-01 1.068360432982444763e-01 1.045577153563499451e-01 1.049636155366897583e-01
6.476800441741943359e-01 1.104865148663520813e-01 1.081676706671714783e-01 1.083108410239219666e-01
7.031978964805603027e-01 1.140981614589691162e-01 1.117833480238914490e-01 1.114959716796875000e-01
7.634746432304382324e-01 1.176516190171241760e-01 1.152440458536148071e-01 1.146285980939865112e-01
8.289182186126708984e-01 1.210358366370201111e-01 1.183430105447769165e-01 1.175647303462028503e-01
8.999714851379394531e-01 1.239954456686973572e-01 1.210643053054809570e-01 1.201814860105514526e-01
9.771152734756469727e-01 1.265146881341934204e-01 1.231601014733314514e-01 1.223079636693000793e-01
1.060871601104736328e+00 1.283842921257019043e-01 1.243625581264495850e-01 1.236820444464683533e-01
1.151807546615600586e+00 1.294283717870712280e-01 1.247552707791328430e-01 1.244447305798530579e-01
1.250538229942321777e+00 1.298139095306396484e-01 1.243214458227157593e-01 1.245367005467414856e-01
1.357731819152832031e+00 1.292106062173843384e-01 1.231689527630805969e-01 1.233008429408073425e-01
1.474113941192626953e+00 1.279343068599700928e-01 1.212404072284698486e-01 1.217409074306488037e-01
1.600472092628479004e+00 1.258600503206253052e-01 1.185645237565040588e-01 1.194325909018516541e-01
