# R/R500 # P/P500 # P_err/P500 #
1.941763134461264168e-02 7.897751510197950964e+00 1.672714404396016707e+00
4.752003561887800653e-02 1.708106055995320460e+01 1.012153436598580702e+00
9.504007123775601307e-02 1.048807573446986119e+01 4.612512875082859232e-01
1.556634016028494993e-01 6.779957481156833943e+00 2.728645154413294471e-01
2.168655387355298558e-01 4.225082139958123761e+00 1.691054104152039106e-01
2.782724844167408507e-01 3.654469070241355144e+00 1.442537750700246257e-01
3.397595725734639527e-01 2.472484797870174944e+00 1.045481496837812746e-01
4.337310774710597117e-01 1.749734106550045576e+00 7.580844781282512768e-02
5.565360641139803777e-01 1.199902148693847925e+00 5.358174237746012730e-02
7.119590382902938330e-01 6.020277829824352001e-01 3.145526729685064332e-02
9.288512911843276321e-01 3.277754733572625367e-01 1.975035702980576166e-02
