# R / kpc # ne / cm-3 # ne_err_lo / cm-3 # ne_err_hi / cm-3 #
7.604751110076904297e+00 5.207480862736701965e-02 6.908226758241653442e-03 6.489153951406478882e-03
1.522776985168457031e+01 3.020014427602291107e-02 2.942582592368125916e-03 2.968581393361091614e-03
2.165929222106933594e+01 2.255922555923461914e-02 1.691287383437156677e-03 1.515997573733329773e-03
2.703893280029296875e+01 1.970062777400016785e-02 1.058919355273246765e-03 9.437128901481628418e-04
3.241955947875976562e+01 1.901271380484104156e-02 6.405934691429138184e-04 7.276423275470733643e-04
3.776759338378906250e+01 1.769870519638061523e-02 4.919748753309249878e-04 5.505755543708801270e-04
4.318354034423828125e+01 1.576871797442436218e-02 3.638500347733497620e-04 4.064124077558517456e-04
4.885492706298828125e+01 1.380465086549520493e-02 2.897633239626884460e-04 3.087604418396949768e-04
5.451503753662109375e+01 1.218620035797357559e-02 2.617696300148963928e-04 2.552596852183341980e-04
6.037511444091796875e+01 1.095868740230798721e-02 2.536680549383163452e-04 2.309177070856094360e-04
6.651730346679687500e+01 1.014344301074743271e-02 2.198740839958190918e-04 2.183448523283004761e-04
7.293843078613281250e+01 9.439087472856044769e-03 1.958375796675682068e-04 1.976639032363891602e-04
7.983151245117187500e+01 8.778722025454044342e-03 1.837424933910369873e-04 1.975288614630699158e-04
8.618018341064453125e+01 8.177964948117733002e-03 1.724148169159889221e-04 1.845620572566986084e-04
9.233512878417968750e+01 7.593518123030662537e-03 1.557357609272003174e-04 1.625274308025836945e-04
9.927990722656250000e+01 6.964218337088823318e-03 1.467978581786155701e-04 1.457054167985916138e-04
1.068269958496093750e+02 6.369098089635372162e-03 1.406725496053695679e-04 1.367689110338687897e-04
1.141862335205078125e+02 5.888105370104312897e-03 1.281048171222209930e-04 1.238984987139701843e-04
1.217949371337890625e+02 5.496702156960964203e-03 1.160805113613605499e-04 1.123095862567424774e-04
1.296567840576171875e+02 5.165063310414552689e-03 1.048361882567405701e-04 1.101871021091938019e-04
1.374104309082031250e+02 4.846667405217885971e-03 9.434018284082412720e-05 1.002941280603408813e-04
1.454131622314453125e+02 4.516398999840021133e-03 8.436944335699081421e-05 8.668703958392143250e-05
1.537713317871093750e+02 4.194776061922311783e-03 7.740315049886703491e-05 7.735099643468856812e-05
1.626001281738281250e+02 3.897672984749078751e-03 7.295492105185985565e-05 7.268087938427925110e-05
1.713953552246093750e+02 3.636802313849329948e-03 6.745452992618083954e-05 6.746104918420314789e-05
1.808059997558593750e+02 3.388968296349048615e-03 6.372085772454738617e-05 6.157462485134601593e-05
1.903973693847656250e+02 3.181836800649762154e-03 5.880394019186496735e-05 5.723396316170692444e-05
1.998519439697265625e+02 3.007478546351194382e-03 5.338946357369422913e-05 5.481857806444168091e-05
2.098990783691406250e+02 2.842581598088145256e-03 4.792097024619579315e-05 4.891119897365570068e-05
2.203143310546875000e+02 2.678489545360207558e-03 4.321709275245666504e-05 4.426855593919754028e-05
2.312976379394531250e+02 2.520507900044322014e-03 3.867107443511486053e-05 4.016980528831481934e-05
2.426102600097656250e+02 2.373134251683950424e-03 3.632321022450923920e-05 3.645429387688636780e-05
2.543448791503906250e+02 2.234394662082195282e-03 3.407290205359458923e-05 3.239861689507961273e-05
2.666892700195312500e+02 2.109339460730552673e-03 2.942001447081565857e-05 2.932175993919372559e-05
2.797788085937500000e+02 1.999158412218093872e-03 2.678064629435539246e-05 2.758996561169624329e-05
2.940403137207031250e+02 1.886044861748814583e-03 2.510449849069118500e-05 2.714490983635187149e-05
3.095864868164062500e+02 1.766612171195447445e-03 2.265558578073978424e-05 2.302695065736770630e-05
3.265347290039062500e+02 1.643764670006930828e-03 2.093997318297624588e-05 2.345582470297813416e-05
3.444696044921875000e+02 1.504979096353054047e-03 1.915183383971452713e-05 2.072751522064208984e-05
3.635408935546875000e+02 1.359977643005549908e-03 1.842004712671041489e-05 1.760048326104879379e-05
3.831315917968750000e+02 1.238731783814728260e-03 1.826009247452020645e-05 1.675693783909082413e-05
4.026300048828125000e+02 1.152780256234109402e-03 1.593900378793478012e-05 1.492281444370746613e-05
4.228127441406250000e+02 1.082188915461301804e-03 1.449335832148790359e-05 1.436681486666202545e-05
4.450071411132812500e+02 1.011189771816134453e-03 1.396401785314083099e-05 1.325714401900768280e-05
4.696336059570312500e+02 9.442832088097929955e-04 1.257576514035463333e-05 1.324189361184835434e-05
4.961325378417968750e+02 8.761250064708292484e-04 1.291034277528524399e-05 1.520797377452254295e-05
5.246187744140625000e+02 7.889170083217322826e-04 1.135031925514340401e-05 1.314771361649036407e-05
5.549111328125000000e+02 6.959685124456882477e-04 1.063599484041333199e-05 9.872775990515947342e-06
5.883804931640625000e+02 6.146528758108615875e-04 1.178059028461575508e-05 1.024216180667281151e-05
6.258286743164062500e+02 5.564858438447117805e-04 9.133364073932170868e-06 8.446979336440563202e-06
6.666861572265625000e+02 5.069723702035844326e-04 7.709080819040536880e-06 8.585746400058269501e-06
7.084682006835937500e+02 4.596225335262715816e-04 7.836380973458290100e-06 8.977192919701337814e-06
7.521978149414062500e+02 4.089398426003754139e-04 7.160881068557500839e-06 7.734459359198808670e-06
8.053343505859375000e+02 3.540226025506854057e-04 7.055234163999557495e-06 6.918358849361538887e-06
8.677775878906250000e+02 3.028467472176998854e-04 6.648740964010357857e-06 6.503018084913492203e-06
9.312705078125000000e+02 2.629765367601066828e-04 6.433780072256922722e-06 6.269983714446425438e-06
9.969025878906250000e+02 2.310142735950648785e-04 6.203685188665986061e-06 6.034635589458048344e-06
1.067575683593750000e+03 2.048495807684957981e-04 5.809342837892472744e-06 5.808818968944251537e-06
1.140312255859375000e+03 1.828095992095768452e-04 5.692505510523915291e-06 6.213871529325842857e-06
1.219118408203125000e+03 1.601368421688675880e-04 5.971509381197392941e-06 6.398186087608337402e-06
1.302852539062500000e+03 1.357363362330943346e-04 6.097936420701444149e-06 6.673071766272187233e-06
1.387570800781250000e+03 1.112081226892769337e-04 6.185553502291440964e-06 6.805363227613270283e-06
1.478607421875000000e+03 8.621254528407007456e-05 5.418311047833412886e-06 5.777634214609861374e-06
1.587422241210937500e+03 6.230385770322754979e-05 4.936751793138682842e-06 4.701672878582030535e-06
1.713044433593750000e+03 4.302999514038674533e-05 4.740908480016514659e-06 4.461333446670323610e-06
1.832196166992187500e+03 3.086194556090049446e-05 4.658329999074339867e-06 4.340337909525260329e-06
1.954208984375000000e+03 2.242601294710766524e-05 4.422628990141674876e-06 4.332416210672818124e-06
2.093801513671875000e+03 1.593368506291881204e-05 4.069648639415390790e-06 4.433064532349817455e-06
2.238136718750000000e+03 1.147405873780371621e-05 3.625174940680153668e-06 4.352573341748211533e-06
