# R / kpc # ne / cm-3 # ne_err_lo / cm-3 # ne_err_hi / cm-3 #
8.343790054321289062e+00 4.885737597942352295e-02 1.104396209120750427e-02 9.223628789186477661e-03
1.795421981811523438e+01 3.419179469347000122e-02 4.349457100033760071e-03 4.172522574663162231e-03
2.489191627502441406e+01 2.905068919062614441e-02 2.961475402116775513e-03 2.860654145479202271e-03
3.127525901794433594e+01 2.657876908779144287e-02 2.363612875342369080e-03 2.302085980772972107e-03
3.655997467041015625e+01 2.535499632358551025e-02 1.943634822964668274e-03 1.928515732288360596e-03
4.157361221313476562e+01 2.447298169136047363e-02 1.533119007945060730e-03 1.557832583785057068e-03
4.690011215209960938e+01 2.336414158344268799e-02 1.197535544633865356e-03 1.196634024381637573e-03
5.198583984375000000e+01 2.226486243307590485e-02 9.699407964944839478e-04 1.005465164780616760e-03
5.693025207519531250e+01 2.107653580605983734e-02 7.931347936391830444e-04 8.394010365009307861e-04
6.208073806762695312e+01 1.948184706270694733e-02 5.910880863666534424e-04 6.282459944486618042e-04
6.757385253906250000e+01 1.789611950516700745e-02 5.063079297542572021e-04 5.130618810653686523e-04
7.307814025878906250e+01 1.649321429431438446e-02 4.337280988693237305e-04 4.244819283485412598e-04
7.847421264648437500e+01 1.533318962901830673e-02 3.683296963572502136e-04 3.778869286179542542e-04
8.418574523925781250e+01 1.420055609196424484e-02 3.374489024281501770e-04 3.470955416560173035e-04
9.029303741455078125e+01 1.307460851967334747e-02 2.956241369247436523e-04 3.010304644703865051e-04
9.661174011230468750e+01 1.201764121651649475e-02 2.733133733272552490e-04 2.748286351561546326e-04
1.032419891357421875e+02 1.099307741969823837e-02 2.518482506275177002e-04 2.459352836012840271e-04
1.101109695434570312e+02 1.009543985128402710e-02 2.259090542793273926e-04 2.221884205937385559e-04
1.173243331909179688e+02 9.335455484688282013e-03 2.109259366989135742e-04 1.998981460928916931e-04
1.248514556884765625e+02 8.679388090968132019e-03 1.872517168521881104e-04 1.889513805508613586e-04
1.325879516601562500e+02 8.074500598013401031e-03 1.674555242061614990e-04 1.686401665210723877e-04
1.407126312255859375e+02 7.473473437130451202e-03 1.516556367278099060e-04 1.669786870479583740e-04
1.494260253906250000e+02 6.807495839893817902e-03 1.333984546363353729e-04 1.384480856359004974e-04
1.587102050781250000e+02 6.160415243357419968e-03 1.241066493093967438e-04 1.182700507342815399e-04
1.685171051025390625e+02 5.589911248534917831e-03 1.088855788111686707e-04 1.084981486201286316e-04
1.788650970458984375e+02 5.100786220282316208e-03 1.000696793198585510e-04 9.584100916981697083e-05
1.898394470214843750e+02 4.663432948291301727e-03 8.887145668268203735e-05 8.811382576823234558e-05
2.014968109130859375e+02 4.276814404875040054e-03 8.097290992736816406e-05 8.014822378754615784e-05
2.137111511230468750e+02 3.943040966987609863e-03 7.614376954734325409e-05 7.229065522551536560e-05
2.269083557128906250e+02 3.657481633126735687e-03 6.681005470454692841e-05 6.559141911566257477e-05
2.409380035400390625e+02 3.398898988962173462e-03 5.969288758933544159e-05 6.105680949985980988e-05
2.557626190185546875e+02 3.136328887194395065e-03 5.270261317491531372e-05 5.660182796418666840e-05
2.717743835449218750e+02 2.849603537470102310e-03 4.564039409160614014e-05 4.892935976386070251e-05
2.890592956542968750e+02 2.561713336035609245e-03 4.202942363917827606e-05 4.088017158210277557e-05
3.077238769531250000e+02 2.294752746820449829e-03 3.655394539237022400e-05 3.576301969587802887e-05
3.281564331054687500e+02 2.065690932795405388e-03 3.267754800617694855e-05 3.032712265849113464e-05
3.505614013671875000e+02 1.870065927505493164e-03 2.751126885414123535e-05 2.737436443567276001e-05
3.745869750976562500e+02 1.683736685663461685e-03 2.408132422715425491e-05 2.652220427989959717e-05
4.009828491210937500e+02 1.493349322117865086e-03 2.118584234267473221e-05 2.120097633451223373e-05
4.304077453613281250e+02 1.318965572863817215e-03 1.864926889538764954e-05 1.814949791878461838e-05
4.633245239257812500e+02 1.162304077297449112e-03 1.699884887784719467e-05 1.626170706003904343e-05
5.001300659179687500e+02 1.024319091811776161e-03 1.452502328902482986e-05 1.500919461250305176e-05
5.410515136718750000e+02 8.946578600443899632e-04 1.334567787125706673e-05 1.381366746500134468e-05
5.869340209960937500e+02 7.723928429186344147e-04 1.200364204123616219e-05 1.261103898286819458e-05
6.395279541015625000e+02 6.559003959409892559e-04 1.117208739742636681e-05 1.115142367780208588e-05
6.992806396484375000e+02 5.498015671037137508e-04 1.020799390971660614e-05 1.053424784913659096e-05
7.681005249023437500e+02 4.534618346951901913e-04 9.718467481434345245e-06 9.441457223147153854e-06
8.514620361328125000e+02 3.659302601590752602e-04 9.180192137137055397e-06 9.032111847773194313e-06
9.438863525390625000e+02 2.994586538989096880e-04 9.469949873164296150e-06 8.427159627899527550e-06
1.037445800781250000e+03 2.547722251620143652e-04 8.507893653586506844e-06 8.114118827506899834e-06
1.132147827148437500e+03 2.217254514107480645e-04 8.307208190672099590e-06 8.817034540697932243e-06
1.224532470703125000e+03 1.936975750140845776e-04 8.279734174720942974e-06 9.028866770677268505e-06
1.314097900390625000e+03 1.677325053606182337e-04 7.885188097134232521e-06 8.305898518301546574e-06
1.399699951171875000e+03 1.453255244996398687e-04 7.672424544580280781e-06 7.818598533049225807e-06
1.481160278320312500e+03 1.264310412807390094e-04 7.279442797880619764e-06 7.440146873705089092e-06
1.561849853515625000e+03 1.102669921237975359e-04 7.105467375367879868e-06 7.331669621635228395e-06
1.644408935546875000e+03 9.597121970728039742e-05 7.073314918670803308e-06 7.095142791513353586e-06
1.729940917968750000e+03 8.353199518751353025e-05 7.352296961471438408e-06 7.088216079864650965e-06
1.811947998046875000e+03 7.358773291343823075e-05 7.868293323554098606e-06 7.407892553601413965e-06
1.894159667968750000e+03 6.520882016047835350e-05 8.752933354116976261e-06 8.138798875734210014e-06
1.981055664062500000e+03 5.773913653683848679e-05 9.744035196490585804e-06 9.148887329502031207e-06
2.069854980468750000e+03 5.121678259456530213e-05 1.064045864040963352e-05 1.051299477694556117e-05
2.163557128906250000e+03 4.528987847152166069e-05 1.128497751778922975e-05 1.208212779602035880e-05
