# R/R500 # K/K500 # K_err/K500 #
1.939957567185290194e-02 3.558560752341063255e-02 2.404840874874935187e-03
4.747524752475246884e-02 6.000662864285938314e-02 1.811129798336205167e-03
7.775813295615276177e-02 9.424802409360816258e-02 2.693278401115417695e-03
1.083309759547383400e-01 1.331896085671621932e-01 3.865946388454943004e-03
1.390028288543140034e-01 1.785590583903340633e-01 5.378205001517878323e-03
1.697171145685996974e-01 2.067256919123945935e-01 6.423291068921116453e-03
2.166619519094766799e-01 2.725287417856452343e-01 7.841739666951706017e-03
2.780056577086280067e-01 4.031440875916426081e-01 1.249056989612066723e-02
3.394413012729844414e-01 4.870019214269927232e-01 1.946520873186148581e-02
4.009193776520508790e-01 7.026197135601307542e-01 3.180465706324234199e-02
4.624328147100424391e-01 7.742949373233050103e-01 5.058368824672074271e-02
5.560113154172560135e-01 7.404237417604758731e-01 5.733099097404197736e-02
7.113154172560113286e-01 1.003776025699271823e+00 4.333340550795750090e-02
9.279349363507780613e-01 1.095695868838095333e+00 7.461780505155482524e-02
