# R/R500 # K/K500 # K_err/K500 #
1.941763134461264168e-02 1.023986396208602240e-01 1.877293819308309755e-02
4.752003561887800653e-02 1.905932689397155100e-01 9.379114027084212504e-03
9.504007123775601307e-02 2.273636371842645554e-01 8.406320147697684056e-03
1.556634016028494993e-01 2.918915083554271539e-01 1.024738911916447254e-02
2.168655387355298558e-01 2.928233585521422544e-01 1.061897675015998840e-02
2.782724844167408507e-01 3.924708348396540036e-01 1.431218327753902217e-02
3.397595725734639527e-01 4.428554404006198042e-01 1.747240672088105906e-02
4.337310774710597117e-01 6.701143265300268936e-01 2.671262202311693382e-02
5.565360641139803777e-01 8.341185911210209358e-01 3.444934271546084420e-02
7.119590382902938330e-01 1.006779153961227413e+00 4.861205891845763599e-02
9.288512911843276321e-01 1.294104569328007992e+00 7.060418542392664365e-02
