# R/R500 # P/P500 # P_err/P500 #
1.939957567185290194e-02 4.171438307304121906e+01 4.081198136176796609e+00
4.747524752475246884e-02 3.372796178147954294e+01 1.247789744424115721e+00
7.775813295615276177e-02 2.024011923401135249e+01 6.683945191531929231e-01
1.083309759547383400e-01 1.380580649214713063e+01 4.497634557426126722e-01
1.390028288543140034e-01 9.700038779204493977e+00 3.225264034655616063e-01
1.697171145685996974e-01 7.268422859224441090e+00 2.455390101036104000e-01
2.166619519094766799e-01 5.004629744696712734e+00 1.555811938733463462e-01
2.780056577086280067e-01 3.786128175807345286e+00 1.241760957459715070e-01
3.394413012729844414e-01 2.578450443815209603e+00 1.066892744410693067e-01
4.009193776520508790e-01 2.303945380050357539e+00 1.076771673545720565e-01
4.624328147100424391e-01 1.619468869890764662e+00 1.078738948993993862e-01
5.560113154172560135e-01 8.311113256366469138e-01 6.576753908865549947e-02
7.113154172560113286e-01 5.101179493546978971e-01 2.510114033923383989e-02
9.279349363507780613e-01 2.551673526728779340e-01 1.964416545951748819e-02
