# R / kpc # ne / cm-3 # ne_err_lo / cm-3 # ne_err_hi / cm-3 #
1.563776588439941406e+01 4.211488179862499237e-03 1.079567009583115578e-03 8.254768326878547668e-04
3.685649108886718750e+01 5.571953952312469482e-03 4.761498421430587769e-04 4.635797813534736633e-04
5.199013519287109375e+01 4.225404467433691025e-03 2.600010484457015991e-04 2.761892974376678467e-04
6.465135192871093750e+01 3.359705442562699318e-03 2.108900807797908783e-04 2.160163130611181259e-04
7.510889434814453125e+01 2.827650168910622597e-03 1.778516452759504318e-04 1.863404177129268646e-04
8.690086364746093750e+01 2.357786521315574646e-03 1.543534453958272934e-04 1.493350137025117874e-04
1.014355621337890625e+02 1.955378800630569458e-03 1.383183989673852921e-04 1.244039740413427353e-04
1.162032546997070312e+02 1.925451681017875671e-03 9.948702063411474228e-05 1.008142717182636261e-04
1.301540985107421875e+02 1.904955366626381874e-03 9.068602230399847031e-05 1.007460523396730423e-04
1.443059692382812500e+02 1.804999308660626411e-03 7.833342533558607101e-05 8.184183388948440552e-05
1.587342834472656250e+02 1.668637618422508240e-03 7.027806714177131653e-05 6.879121065139770508e-05
1.733557128906250000e+02 1.554055488668382168e-03 6.289582233875989914e-05 6.069953087717294693e-05
1.883452148437500000e+02 1.453215605579316616e-03 5.616853013634681702e-05 5.568633787333965302e-05
2.038046569824218750e+02 1.370404264889657497e-03 5.348515696823596954e-05 5.467876326292753220e-05
2.193779754638671875e+02 1.285932259634137154e-03 4.471221473067998886e-05 4.831131082028150558e-05
2.354675445556640625e+02 1.178349833935499191e-03 4.115316551178693771e-05 4.530488513410091400e-05
2.521853027343750000e+02 1.058342051692306995e-03 4.027911927551031113e-05 4.136958159506320953e-05
2.690375366210937500e+02 9.342274861410260201e-04 3.681442467495799065e-05 3.826047759503126144e-05
2.863302001953125000e+02 8.233140688389539719e-04 3.530568210408091545e-05 3.483536420390009880e-05
3.034200439453125000e+02 7.495647878386080265e-04 3.594526788219809532e-05 3.386242315173149109e-05
3.201986083984375000e+02 7.067438564263284206e-04 3.283860860392451286e-05 3.102910704910755157e-05
3.372705993652343750e+02 6.841100403107702732e-04 2.963363658636808395e-05 2.904224675148725510e-05
3.542120361328125000e+02 6.754058413207530975e-04 2.793024759739637375e-05 2.716446761041879654e-05
3.712535400390625000e+02 6.683408864773809910e-04 2.710666740313172340e-05 2.673122799023985863e-05
3.885081176757812500e+02 6.570624536834657192e-04 2.465106081217527390e-05 2.607033820822834969e-05
4.058235473632812500e+02 6.396919488906860352e-04 2.320611383765935898e-05 2.419244265183806419e-05
4.237800292968750000e+02 6.090484675951302052e-04 2.170912921428680420e-05 2.380332443863153458e-05
4.438813171386718750e+02 5.696947337128221989e-04 2.024357672780752182e-05 2.050009788945317268e-05
4.657202148437500000e+02 5.339027266018092632e-04 2.048537135124206543e-05 1.923413947224617004e-05
4.874829406738281250e+02 5.086800083518028259e-04 1.952418824657797813e-05 1.907616388052701950e-05
5.089739074707031250e+02 4.872130230069160461e-04 1.671913196332752705e-05 1.884298399090766907e-05
5.306109619140625000e+02 4.640130500774830580e-04 1.751998206600546837e-05 1.812903792597353458e-05
5.529042358398437500e+02 4.361490136943757534e-04 1.631124177947640419e-05 1.660789712332189083e-05
5.770029296875000000e+02 4.070953291375190020e-04 1.530387089587748051e-05 1.492304727435112000e-05
6.033674926757812500e+02 3.838318807538598776e-04 1.478372723795473576e-05 1.429687836207449436e-05
6.303900146484375000e+02 3.718519874382764101e-04 1.475654426030814648e-05 1.396998413838446140e-05
6.580660400390625000e+02 3.628130943980067968e-04 1.377917942591011524e-05 1.455430174246430397e-05
6.864315185546875000e+02 3.513140254653990269e-04 1.318749855272471905e-05 1.409204560332000256e-05
7.144423828125000000e+02 3.353435313329100609e-04 1.258502015843987465e-05 1.355507993139326572e-05
7.438834228515625000e+02 3.133099235128611326e-04 1.155256177298724651e-05 1.279092975892126560e-05
7.765126953125000000e+02 2.853212354239076376e-04 1.067976700142025948e-05 1.156932557933032513e-05
8.095921020507812500e+02 2.583005698397755623e-04 1.102156238630414009e-05 1.113512553274631500e-05
8.406159667968750000e+02 2.357185730943456292e-04 1.089586294256150723e-05 1.042765507008880377e-05
8.718672485351562500e+02 2.164709439966827631e-04 1.119149965234100819e-05 1.016302849166095257e-05
9.047418212890625000e+02 1.992697507375851274e-04 1.036924368236213923e-05 9.800758562050759792e-06
9.381686401367187500e+02 1.868252002168446779e-04 1.001908094622194767e-05 9.464289178140461445e-06
9.701406250000000000e+02 1.790038659237325191e-04 9.846742614172399044e-06 9.413924999535083771e-06
1.000498535156250000e+03 1.746345078572630882e-04 9.391180356033146381e-06 9.075301932170987129e-06
1.029633178710937500e+03 1.721245935186743736e-04 9.024530299939215183e-06 8.892748155631124973e-06
1.058794921875000000e+03 1.698473497526720166e-04 9.078168659470975399e-06 8.960370905697345734e-06
1.089253540039062500e+03 1.665350137045606971e-04 9.142066119238734245e-06 9.127761586569249630e-06
1.119284545898437500e+03 1.614717330085113645e-04 8.913440979085862637e-06 9.567767847329378128e-06
1.149867797851562500e+03 1.539085787953808904e-04 8.772389264777302742e-06 9.626339306123554707e-06
1.182627319335937500e+03 1.434134464943781495e-04 8.752627763897180557e-06 9.401526767760515213e-06
1.218122924804687500e+03 1.303243625443428755e-04 8.318864274770021439e-06 8.711489499546587467e-06
1.257143676757812500e+03 1.161592954304069281e-04 8.260401955340057611e-06 8.443952538073062897e-06
1.297114379882812500e+03 1.027198959491215646e-04 8.096307283267378807e-06 8.444272680208086967e-06
1.335042480468750000e+03 9.183493966702371836e-05 7.856018783058971167e-06 7.924223609734326601e-06
1.372944824218750000e+03 8.240398892667144537e-05 7.613896741531789303e-06 7.442329660989344120e-06
1.414982666015625000e+03 7.369995000772178173e-05 7.667280442547053099e-06 7.257476681843400002e-06
1.460193847656250000e+03 6.607057730434462428e-05 7.995222404133528471e-06 7.363036274909973145e-06
1.505392822265625000e+03 6.008065247442573309e-05 9.034571121446788311e-06 8.079325198195874691e-06
1.551178222656250000e+03 5.503330248757265508e-05 1.047709884005598724e-05 9.666346159065142274e-06
1.600671875000000000e+03 5.024133861297741532e-05 1.229158442583866417e-05 1.228991459356620908e-05
1.657205322265625000e+03 4.539991641649976373e-05 1.417757448507472873e-05 1.569185405969619751e-05
