# R/R500 # P/P500 # P_err/P500 #
1.663377609108159308e-02 3.388462584661769306e+00 6.776065390306208469e-01
4.070683111954459532e-02 1.060431648479563371e+01 1.086109487899844517e+00
6.667077798861480165e-02 5.388025613493055310e+00 4.157292719423404947e-01
9.288614800759013856e-02 4.006869213333542845e+00 3.034908595100526130e-01
1.333396584440227628e-01 4.406676369367410473e+00 2.674351095443000537e-01
1.857685009487666239e-01 4.105442405865669997e+00 2.182403505878881822e-01
2.383681214421252414e-01 2.718509117301824762e+00 1.516724739213271833e-01
3.190512333965844771e-01 1.738233796189393443e+00 9.634654945883396049e-02
4.241176470588234881e-01 1.674515736933952947e+00 8.583728421928098207e-02
5.294022770398482125e-01 1.106747371627145871e+00 5.451574354149442414e-02
6.624857685009487573e-01 4.661823197965904164e-01 3.845624188781170127e-02
8.482352941176469763e-01 3.962419045193258382e-01 2.331686385330008354e-02
