# R / kpc # Z # Z_err #
2.277400016784667969e+01 6.190000176429748535e-01 2.099999971687793732e-02
6.832099914550781250e+01 4.519999921321868896e-01 1.700000092387199402e-02
1.138690032958984375e+02 3.860000073909759521e-01 1.899999938905239105e-02
1.594170074462890625e+02 3.650000095367431641e-01 2.199999988079071045e-02
2.049640045166015625e+02 3.829999864101409912e-01 2.800000086426734924e-02
2.505119934082031250e+02 2.879999876022338867e-01 2.899999916553497314e-02
3.188330078125000000e+02 3.190000057220458984e-01 1.300000026822090149e-02
4.099280090332031250e+02 3.140000104904174805e-01 3.999999910593032837e-02
5.010239868164062500e+02 3.869999945163726807e-01 5.600000172853469849e-02
5.921190185546875000e+02 4.339999854564666748e-01 7.800000160932540894e-02
6.832139892578125000e+02 2.409999966621398926e-01 1.199999973177909851e-01
8.198569946289062500e+02 2.989999949932098389e-01 1.049999967217445374e-01
1.047594970703125000e+03 2.329999953508377075e-01 9.799999743700027466e-02
1.366427978515625000e+03 3.249999880790710449e-01 1.420000046491622925e-01
