# R / kpc # ne / cm-3 # ne_err_lo / cm-3 # ne_err_hi / cm-3 #
1.827231788635253906e+01 5.374261178076267242e-03 8.292840793728828430e-04 7.195835933089256287e-04
4.036463928222656250e+01 6.065550725907087326e-03 3.765951842069625854e-04 4.400284960865974426e-04
5.321595001220703125e+01 5.892325658351182938e-03 2.565276809036731720e-04 2.649123780429363251e-04
6.455938720703125000e+01 5.665182135999202728e-03 2.162260934710502625e-04 2.324171364307403564e-04
7.467730712890625000e+01 5.326403304934501648e-03 1.867194660007953644e-04 2.066260203719139099e-04
8.425514221191406250e+01 4.877384286373853683e-03 1.614359207451343536e-04 1.776926219463348389e-04
9.365701293945312500e+01 4.427178762853145599e-03 1.474795863032341003e-04 1.447047106921672821e-04
1.033186492919921875e+02 4.054121673107147217e-03 1.351926475763320923e-04 1.280265860259532928e-04
1.126424331665039062e+02 3.794477554038167000e-03 1.204309519380331039e-04 1.155550125986337662e-04
1.216030044555664062e+02 3.597327275201678276e-03 1.078110653907060623e-04 1.096208579838275909e-04
1.306266937255859375e+02 3.413723083212971687e-03 9.765569120645523071e-05 1.012391876429319382e-04
1.396742095947265625e+02 3.228798974305391312e-03 9.262887760996818542e-05 9.263656102120876312e-05
1.485773925781250000e+02 3.055022563785314560e-03 8.743791840970516205e-05 8.789170533418655396e-05
1.572325134277343750e+02 2.896359423175454140e-03 8.041970431804656982e-05 8.212216198444366455e-05
1.660288391113281250e+02 2.745517296716570854e-03 7.379474118351936340e-05 7.462524808943271637e-05
1.751082763671875000e+02 2.616595942527055740e-03 7.062475197017192841e-05 6.741820834577083588e-05
1.842331848144531250e+02 2.508912933990359306e-03 6.575416773557662964e-05 6.455276161432266235e-05
1.933484191894531250e+02 2.416767179965972900e-03 6.014993414282798767e-05 6.121676415205001831e-05
2.024559478759765625e+02 2.330659190192818642e-03 5.679111927747726440e-05 5.827168934047222137e-05
2.116806640625000000e+02 2.248543081805109978e-03 5.474407225847244263e-05 5.607446655631065369e-05
2.211013488769531250e+02 2.163744531571865082e-03 5.203043110668659210e-05 5.163461901247501373e-05
2.305308837890625000e+02 2.078717108815908432e-03 4.845159128308296204e-05 4.973099566996097565e-05
2.402578277587890625e+02 1.996130449697375298e-03 4.608253948390483856e-05 4.539149813354015350e-05
2.503270263671875000e+02 1.916701206937432289e-03 4.268332850188016891e-05 4.294863902032375336e-05
2.605160522460937500e+02 1.845269813202321529e-03 3.997387830168008804e-05 4.013348370790481567e-05
2.709641418457031250e+02 1.778972684405744076e-03 3.770040348172187805e-05 3.712670877575874329e-05
2.815962219238281250e+02 1.714411424472928047e-03 3.602553624659776688e-05 3.746023867279291153e-05
2.923612060546875000e+02 1.647502649575471878e-03 3.492436371743679047e-05 3.597862087190151215e-05
3.036947631835937500e+02 1.572044100612401962e-03 3.192445728927850723e-05 3.330328036099672318e-05
3.157528076171875000e+02 1.493970048613846302e-03 2.979720011353492737e-05 3.026216290891170502e-05
3.281940307617187500e+02 1.417144318111240864e-03 2.800324000418186188e-05 2.911686897277832031e-05
3.411828613281250000e+02 1.340952119790017605e-03 2.635945565998554230e-05 2.711452543735504150e-05
3.549034729003906250e+02 1.262337435036897659e-03 2.494826912879943848e-05 2.612906973809003830e-05
3.697143859863281250e+02 1.178423874080181122e-03 2.342229709029197693e-05 2.363522071391344070e-05
3.857279052734375000e+02 1.092629623599350452e-03 2.259702887386083603e-05 2.234219573438167572e-05
4.026749572753906250e+02 1.010327832773327827e-03 2.079247497022151947e-05 2.059130929410457611e-05
4.210034790039062500e+02 9.293114999309182167e-04 1.969852019101381302e-05 1.942610833793878555e-05
4.408817749023437500e+02 8.490029140375554562e-04 1.827022060751914978e-05 1.778703881427645683e-05
4.620703735351562500e+02 7.755048573017120361e-04 1.757912104949355125e-05 1.688330667093396187e-05
4.845826721191406250e+02 7.118906942196190357e-04 1.623353455215692520e-05 1.602107658982276917e-05
5.078689575195312500e+02 6.607166142202913761e-04 1.599726965650916100e-05 1.542450627312064171e-05
5.318444824218750000e+02 6.181767093949019909e-04 1.469219569116830826e-05 1.452409196645021439e-05
5.572696533203125000e+02 5.789764691144227982e-04 1.324358163401484489e-05 1.340912422165274620e-05
5.851959228515625000e+02 5.418717046268284321e-04 1.189170870929956436e-05 1.201633131131529808e-05
6.157365722656250000e+02 5.052202031947672367e-04 1.106783747673034668e-05 1.147884177044034004e-05
6.484079589843750000e+02 4.665725864470005035e-04 1.069187419489026070e-05 1.170486211776733398e-05
6.831890869140625000e+02 4.232389328535646200e-04 1.011221320368349552e-05 1.089245779439806938e-05
7.195292968750000000e+02 3.769150644075125456e-04 9.019888238981366158e-06 9.292940376326441765e-06
7.582689208984375000e+02 3.314998175483196974e-04 8.043512934818863869e-06 8.167582564055919647e-06
8.013284912109375000e+02 2.899343962781131268e-04 8.171104127541184425e-06 7.425522198900580406e-06
8.458448486328125000e+02 2.582888118922710419e-04 7.421476766467094421e-06 6.861548172309994698e-06
8.918409423828125000e+02 2.339154016226530075e-04 6.821486749686300755e-06 6.474219844676554203e-06
9.421923828125000000e+02 2.121290308423340321e-04 6.140806362964212894e-06 6.518865120597183704e-06
9.971566162109375000e+02 1.908004196593537927e-04 6.032816600054502487e-06 6.400878191925585270e-06
1.057458618164062500e+03 1.693479862296953797e-04 5.836045602336525917e-06 5.973939551040530205e-06
1.124739257812500000e+03 1.482341176597401500e-04 5.367968697100877762e-06 5.426511052064597607e-06
1.195284423828125000e+03 1.303144672419875860e-04 5.287045496515929699e-06 5.078327376395463943e-06
1.266549560546875000e+03 1.154416095232591033e-04 5.170542863197624683e-06 5.197791324462741613e-06
1.340323242187500000e+03 1.021827119984664023e-04 5.070607585366815329e-06 5.251167749520391226e-06
1.413769042968750000e+03 9.042638703249394894e-05 4.853172868024557829e-06 5.089081241749227047e-06
1.488757324218750000e+03 7.971800368977710605e-05 4.649686161428689957e-06 4.676345270127058029e-06
1.566429077148437500e+03 6.993506394792348146e-05 4.362867912277579308e-06 4.323374014347791672e-06
1.650604003906250000e+03 6.085658606025390327e-05 4.184275894658640027e-06 4.197772796032950282e-06
1.742748046875000000e+03 5.264676656224764884e-05 4.351844836492091417e-06 4.247929609846323729e-06
1.835776367187500000e+03 4.588336378219537437e-05 4.856032319366931915e-06 4.495945177040994167e-06
1.935566772460937500e+03 3.992746860603801906e-05 5.509948096005246043e-06 5.084097210783511400e-06
2.041866455078125000e+03 3.471405580057762563e-05 6.327933078864589334e-06 6.050726369721814990e-06
2.147946533203125000e+03 3.033084794878959656e-05 6.926980859134346247e-06 7.220223778858780861e-06
