# R/R500 # fgas # fgas_err_lo # fgas_err_hi #
2.671920880675315857e-02 1.787441410124301910e-02 1.666220836341381073e-02 1.678855903446674347e-02
2.916732244193553925e-02 1.948064006865024567e-02 1.817515678703784943e-02 1.830240339040756226e-02
3.183974325656890869e-02 2.122997306287288666e-02 1.980974152684211731e-02 1.998224109411239624e-02
3.475702181458473206e-02 2.309879288077354431e-02 2.157378010451793671e-02 2.174898982048034668e-02
3.794158995151519775e-02 2.511175349354743958e-02 2.347284182906150818e-02 2.366129122674465179e-02
4.141794145107269287e-02 2.727546729147434235e-02 2.551373280584812164e-02 2.573725022375583649e-02
4.521280899643898010e-02 2.957322821021080017e-02 2.769467420876026154e-02 2.794409170746803284e-02
4.935537651181221008e-02 3.202419728040695190e-02 3.001349419355392456e-02 3.033888339996337891e-02
5.387750267982482910e-02 3.460867702960968018e-02 3.247279673814773560e-02 3.283254802227020264e-02
5.881396308541297913e-02 3.732663020491600037e-02 3.507178276777267456e-02 3.548512235283851624e-02
6.420271843671798706e-02 4.016227275133132935e-02 3.780815005302429199e-02 3.827203810214996338e-02
7.008522003889083862e-02 4.311099648475646973e-02 4.064152762293815613e-02 4.116154089570045471e-02
7.650668919086456299e-02 4.616188257932662964e-02 4.353917390108108521e-02 4.419475793838500977e-02
8.351652324199676514e-02 4.925162717700004578e-02 4.650493338704109192e-02 4.724738746881484985e-02
9.116861969232559204e-02 5.238814651966094971e-02 4.953590780496597290e-02 5.036995559930801392e-02
9.952183067798614502e-02 5.555568262934684753e-02 5.262115225195884705e-02 5.352962389588356018e-02
1.086404025554656982e-01 5.875261127948760986e-02 5.575970187783241272e-02 5.668354779481887817e-02
1.185944452881813049e-01 6.197491660714149475e-02 5.894373729825019836e-02 5.986794829368591309e-02
1.294605135917663574e-01 6.527433544397354126e-02 6.218723207712173462e-02 6.315916031599044800e-02
1.413221806287765503e-01 6.868363916873931885e-02 6.557075679302215576e-02 6.660751253366470337e-02
1.542706489562988281e-01 7.225002348423004150e-02 6.906203925609588623e-02 7.019345462322235107e-02
1.684055030345916748e-01 7.595217972993850708e-02 7.280432432889938354e-02 7.387741655111312866e-02
1.838354468345642090e-01 7.983604818582534790e-02 7.675039023160934448e-02 7.775907218456268311e-02
2.006791532039642334e-01 8.393497765064239502e-02 8.093404024839401245e-02 8.184257149696350098e-02
2.190661281347274780e-01 8.826187252998352051e-02 8.528562635183334351e-02 8.620830625295639038e-02
2.391377985477447510e-01 9.268029034137725830e-02 8.982459455728530884e-02 9.069848805665969849e-02
2.610484957695007324e-01 9.721060842275619507e-02 9.448986500501632690e-02 9.535256773233413696e-02
2.849667370319366455e-01 1.016835644841194153e-01 9.913197159767150879e-02 9.987991303205490112e-02
3.110764920711517334e-01 1.059749871492385864e-01 1.036572903394699097e-01 1.042188927531242371e-01
3.395784795284271240e-01 1.100990623235702515e-01 1.080304235219955444e-01 1.084421500563621521e-01
3.706919550895690918e-01 1.139317452907562256e-01 1.120616868138313293e-01 1.124030873179435730e-01
4.046561419963836670e-01 1.173349395394325256e-01 1.157248392701148987e-01 1.158395335078239441e-01
4.417322576045989990e-01 1.204371079802513123e-01 1.189490556716918945e-01 1.189652681350708008e-01
4.822054505348205566e-01 1.231951639056205750e-01 1.217787861824035645e-01 1.214754804968833923e-01
5.263869166374206543e-01 1.258740276098251343e-01 1.241651698946952820e-01 1.241074949502944946e-01
5.746164917945861816e-01 1.283477097749710083e-01 1.263251006603240967e-01 1.264441758394241333e-01
6.272650361061096191e-01 1.308344602584838867e-01 1.285172253847122192e-01 1.287761330604553223e-01
6.847373843193054199e-01 1.333272904157638550e-01 1.306788623332977295e-01 1.309577524662017822e-01
7.474756240844726562e-01 1.358873397111892700e-01 1.330027580261230469e-01 1.331028938293457031e-01
8.159621357917785645e-01 1.385948807001113892e-01 1.353416442871093750e-01 1.355129331350326538e-01
8.907237052917480469e-01 1.412898898124694824e-01 1.377597600221633911e-01 1.378200799226760864e-01
9.723351597785949707e-01 1.439019143581390381e-01 1.399813145399093628e-01 1.399998068809509277e-01
1.061424136161804199e+00 1.463546305894851685e-01 1.420436054468154907e-01 1.419855952262878418e-01
1.158675909042358398e+00 1.485362499952316284e-01 1.437301188707351685e-01 1.436177939176559448e-01
1.264838099479675293e+00 1.503095477819442749e-01 1.451127231121063232e-01 1.448979526758193970e-01
1.380727410316467285e+00 1.516028791666030884e-01 1.459707021713256836e-01 1.456326544284820557e-01
1.507234811782836914e+00 1.524441987276077271e-01 1.463998705148696899e-01 1.460724622011184692e-01
1.645333290100097656e+00 1.527503728866577148e-01 1.463185399770736694e-01 1.458599865436553955e-01
1.796085000038146973e+00 1.524921208620071411e-01 1.457396447658538818e-01 1.450382620096206665e-01
1.960649132728576660e+00 1.518600881099700928e-01 1.447139829397201538e-01 1.439799815416336060e-01
