# R/R500 # T/T500 # T_err/T500 #
1.649608099909599321e-02 5.980237993046891853e-01 1.284426686061161324e-02
4.037021262638391950e-02 7.548734027170254102e-01 1.633754433724382560e-02
6.611941028306918267e-02 8.290544140388739214e-01 1.793844382222562275e-02
9.211824652964686888e-02 8.729199616814711238e-01 1.950800397166826614e-02
1.182002276539733526e-01 9.067109658610197354e-01 2.040462298762491314e-02
1.443199972503134698e-01 9.407902409007704581e-01 2.143056434036518312e-02
1.842364930592937378e-01 9.747304204334857891e-01 2.152723682035193736e-02
2.364004553079466775e-01 9.930607559759447867e-01 2.226279153979364087e-02
2.886399945006269396e-01 9.703717548359143130e-01 2.277776130662045873e-02
3.684729861185874755e-01 9.261830470078813438e-01 2.184083582795412135e-02
4.728009106158933550e-01 8.445273441001670545e-01 1.994141647341816925e-02
6.048372949057662096e-01 7.911496383433453961e-01 2.131391662599778705e-02
7.890683658762429609e-01 7.047572039504761410e-01 4.843375577931110371e-02
