# R/R500 # K/K500 # K_err/K500 #
1.663377609108159308e-02 5.786681520655032746e-02 8.369292909465631675e-03
4.070683111954459532e-02 1.590983315903087836e-01 1.409403587788278858e-02
6.667077798861480165e-02 1.774870964260188699e-01 1.195918474596832301e-02
9.288614800759013856e-02 2.423357888922873793e-01 1.604955179189575254e-02
1.333396584440227628e-01 3.471683985569263831e-01 1.892380244610177356e-02
1.857685009487666239e-01 4.810428936729702620e-01 2.341723559844205438e-02
2.383681214421252414e-01 5.264119035261159985e-01 2.691642821602623775e-02
3.190512333965844771e-01 6.691381312699143935e-01 3.350631126330244625e-02
4.241176470588234881e-01 9.056168960581640892e-01 4.255083931969484701e-02
5.294022770398482125e-01 9.460172150332357699e-01 4.174986430951936611e-02
6.624857685009487573e-01 5.966423333427007814e-01 4.721392888185550751e-02
8.482352941176469763e-01 1.116218362201196301e+00 5.745352838833576309e-02
