# R/R500 # Z # Z_err #
1.648299980163574219e+01 7.870000004768371582e-01 1.200000010430812836e-02
4.944900131225585938e+01 4.830000102519989014e-01 8.999999612569808960e-03
8.241500091552734375e+01 4.079999923706054688e-01 9.999999776482582092e-03
1.153809967041015625e+02 3.650000095367431641e-01 9.999999776482582092e-03
1.483470001220703125e+02 3.249999880790710449e-01 1.099999994039535522e-02
1.813130035400390625e+02 2.980000078678131104e-01 1.200000010430812836e-02
2.307619934082031250e+02 2.949999868869781494e-01 9.999999776482582092e-03
2.966940002441406250e+02 2.630000114440917969e-01 1.700000092387199402e-02
3.626250000000000000e+02 2.060000002384185791e-01 2.099999971687793732e-02
4.615230102539062500e+02 2.220000028610229492e-01 2.099999971687793732e-02
5.933870239257812500e+02 2.010000050067901611e-01 2.600000053644180298e-02
7.582169799804687500e+02 2.310000061988830566e-01 3.900000080466270447e-02
9.889780273437500000e+02 2.060000002384185791e-01 1.330000013113021851e-01
