# R/R500 # P/P500 # P_err/P500 #
1.649635627530364121e-02 2.875908271047228126e+01 2.258737471967004584e+00
4.037004048582995552e-02 2.315492528093890812e+01 7.062417482147840264e-01
6.611902834008097363e-02 1.677687586686447929e+01 5.168776729249632274e-01
9.212145748987854432e-02 1.227989156800667914e+01 3.820523628856253850e-01
1.182024291497975610e-01 9.639565000050691168e+00 2.857801641484071231e-01
1.443157894736842028e-01 7.805623876193307886e+00 2.285136019523635043e-01
1.842348178137651893e-01 6.229539039015570268e+00 1.677421558937456370e-01
2.363967611336032226e-01 4.918649465990691638e+00 1.270347279183308975e-01
2.886396761133603328e-01 3.613649326968668252e+00 9.371752728111343300e-02
3.684696356275303786e-01 2.471756344837924058e+00 6.368908569244280393e-02
4.728016194331984279e-01 1.396766392913115107e+00 3.931887404683813425e-02
6.048340080971660315e-01 8.502820376180906248e-01 2.444212300405085997e-02
7.890607287449392659e-01 4.301351365228192614e-01 1.692204276904281032e-02
