# R/R500 # T/T500 # T_err/T500 #
1.939955427692540216e-02 6.840243497093380087e-01 1.701308209331824084e-02
4.747576900595192745e-02 8.005584554381315332e-01 1.931175595518424062e-02
7.775707991582926637e-02 8.556578007698621979e-01 2.271986227834258895e-02
1.083319682744654233e-01 8.889234823020317755e-01 2.468236522854218296e-02
1.390046358310107755e-01 9.127255546284253063e-01 2.687721746771115292e-02
1.697217430040874886e-01 9.113129761512434035e-01 2.915752447197524078e-02
2.166639365489308466e-01 9.002325377386152239e-01 2.222233933474031947e-02
2.780092716620214954e-01 9.713521442469643663e-01 2.522555830331880619e-02
3.394434860081749217e-01 9.492028613497164313e-01 2.686341478446677838e-02
4.009255567959852939e-01 9.226608605335803182e-01 2.992797832776367822e-02
4.624363410961471188e-01 9.537078284894677793e-01 3.478748338465850048e-02
5.560185433240429909e-01 9.136664006959780426e-01 3.483518060703882230e-02
7.112946360942432600e-01 7.374458370160440479e-01 5.153972413504280536e-02
9.279521962131418444e-01 6.116764772302590858e-01 8.435731706004889752e-02
