# R/R500 # T/T500 # T_err/T500 #
1.941777425153753608e-02 9.753083818720504894e-01 4.580178171180281782e-02
4.752035803586632939e-02 1.058918437213858477e+00 4.501053608586355614e-02
9.504071607173265879e-02 1.008345657468732837e+00 3.218119269127914933e-02
1.556602180350333542e-01 9.590788592458274753e-01 3.124140281797805480e-02
2.168674263491053578e-01 8.970744972448412291e-01 3.108196026908094725e-02
2.782703767265665151e-01 9.359541915235249920e-01 3.422538395364873448e-02
3.397622898120685186e-01 9.200654689810987552e-01 3.845500232262941132e-02
4.337348526982107155e-01 9.572797562875599020e-01 4.196208936729751288e-02
5.565407534531330302e-01 9.192059399804273223e-01 5.859746066859555791e-02
7.119626808351886549e-01 8.029078874077756334e-01 6.303640074160958562e-02
9.288237247655471984e-01 7.471273133276068457e-01 8.999199368756198580e-02
