# R / kpc # Z # Z_err #
1.781299972534179688e+01 3.070000112056732178e-01 5.600000172853469849e-02
5.343799972534179688e+01 2.989999949932098389e-01 4.100000113248825073e-02
1.068759994506835938e+02 2.910000085830688477e-01 2.300000004470348358e-02
1.781269989013671875e+02 3.490000069141387939e-01 2.600000053644180298e-02
2.493780059814453125e+02 2.829999923706054688e-01 2.800000086426734924e-02
3.206289978027343750e+02 2.590000033378601074e-01 3.200000151991844177e-02
3.918789978027343750e+02 2.489999979734420776e-01 3.999999910593032837e-02
4.987560119628906250e+02 3.059999942779541016e-01 4.800000041723251343e-02
6.412570190429687500e+02 2.189999967813491821e-01 7.299999892711639404e-02
8.193839721679687500e+02 2.790000140666961670e-01 1.049999967217445374e-01
1.068761962890625000e+03 1.669999957084655762e-01 2.339999973773956299e-01
