### NH / cm^-2 ### fraction ###

19.548717948717947  0.0006211180124222615
20.697435897435895  0.0006211180124222615
20.697435897435895  0.12919254658385093
20.88205128205128  0.12919254658385093
20.88205128205128  0.9975155279503107
21.097435897435897  0.9975155279503107
21.097435897435897  0.6714285714285715
21.29230769230769  0.6714285714285715
21.29230769230769  0.1403726708074533
21.497435897435896  0.1403726708074533
21.497435897435896  0.084472049689441
21.69230769230769  0.084472049689441
21.69230769230769  0.09565217391304348
21.887179487179488  0.09565217391304348
21.897435897435898  0.11428571428571432
22.102564102564102  0.11428571428571432
22.102564102564102  0.1534161490683229
22.307692307692307  0.1534161490683229
22.307692307692307  0.17391304347826098
22.48205128205128  0.17391304347826098
22.48205128205128  0.18322981366459623
22.707692307692305  0.18322981366459623
22.707692307692305  0.16832298136645962
22.9025641025641  0.16832298136645962
22.9025641025641  0.14782608695652177
23.097435897435897  0.14782608695652177
23.097435897435897  0.09565217391304348
23.29230769230769  0.09565217391304348
23.29230769230769  0.060248447204968913
23.507692307692306  0.060248447204968913
23.507692307692306  0.028571428571428692
23.692307692307693  0.028571428571428692
23.692307692307693  0.011801242236024967
23.907692307692308  0.011801242236024967
23.907692307692308  0.0006211180124222615
25.46666666666667  0.0006211180124222615
