# R / kpc # ne / cm-3 # ne_err / cm-3 # K / keV cm2 # K_err / keV cm2 # P / keV cm-3 # P_err / keV cm-3 # T / keV # T_err / keV #
1.154449999999999921e-01 1.268599999999999936e-02 3.461300000000000216e-05 1.174699999999999989e+02 1.304499999999999993e+00 1.313300000000000004e-10 1.482599999999999963e-12 6.578100000000000058e+00 7.000000000000000666e-02
1.136550000000000060e-01 5.943600000000000272e-03 9.777799999999999794e-05 1.933799999999999955e+02 3.008199999999999985e+00 6.109400000000000120e-11 1.210100000000000064e-12 6.521200000000000330e+00 7.000000000000000666e-02
1.118649999999999922e-01 7.870000000000000259e-03 7.753599999999999761e-05 1.592299999999999898e+02 2.055200000000000138e+00 8.032200000000000449e-11 1.192799999999999926e-12 6.464199999999999946e+00 7.000000000000000666e-02
1.100750000000000062e-01 7.046400000000000406e-03 9.001600000000000009e-05 1.701899999999999977e+02 2.393299999999999983e+00 7.140299999999999372e-11 1.212599999999999902e-12 6.407300000000000217e+00 7.000000000000000666e-02
1.082849999999999924e-01 7.239299999999999728e-03 9.136600000000000580e-05 1.659499999999999886e+02 2.334200000000000053e+00 7.283100000000000420e-11 1.232400000000000080e-12 6.350399999999999601e+00 7.000000000000000666e-02
1.064950000000000063e-01 7.282600000000000184e-03 9.662600000000000626e-05 1.640900000000000034e+02 2.361800000000000122e+00 7.273499999999999492e-11 1.270199999999999980e-12 6.293400000000000105e+00 7.000000000000000666e-02
1.047049999999999925e-01 7.562799999999999731e-03 9.580099999999999976e-05 1.588499999999999943e+02 2.258399999999999963e+00 7.498299999999999584e-11 1.279700000000000091e-12 6.236500000000000377e+00 7.000000000000000666e-02
1.029150000000000065e-01 7.757000000000000006e-03 9.945400000000000019e-05 1.550399999999999920e+02 2.224200000000000177e+00 7.634400000000000024e-11 1.316000000000000047e-12 6.179599999999999760e+00 7.000000000000000666e-02
1.011249999999999927e-01 8.296899999999999414e-03 9.818499999999999591e-05 1.469900000000000091e+02 2.044299999999999784e+00 8.096899999999999719e-11 1.333499999999999922e-12 6.122700000000000031e+00 7.000000000000000666e-02
9.933500000000000663e-02 8.343100000000000863e-03 1.037899999999999939e-04 1.450000000000000000e+02 2.019200000000000106e+00 8.061900000000000615e-11 1.348700000000000100e-12 6.065800000000000303e+00 7.000000000000000666e-02
9.754499999999999282e-02 9.143200000000000632e-03 1.001999999999999961e-04 1.350600000000000023e+02 1.773700000000000054e+00 8.747299999999999613e-11 1.352800000000000052e-12 6.002500000000000391e+00 6.817399999999999849e-02
9.575500000000000678e-02 9.639999999999999264e-03 9.974999999999999872e-05 1.290699999999999932e+02 1.635999999999999899e+00 9.130100000000000608e-11 1.354700000000000074e-12 5.936899999999999622e+00 6.564899999999999902e-02
9.396499999999999297e-02 1.043200000000000030e-02 9.874500000000000410e-05 1.212300000000000040e+02 1.471200000000000063e+00 9.781500000000000033e-11 1.373100000000000076e-12 5.871299999999999741e+00 6.312500000000000056e-02
9.217500000000000693e-02 1.111999999999999968e-02 1.001600000000000033e-04 1.152699999999999960e+02 1.389100000000000001e+00 1.034500000000000021e-10 1.427100000000000048e-12 5.805600000000000094e+00 6.060100000000000209e-02
9.038499999999999313e-02 1.127599999999999957e-02 1.065500000000000014e-04 1.132999999999999972e+02 1.390400000000000080e+00 1.040699999999999958e-10 1.472500000000000037e-12 5.750000000000000000e+00 5.999999999999999778e-02
8.859500000000000708e-02 1.185300000000000069e-02 1.066399999999999954e-04 1.087199999999999989e+02 1.325599999999999890e+00 1.085299999999999990e-10 1.510299999999999936e-12 5.697499999999999787e+00 5.999999999999999778e-02
8.680499999999999328e-02 1.146100000000000070e-02 1.182299999999999980e-04 1.103199999999999932e+02 1.403200000000000003e+00 1.041199999999999982e-10 1.547400000000000051e-12 5.644999999999999574e+00 5.999999999999999778e-02
8.501500000000000723e-02 1.126899999999999950e-02 1.238599999999999966e-04 1.107199999999999989e+02 1.443300000000000027e+00 1.016000000000000033e-10 1.564199999999999939e-12 5.598600000000000243e+00 5.999999999999999778e-02
8.322499999999999343e-02 1.130500000000000081e-02 1.265700000000000028e-04 1.096299999999999955e+02 1.445200000000000040e+00 1.011300000000000039e-10 1.577800000000000002e-12 5.554499999999999993e+00 5.999999999999999778e-02
8.143500000000000738e-02 1.142600000000000039e-02 1.318199999999999949e-04 1.079699999999999989e+02 1.445100000000000051e+00 1.013800000000000030e-10 1.612899999999999923e-12 5.511400000000000077e+00 5.999999999999999778e-02
7.964499999999999358e-02 1.160500000000000073e-02 1.332200000000000018e-04 1.059699999999999989e+02 1.424099999999999921e+00 1.021200000000000051e-10 1.626800000000000096e-12 5.471199999999999619e+00 5.999999999999999778e-02
7.785500000000000753e-02 1.148599999999999968e-02 1.391800000000000058e-04 1.055199999999999960e+02 1.454599999999999893e+00 9.994300000000000580e-11 1.647200000000000090e-12 5.431099999999999817e+00 5.999999999999999778e-02
7.606499999999999373e-02 1.190500000000000065e-02 1.391800000000000058e-04 1.015699999999999932e+02 1.396700000000000053e+00 1.021399999999999957e-10 1.662799999999999943e-12 5.366500000000000270e+00 5.999999999999999778e-02
7.427500000000000768e-02 1.225599999999999953e-02 1.410799999999999977e-04 9.820600000000000307e+01 1.357199999999999962e+00 1.036499999999999988e-10 1.686000000000000086e-12 5.274399999999999977e+00 5.999999999999999778e-02
7.248999999999999888e-02 1.287600000000000029e-02 1.394699999999999911e-04 9.377200000000000557e+01 1.248499999999999943e+00 1.074599999999999965e-10 1.673199999999999979e-12 5.182599999999999874e+00 5.999999999999999778e-02
7.070499999999999008e-02 1.267700000000000077e-02 1.467600000000000111e-04 9.362000000000000455e+01 1.205999999999999961e+00 1.045299999999999999e-10 1.620799999999999920e-12 5.128400000000000070e+00 5.570399999999999657e-02
6.891500000000000403e-02 1.355100000000000054e-02 1.434999999999999915e-04 8.824800000000000466e+01 1.049400000000000110e+00 1.101200000000000033e-10 1.571700000000000058e-12 5.075199999999999712e+00 5.127000000000000307e-02
6.712499999999999023e-02 1.443499999999999991e-02 1.433100000000000086e-04 8.316100000000000136e+01 9.253200000000000314e-01 1.152899999999999969e-10 1.540599999999999918e-12 4.990400000000000169e+00 4.683600000000000263e-02
6.533500000000000418e-02 1.529499999999999957e-02 1.445700000000000067e-04 7.861799999999999500e+01 8.190600000000000103e-01 1.200299999999999981e-10 1.509599999999999949e-12 4.892800000000000260e+00 4.240100000000000119e-02
6.354499999999999038e-02 1.632499999999999923e-02 1.403599999999999911e-04 7.453000000000000114e+01 8.177999999999999714e-01 1.268399999999999983e-10 1.611800000000000059e-12 4.815800000000000303e+00 4.268700000000000272e-02
6.175499999999999740e-02 1.719499999999999848e-02 1.402700000000000106e-04 7.130200000000000671e+01 8.447900000000000409e-01 1.323100000000000063e-10 1.761999999999999964e-12 4.763099999999999667e+00 4.854699999999999988e-02
5.996499999999999747e-02 1.766300000000000162e-02 1.482999999999999997e-04 6.832299999999999329e+01 7.425300000000000233e-01 1.325900000000000043e-10 1.662799999999999943e-12 4.677699999999999747e+00 4.574500000000000094e-02
5.817499999999999755e-02 1.813000000000000028e-02 1.531100000000000028e-04 6.565099999999999625e+01 7.193199999999999594e-01 1.330700000000000120e-10 1.681500000000000055e-12 4.581500000000000128e+00 4.008699999999999763e-02
5.638499999999999762e-02 1.926800000000000040e-02 1.555500000000000133e-04 6.176599999999999824e+01 7.387000000000000233e-01 1.385600000000000106e-10 1.855100000000000042e-12 4.474099999999999966e+00 4.557100000000000040e-02
5.459499999999999770e-02 2.004799999999999985e-02 1.579499999999999904e-04 5.879999999999999716e+01 7.057799999999999629e-01 1.409299999999999983e-10 1.883199999999999892e-12 4.366200000000000081e+00 4.851500000000000257e-02
5.280499999999999777e-02 2.105800000000000033e-02 1.597500000000000070e-04 5.547099999999999653e+01 5.948600000000000554e-01 1.443000000000000083e-10 1.749399999999999998e-12 4.256899999999999906e+00 4.167900000000000077e-02
5.101499999999999785e-02 2.163100000000000092e-02 1.654299999999999933e-04 5.299099999999999966e+01 5.054899999999999949e-01 1.441599999999999964e-10 1.601900000000000071e-12 4.145800000000000374e+00 3.504800000000000276e-02
4.922499999999999792e-02 2.277699999999999864e-02 1.664299999999999905e-04 5.027400000000000091e+01 4.465100000000000180e-01 1.490600000000000002e-10 1.552999999999999946e-12 4.050900000000000389e+00 2.999999999999999889e-02
4.743499999999999800e-02 2.314099999999999838e-02 1.790100000000000090e-04 4.928000000000000114e+01 4.484099999999999753e-01 1.500199999999999896e-10 1.615999999999999980e-12 4.011499999999999844e+00 2.999999999999999889e-02
4.564499999999999807e-02 2.345699999999999869e-02 1.876199999999999960e-04 4.825800000000000267e+01 5.144100000000000339e-01 1.502699999999999888e-10 1.835400000000000035e-12 3.959400000000000031e+00 3.580099999999999949e-02
4.385499999999999815e-02 2.469700000000000020e-02 1.886299999999999880e-04 4.592799999999999727e+01 4.743499999999999939e-01 1.558400000000000016e-10 1.837800000000000106e-12 3.902000000000000135e+00 3.599499999999999922e-02
4.206499999999999823e-02 2.533099999999999935e-02 1.932500000000000081e-04 4.479299999999999926e+01 4.157899999999999929e-01 1.585400000000000026e-10 1.725899999999999946e-12 3.861800000000000122e+00 2.999999999999999889e-02
4.027499999999999830e-02 2.562100000000000141e-02 2.069299999999999991e-04 4.451599999999999824e+01 4.202500000000000124e-01 1.605800000000000028e-10 1.797900000000000043e-12 3.868300000000000072e+00 2.999999999999999889e-02
3.848499999999999838e-02 2.642100000000000004e-02 2.160700000000000099e-04 4.332699999999999818e+01 4.125199999999999978e-01 1.645100000000000089e-10 1.859799999999999810e-12 3.846699999999999786e+00 2.999999999999999889e-02
3.669499999999999845e-02 2.800199999999999911e-02 2.185499999999999997e-04 4.132800000000000296e+01 3.899799999999999933e-01 1.728800000000000017e-10 1.916400000000000195e-12 3.814700000000000202e+00 2.999999999999999889e-02
3.490499999999999853e-02 2.727600000000000163e-02 2.490099999999999757e-04 4.160600000000000165e+01 4.465999999999999970e-01 1.665800000000000079e-10 2.117099999999999935e-12 3.777800000000000047e+00 3.202399999999999691e-02
3.311499999999999860e-02 2.854200000000000140e-02 2.518900000000000024e-04 3.992999999999999972e+01 4.861400000000000166e-01 1.724400000000000011e-10 2.386200000000000071e-12 3.729400000000000048e+00 3.978299999999999892e-02
3.132499999999999868e-02 2.954199999999999882e-02 2.610000000000000015e-04 3.868500000000000227e+01 3.879000000000000226e-01 1.769300000000000032e-10 2.122399999999999923e-12 3.705900000000000194e+00 3.196899999999999742e-02
2.953499999999999875e-02 3.248199999999999699e-02 2.583299999999999746e-04 3.569500000000000028e+01 3.502199999999999758e-01 1.912200000000000128e-10 2.191999999999999949e-12 3.650900000000000034e+00 2.999999999999999889e-02
2.774499999999999883e-02 3.313499999999999779e-02 2.810299999999999842e-04 3.455799999999999983e+01 3.503499999999999948e-01 1.913799999999999895e-10 2.286400000000000032e-12 3.579800000000000093e+00 2.999999999999999889e-02
2.595499999999999891e-02 3.742100000000000287e-02 2.697199999999999858e-04 3.119500000000000028e+01 3.071999999999999731e-01 2.115699999999999994e-10 2.373399999999999964e-12 3.489700000000000024e+00 2.995799999999999852e-02
2.416499999999999898e-02 3.921299999999999786e-02 2.887000000000000243e-04 2.971300000000000097e+01 2.264899999999999969e-01 2.178600000000000108e-10 2.046199999999999904e-12 3.442899999999999849e+00 2.214500000000000149e-02
2.237499999999999906e-02 4.456600000000000145e-02 2.870200000000000268e-04 2.713299999999999912e+01 1.971999999999999864e-01 2.462400000000000203e-10 2.144699999999999939e-12 3.415700000000000180e+00 2.000000000000000042e-02
2.058499999999999913e-02 4.774099999999999872e-02 3.063000000000000184e-04 2.585800000000000054e+01 2.068300000000000138e-01 2.631899999999999979e-10 2.452699999999999838e-12 3.401699999999999946e+00 2.165500000000000064e-02
1.879499999999999921e-02 4.756500000000000311e-02 3.565299999999999763e-04 2.597400000000000020e+01 2.617099999999999982e-01 2.627400000000000150e-10 3.027099999999999895e-12 3.409899999999999931e+00 2.985900000000000012e-02
1.700499999999999928e-02 5.070700000000000207e-02 3.779000000000000241e-04 2.437999999999999901e+01 1.897000000000000075e-01 2.743600000000000224e-10 2.623000000000000031e-12 3.353600000000000136e+00 2.193700000000000164e-02
1.521499999999999936e-02 5.165700000000000153e-02 4.249599999999999970e-04 2.358800000000000097e+01 1.937200000000000033e-01 2.737899999999999924e-10 2.806099999999999928e-12 3.289899999999999824e+00 2.000000000000000042e-02
1.342499999999999943e-02 5.403199999999999670e-02 4.690699999999999796e-04 2.259900000000000020e+01 2.094699999999999895e-01 2.827099999999999988e-10 3.195900000000000145e-12 3.235300000000000065e+00 2.157699999999999896e-02
1.163499999999999951e-02 5.238199999999999801e-02 5.490999999999999570e-04 2.293599999999999994e+01 2.658400000000000207e-01 2.724699999999999907e-10 3.808799999999999684e-12 3.215599999999999792e+00 2.813999999999999835e-02
9.844999999999999585e-03 4.578700000000000131e-02 7.561700000000000192e-04 2.492899999999999849e+01 1.033300000000000107e+00 2.366599999999999872e-10 1.023299999999999971e-11 3.203800000000000203e+00 6.094000000000000111e-02
8.054999999999999660e-03 3.933699999999999697e-02 1.097700000000000065e-03 2.740700000000000003e+01 1.637599999999999945e+00 2.020100000000000086e-10 1.278100000000000057e-11 3.195199999999999818e+00 1.041200000000000042e-01
6.264999999999999736e-03 4.518599999999999700e-02 1.264200000000000046e-03 2.482600000000000051e+01 1.492499999999999938e+00 2.305499999999999948e-10 1.466999999999999949e-11 3.186500000000000110e+00 1.472999999999999865e-01
4.474999999999999811e-03 4.378200000000000147e-02 1.817199999999999935e-03 2.518900000000000006e+01 1.607900000000000107e+00 2.219300000000000029e-10 1.574299999999999865e-11 3.180000000000000160e+00 1.799999999999999933e-01
2.684999999999999887e-03 4.026899999999999924e-02 3.316200000000000050e-03 2.645899999999999963e+01 2.111299999999999955e+00 2.027900000000000049e-10 2.041500000000000136e-11 3.180000000000000160e+00 1.799999999999999933e-01
8.949999999999999623e-04 3.804099999999999843e-02 1.311499999999999992e-02 2.730099999999999838e+01 6.473499999999999588e+00 1.903000000000000046e-10 6.654100000000000576e-11 3.180000000000000160e+00 1.799999999999999933e-01
