# E / keV # rel_F # rel_F_err #
2.009999999999999787e+00 9.663008550279086339e-01 3.063379653058126081e-02
2.030000000000000249e+00 9.429930957106524847e-01 3.026208857124848897e-02
2.049999999999999822e+00 9.128872399258634029e-01 2.977509870679569126e-02
2.070000000000000284e+00 8.536466849945041346e-01 2.879278806968959409e-02
2.089999999999999858e+00 8.565601549091611533e-01 2.884188066811749912e-02
2.110000000000000320e+00 8.118869495510869783e-01 2.807969730142964929e-02
2.129999999999999893e+00 8.555889982709421471e-01 2.882552575856983310e-02
2.150000000000000355e+00 8.546178416327231409e-01 2.880916156437073744e-02
2.169999999999999929e+00 7.458482981521947774e-01 2.691348223204961809e-02
2.190000000000000391e+00 8.157715761039630031e-01 2.814679344798875701e-02
2.209999999999999964e+00 7.788676238516408779e-01 2.750277191843365776e-02
2.230000000000000426e+00 7.380790450464427277e-01 2.677294089425358292e-02
2.250000000000000000e+00 6.788384901150986694e-01 2.567602979344466713e-02
2.270000000000000018e+00 6.846654299443823977e-01 2.578599188027368497e-02
2.290000000000000036e+00 6.555307307978420761e-01 2.523138959254708075e-02
2.309999999999999609e+00 6.215402484601623145e-01 2.456853553251344205e-02
2.330000000000000071e+00 6.739827069239885393e-01 2.558403369044929751e-02
2.349999999999999645e+00 6.370787546716664140e-01 2.487374643409562616e-02
2.370000000000000107e+00 6.555307307978274212e-01 2.523138959254651870e-02
2.389999999999999680e+00 6.370787546716664140e-01 2.487374643409562616e-02
2.410000000000000142e+00 6.467903210538563652e-01 2.506261586162253016e-02
2.429999999999999716e+00 6.739827069239885393e-01 2.558403369044929751e-02
2.450000000000000178e+00 6.234825617366003270e-01 2.460689392516432830e-02
2.469999999999999751e+00 6.030882723340011964e-01 2.420109871698380988e-02
2.490000000000000213e+00 6.195979351837243021e-01 2.453011715790329866e-02
2.509999999999999787e+00 6.322229714805713829e-01 2.477877187408408788e-02
2.530000000000000249e+00 6.555307307978274212e-01 2.523138959254651870e-02
2.549999999999999822e+00 5.982324891429061653e-01 2.410347387887089299e-02
2.570000000000000284e+00 6.176556219072862897e-01 2.449163851906499198e-02
2.589999999999999858e+00 5.885209227607162141e-01 2.390702827349821397e-02
2.610000000000000320e+00 4.972321987681298516e-01 2.197476622332762003e-02
2.629999999999999893e+00 5.584150669759270214e-01 2.328751809822551810e-02
2.650000000000000355e+00 5.448188740408610453e-01 2.300227089119213919e-02
2.669999999999999929e+00 5.360784642968899893e-01 2.281701468659241144e-02
2.690000000000000391e+00 5.370496209351089956e-01 2.283767292050857545e-02
2.709999999999999964e+00 5.535592837848444248e-01 2.318604694844338815e-02
2.729999999999999982e+00 5.030591385974327867e-01 2.210314959153151723e-02
2.750000000000000000e+00 5.321938377440258439e-01 2.273419403331399316e-02
2.770000000000000018e+00 5.273380545529072760e-01 2.263024198422411426e-02
2.790000000000000036e+00 5.050014518738931146e-01 2.214577865638453491e-02
2.810000000000000053e+00 5.108283917031846144e-01 2.227317632474708556e-02
2.830000000000000071e+00 5.671554767199107339e-01 2.346906061432406723e-02
2.849999999999999645e+00 5.448188740408610453e-01 2.300227089119213919e-02
2.870000000000000107e+00 5.088860784267579263e-01 2.223079155498927303e-02
2.889999999999999680e+00 4.855783191095017770e-01 2.171572259857862397e-02
2.910000000000000142e+00 5.011168253210058765e-01 2.206043815144494505e-02
2.929999999999999716e+00 4.836360058330638201e-01 2.167224763485561118e-02
2.950000000000000178e+00 5.147130182560719636e-01 2.235770481192386056e-02
2.969999999999999751e+00 5.069437651503199138e-01 2.218832582078848065e-02
2.990000000000000213e+00 4.894629456623778019e-01 2.180241245464010005e-02
3.009999999999999787e+00 4.778090660037497828e-01 2.154129629921940417e-02
3.030000000000000249e+00 4.768379093655307766e-01 2.151939360285988131e-02
3.049999999999999822e+00 4.865494757477207832e-01 2.173742747416021123e-02
3.070000000000000284e+00 4.603282465158077263e-01 2.114357662183814421e-02
3.089999999999999858e+00 4.438185836660846206e-01 2.076095767762832153e-02
3.110000000000000320e+00 4.836360058330638201e-01 2.167224763485561118e-02
3.129999999999999893e+00 4.894629456623778019e-01 2.180241245464010005e-02
3.150000000000000355e+00 5.098572350649769325e-01 2.225199403148713645e-02
3.169999999999999929e+00 4.496455234954087055e-01 2.089679963506457100e-02
3.189999999999999947e+00 4.486743668571697707e-01 2.087422069855637136e-02
3.209999999999999964e+00 4.302223907310281925e-01 2.044048264275815166e-02
3.229999999999999982e+00 4.447897403042938014e-01 2.078365966109462643e-02
3.250000000000000000e+00 4.583859332393799280e-01 2.109892276709042502e-02
3.270000000000000018e+00 4.263377641781331828e-01 2.034799129656372427e-02
3.290000000000000036e+00 4.933475722152648180e-01 2.188875898049257376e-02
3.310000000000000053e+00 4.350781739221040167e-01 2.055551159053561894e-02
3.330000000000000071e+00 4.175973544341808341e-01 2.013833267332372154e-02
3.350000000000000089e+00 4.146838845195053858e-01 2.006795971725953628e-02
3.370000000000000107e+00 3.855491853729530183e-01 1.935015893306514523e-02
3.390000000000000124e+00 4.098281013284104657e-01 1.995011982755410737e-02
3.410000000000000142e+00 3.787510889054198637e-01 1.917880690301622046e-02
3.429999999999999716e+00 3.894338119258204389e-01 1.944739652495139359e-02
3.450000000000000178e+00 4.282800774545805766e-01 2.039428940259907508e-02
3.469999999999999751e+00 4.379916438367706388e-01 2.062422101308394526e-02
3.490000000000000213e+00 4.156550411577335513e-01 2.009144475714790684e-02
3.509999999999999787e+00 4.243954509017045518e-01 2.030158760720790836e-02
3.530000000000000249e+00 4.651840297069027019e-01 2.125480083283127000e-02
3.549999999999999822e+00 3.845780287347254078e-01 1.932577308981214478e-02
3.570000000000000284e+00 4.088569446902005078e-01 1.992646822489696143e-02
3.589999999999999858e+00 4.146838845195145451e-01 2.006795971725998037e-02
3.610000000000000320e+00 4.205108243488285824e-01 2.020846056752741149e-02
3.629999999999999893e+00 3.797222455436304323e-01 1.920337937549334434e-02
3.650000000000000355e+00 3.768087756289734136e-01 1.912956726617862091e-02
3.669999999999999929e+00 4.040011614991145250e-01 1.980778659613591230e-02
3.689999999999999947e+00 3.913761252022497916e-01 1.949583345308910851e-02
3.709999999999999964e+00 3.797222455436388699e-01 1.920337937549377455e-02
3.729999999999999982e+00 3.758376189907460807e-01 1.910489985776632135e-02
3.750000000000000000e+00 3.719529924378866537e-01 1.900591007322418452e-02
3.770000000000000018e+00 4.107992579666294719e-01 1.997374342354793497e-02
3.790000000000000036e+00 3.748664623525437278e-01 1.908020055867744660e-02
3.810000000000000053e+00 3.573856428645854066e-01 1.863001447858000231e-02
3.830000000000000071e+00 3.923472818404862283e-01 1.952000684545420264e-02
3.850000000000000089e+00 3.476740764823956220e-01 1.837514591268686256e-02
3.870000000000000107e+00 3.224240038887163928e-01 1.769531609487899962e-02
3.890000000000000124e+00 4.020588482226586380e-01 1.976011435711122477e-02
3.910000000000000142e+00 3.544721729499442087e-01 1.855392152145364515e-02
3.929999999999999716e+00 3.408759800148702390e-01 1.819461378542698224e-02
3.950000000000000178e+00 3.525298596734983136e-01 1.850301903453411070e-02
3.969999999999999751e+00 3.670972092467833514e-01 1.888144304950456487e-02
3.990000000000000213e+00 3.641837393321263328e-01 1.880636743190491206e-02
4.009999999999999787e+00 3.340778835473446895e-01 1.801227232442276574e-02
4.029999999999999361e+00 3.515587030352715359e-01 1.847751520568606531e-02
4.050000000000000711e+00 3.059143410389793538e-01 1.723632046077092431e-02
4.070000000000000284e+00 3.612702694174774187e-01 1.873099090640852407e-02
4.089999999999999858e+00 3.088278109536500282e-01 1.731820367920089421e-02
4.109999999999999432e+00 3.049431844007604031e-01 1.720893947372799729e-02
4.130000000000000782e+00 3.311644136326729049e-01 1.793355844893218878e-02
4.150000000000000355e+00 3.719529924378866537e-01 1.900591007322418452e-02
4.169999999999999929e+00 3.146547507829641765e-01 1.748081948794245541e-02
4.189999999999999503e+00 3.651548959703372899e-01 1.883142589396126845e-02
4.210000000000000853e+00 3.340778835473298680e-01 1.801227232442196430e-02
4.230000000000000426e+00 3.078566543154310220e-01 1.729095235833846833e-02
4.250000000000000000e+00 3.243663171651544608e-01 1.774853521081662389e-02
4.269999999999999574e+00 2.874623649128187353e-01 1.670841057441465119e-02
4.290000000000000924e+00 3.068854976771983600e-01 1.726365802031386287e-02
4.310000000000000497e+00 3.447606065677539799e-01 1.829799310483781055e-02
4.330000000000000071e+00 3.136835941447451703e-01 1.745382206721702092e-02
4.349999999999999645e+00 3.136835941447451703e-01 1.745382206721702092e-02
4.369999999999999218e+00 3.068854976771983600e-01 1.726365802031386287e-02
4.390000000000000568e+00 3.496163897588335789e-01 1.842640164938467301e-02
4.410000000000000142e+00 3.010585578478978119e-01 1.709897707310681358e-02
4.429999999999999716e+00 2.874623649128315028e-01 1.670841057441539365e-02
4.449999999999999289e+00 3.136835941447312370e-01 1.745382206721624724e-02
4.470000000000000639e+00 2.981450879332275261e-01 1.701603894267805436e-02
4.490000000000000213e+00 2.845488949981744287e-01 1.662352394275550330e-02
4.509999999999999787e+00 3.146547507829641765e-01 1.748081948794245541e-02
4.529999999999999361e+00 2.952316180185705630e-01 1.693269457738093633e-02
4.550000000000000711e+00 2.806642684452858583e-01 1.650966284972269632e-02
4.570000000000000284e+00 3.088278109536500282e-01 1.731820367920089421e-02
4.589999999999999858e+00 2.952316180185836636e-01 1.693269457738168574e-02
4.609999999999999432e+00 3.049431844007604031e-01 1.720893947372799729e-02
4.630000000000000782e+00 2.748373286159719320e-01 1.633738339256849900e-02
4.650000000000000355e+00 2.971739312950217315e-01 1.698830291944445139e-02
4.669999999999999929e+00 2.709527020631080640e-01 1.622151396300509224e-02
4.689999999999999503e+00 2.962027746567895692e-01 1.696052153876237423e-02
4.710000000000000853e+00 2.738661719777529813e-01 1.630849321365453880e-02
4.730000000000000426e+00 2.962027746568027253e-01 1.696052153876312710e-02
4.750000000000000000e+00 2.631834489573558478e-01 1.598725597231476572e-02
4.769999999999999574e+00 2.932893047421326060e-01 1.687690301029641168e-02
4.790000000000000924e+00 2.612411356809061780e-01 1.592815316012430663e-02
4.810000000000000497e+00 2.796931118070792865e-01 1.648107466749608105e-02
4.830000000000000071e+00 2.350199064490041123e-01 1.510765177853807401e-02
4.849999999999999645e+00 2.641546055955748540e-01 1.601672559358719231e-02
4.869999999999999218e+00 2.845488949981617721e-01 1.662352394275476430e-02
4.890000000000000568e+00 2.631834489573441904e-01 1.598725597231405796e-02
4.910000000000000142e+00 2.787219551688602248e-01 1.645243680977453646e-02
4.929999999999999716e+00 2.466737861076324090e-01 1.547768990686424102e-02
4.949999999999999289e+00 2.554141958515923072e-01 1.574951401779232929e-02
4.970000000000000639e+00 2.369622197254316331e-01 1.516995163780880153e-02
4.990000000000000213e+00 2.554141958516036315e-01 1.574951401779303012e-02
5.009999999999999787e+00 2.515295692987275511e-01 1.562928696175329771e-02
5.029999999999999361e+00 2.369622197254316331e-01 1.516995163780880153e-02
5.050000000000000711e+00 2.427891595547455317e-01 1.535533470782056084e-02
5.070000000000000284e+00 2.243371834285948219e-01 1.476030300793445757e-02
5.089999999999999858e+00 2.699815454248890023e-01 1.619241705354738589e-02
5.109999999999999432e+00 2.544430392133733010e-01 1.571954345967720157e-02
5.130000000000000782e+00 2.554141958515923072e-01 1.574951401779232929e-02
5.150000000000000355e+00 2.631834489573558478e-01 1.598725597231476572e-02
5.169999999999999929e+00 2.418180029165372946e-01 1.532459326616085991e-02
5.189999999999999503e+00 2.631834489573441904e-01 1.598725597231405796e-02
5.210000000000000853e+00 2.389045330018696178e-01 1.523199668872638607e-02
5.230000000000000426e+00 2.486160993840704769e-01 1.553850621150440481e-02
5.250000000000000000e+00 2.194814002374997075e-01 1.459968557217088125e-02
5.269999999999999574e+00 2.087986772170811745e-01 1.423995159509718750e-02
5.290000000000000924e+00 2.389045330018696178e-01 1.523199668872638607e-02
5.310000000000000497e+00 2.175390869610616673e-01 1.453494163642705603e-02
5.330000000000000071e+00 2.282218099814709300e-01 1.488754935339817696e-02
5.349999999999999645e+00 2.321064365343470381e-01 1.501371728166259363e-02
5.369999999999999218e+00 2.204525568757089438e-01 1.463195011002267100e-02
5.390000000000000568e+00 2.175390869610520084e-01 1.453494163642641071e-02
5.410000000000000142e+00 2.204525568757187415e-01 1.463195011002332152e-02
5.429999999999999716e+00 2.340487498107850783e-01 1.507640530914474211e-02
5.449999999999999289e+00 2.233660267903659069e-01 1.472831964855675010e-02
5.470000000000000639e+00 2.010294241113293190e-01 1.397251085893500347e-02
5.490000000000000213e+00 2.398756896400992267e-01 1.526292463263017804e-02
5.509999999999999787e+00 2.049140506642143367e-01 1.410686501554832967e-02
5.529999999999999361e+00 2.146256170463950452e-01 1.443728134817811627e-02
5.550000000000000711e+00 2.126833037699570883e-01 1.437180581188523057e-02
5.570000000000000284e+00 2.146256170464045931e-01 1.443728134817875638e-02
5.589999999999999858e+00 2.243371834285948219e-01 1.476030300793445757e-02
5.609999999999999432e+00 2.000582674731103128e-01 1.393871997304988418e-02
5.630000000000000782e+00 2.000582674731103128e-01 1.393871997304988418e-02
5.650000000000000355e+00 2.321064365343470381e-01 1.501371728166259363e-02
5.669999999999999929e+00 2.243371834285948219e-01 1.476030300793445757e-02
5.689999999999999503e+00 2.117121471317381098e-01 1.433895592707437258e-02
5.710000000000000853e+00 2.020005807495482975e-01 1.400622022242308320e-02
5.730000000000000426e+00 2.117121471317475190e-01 1.433895592707500923e-02
5.750000000000000000e+00 2.155967736846235994e-01 1.446990801430427485e-02
5.769999999999999574e+00 1.971447975584533774e-01 1.383685220124972540e-02
5.790000000000000924e+00 2.272506533432418208e-01 1.485583994710127677e-02
5.810000000000000497e+00 2.214237135139377477e-01 1.466414365853554828e-02
5.830000000000000071e+00 2.272506533432519238e-01 1.485583994710193596e-02
5.849999999999999645e+00 1.961736409202431142e-01 1.380272920922849533e-02
5.869999999999999218e+00 2.233660267903659069e-01 1.472831964855675010e-02
5.890000000000000568e+00 1.942313276437964420e-01 1.373422888957945807e-02
5.910000000000000142e+00 1.913178577291479721e-01 1.363083297320838959e-02
5.929999999999999716e+00 1.932601710055860400e-01 1.369985029025568880e-02
5.949999999999999289e+00 1.777216647940737249e-01 1.313756349252377491e-02
5.970000000000000639e+00 2.049140506642052328e-01 1.410686501554770343e-02
5.990000000000000213e+00 2.078275205788714108e-01 1.420679683161450886e-02
6.009999999999999787e+00 2.243371834285848854e-01 1.476030300793380184e-02
6.030000000000000249e+00 2.126833037699665252e-01 1.437180581188586895e-02
6.050000000000000711e+00 1.825774479851686449e-01 1.331582894903195376e-02
6.070000000000000284e+00 2.000582674731191946e-01 1.393871997305050174e-02
6.089999999999999858e+00 1.718947249647674591e-01 1.292039872544061690e-02
6.109999999999999432e+00 1.728658816029788325e-01 1.295684562076393313e-02
6.129999999999999893e+00 1.864620745380528577e-01 1.345674111602510915e-02
6.150000000000000355e+00 2.146256170463950452e-01 1.443728134817811627e-02
6.169999999999999929e+00 1.854909178998338237e-01 1.342165177047012492e-02
6.189999999999999503e+00 1.932601710055774358e-01 1.369985029025507992e-02
6.209999999999999964e+00 1.893755444527099319e-01 1.356146441619013841e-02
6.230000000000000426e+00 1.952024842820154205e-01 1.376852164930265042e-02
6.250000000000000000e+00 2.214237135139377477e-01 1.466414365853554828e-02
6.269999999999999574e+00 2.136544604081760668e-01 1.440458078218505127e-02
6.290000000000000036e+00 2.253083400668138558e-01 1.479221721385931727e-02
6.310000000000000497e+00 2.165679303228330299e-01 1.450246127932653013e-02
6.330000000000000071e+00 2.398756896400992267e-01 1.526292463263017804e-02
6.349999999999999645e+00 2.136544604081760668e-01 1.440458078218505127e-02
6.370000000000000107e+00 2.233660267903758156e-01 1.472831964855740410e-02
6.390000000000000568e+00 2.340487498107746978e-01 1.507640530914407424e-02
6.410000000000000142e+00 2.165679303228426333e-01 1.450246127932717372e-02
6.429999999999999716e+00 2.379333763636506394e-01 1.520100581900470094e-02
6.450000000000000178e+00 2.408468462783182606e-01 1.529379003247088864e-02
6.470000000000000639e+00 1.971447975584533774e-01 1.383685220124972540e-02
6.490000000000000213e+00 1.981159541966811544e-01 1.387089124949090167e-02
6.509999999999999787e+00 2.087986772170811745e-01 1.423995159509718750e-02
6.530000000000000249e+00 2.087986772170904171e-01 1.423995159509781894e-02
6.550000000000000711e+00 2.136544604081760668e-01 1.440458078218505127e-02
6.570000000000000284e+00 2.175390869610616673e-01 1.453494163642705603e-02
6.589999999999999858e+00 2.155967736846140514e-01 1.446990801430363301e-02
6.610000000000000320e+00 2.097698338553094510e-01 1.427302934371977791e-02
6.629999999999999893e+00 1.864620745380528577e-01 1.345674111602510915e-02
6.650000000000000355e+00 2.146256170463950452e-01 1.443728134817811627e-02
6.669999999999999929e+00 1.786928214323006414e-01 1.317340957140806720e-02
6.689999999999999503e+00 2.136544604081760668e-01 1.440458078218505127e-02
6.709999999999999964e+00 1.961736409202431142e-01 1.380272920922849533e-02
6.730000000000000426e+00 1.913178577291394789e-01 1.363083297320778590e-02
6.750000000000000000e+00 1.981159541966811544e-01 1.387089124949090167e-02
6.769999999999999574e+00 1.971447975584533774e-01 1.383685220124972540e-02
6.790000000000000036e+00 1.816062913469577156e-01 1.328036729100277348e-02
6.810000000000000497e+00 1.864620745380445865e-01 1.345674111602451241e-02
6.830000000000000071e+00 1.806351347087387094e-01 1.324481068826502406e-02
6.849999999999999645e+00 1.738370382411978110e-01 1.299319028015315063e-02
6.870000000000000107e+00 1.806351347087387094e-01 1.324481068826502406e-02
6.890000000000000568e+00 1.874332311762635650e-01 1.349173920143957595e-02
6.910000000000000142e+00 1.913178577291479721e-01 1.363083297320838959e-02
6.929999999999999716e+00 1.650966284972269771e-01 1.266233338341141504e-02
6.950000000000000178e+00 1.874332311762718639e-01 1.349173920144017443e-02
6.970000000000000639e+00 1.825774479851686449e-01 1.331582894903195376e-02
6.990000000000000213e+00 1.670389417736723447e-01 1.273659990517811251e-02
7.009999999999999787e+00 1.874332311762635650e-01 1.349173920143957595e-02
7.030000000000000249e+00 1.806351347087387094e-01 1.324481068826502406e-02
7.050000000000000711e+00 1.806351347087306880e-01 1.324481068826443599e-02
7.070000000000000284e+00 1.650966284972343046e-01 1.266233338341197709e-02
7.089999999999999858e+00 1.796639780705117095e-01 1.320915837409814345e-02
7.110000000000000320e+00 1.680100984118913787e-01 1.277357124536987118e-02
7.129999999999999893e+00 1.573273753914820883e-01 1.236080600062206165e-02
7.150000000000000355e+00 1.942313276437964420e-01 1.373422888957945807e-02
7.169999999999999929e+00 1.816062913469577156e-01 1.328036729100277348e-02
7.189999999999999503e+00 1.903467010909205004e-01 1.359619293506575052e-02
7.209999999999999964e+00 1.903467010909289381e-01 1.359619293506635421e-02
7.230000000000000426e+00 1.932601710055774358e-01 1.369985029025507992e-02
7.250000000000000000e+00 1.786928214323006414e-01 1.317340957140806720e-02
7.269999999999999574e+00 1.932601710055774358e-01 1.369985029025507992e-02
7.290000000000000036e+00 2.185102435992806735e-01 1.456734957328537951e-02
7.310000000000000497e+00 2.398756896400885963e-01 1.526292463262950150e-02
7.330000000000000071e+00 2.680392321484509899e-01 1.613406581132290074e-02
7.349999999999999645e+00 2.554141958515923072e-01 1.574951401779232929e-02
7.370000000000000107e+00 3.059143410389929540e-01 1.723632046077169105e-02
7.390000000000000568e+00 3.282509437180159417e-01 1.785449755645329359e-02
7.410000000000000142e+00 3.476740764824110541e-01 1.837514591268767788e-02
7.429999999999999716e+00 3.972030650315637179e-01 1.964042752402118952e-02
7.450000000000000178e+00 4.146838845195237599e-01 2.006795971726042793e-02
7.470000000000000639e+00 4.273089208163521335e-01 2.037115350246494413e-02
7.490000000000000213e+00 4.545013066865038476e-01 2.100933033363555982e-02
7.509999999999999787e+00 4.049723181373155456e-01 1.983157974176499166e-02
7.530000000000000249e+00 3.787510889054198637e-01 1.917880690301622046e-02
7.550000000000000711e+00 3.564144862263664559e-01 1.860468473949891330e-02
7.570000000000000284e+00 3.088278109536500282e-01 1.731820367920089421e-02
7.589999999999999858e+00 3.088278109536363170e-01 1.731820367920012399e-02
7.610000000000000320e+00 2.457026294694134028e-01 1.544719196608530278e-02
7.629999999999999893e+00 2.602699790426987736e-01 1.589851936113685638e-02
7.650000000000000355e+00 2.437603161929645101e-01 1.538601472783500054e-02
7.669999999999999929e+00 2.194814002374997075e-01 1.459968557217088125e-02
7.689999999999999503e+00 2.058852073024242113e-01 1.414025409187686863e-02
7.709999999999999964e+00 2.136544604081855592e-01 1.440458078218568964e-02
7.730000000000000426e+00 1.874332311762635650e-01 1.349173920143957595e-02
7.750000000000000000e+00 2.117121471317475190e-01 1.433895592707500923e-02
7.769999999999999574e+00 1.961736409202343989e-01 1.380272920922788298e-02
7.790000000000000036e+00 1.874332311762718639e-01 1.349173920144017443e-02
7.810000000000000497e+00 1.796639780705117095e-01 1.320915837409814345e-02
7.830000000000000071e+00 2.107409904935284850e-01 1.430603061169109444e-02
7.849999999999999645e+00 1.728658816029788325e-01 1.295684562076393313e-02
7.870000000000000107e+00 1.922890143673670060e-01 1.366538520347897016e-02
7.890000000000000568e+00 1.874332311762635650e-01 1.349173920143957595e-02
7.910000000000000142e+00 2.000582674731191946e-01 1.393871997305050174e-02
7.929999999999999716e+00 2.039428940259862544e-01 1.407339672399406626e-02
7.950000000000000178e+00 2.058852073024333429e-01 1.414025409187749660e-02
7.970000000000000639e+00 2.185102435992709868e-01 1.456734957328473246e-02
7.990000000000000213e+00 1.952024842820240802e-01 1.376852164930326278e-02
8.009999999999999787e+00 2.282218099814709300e-01 1.488754935339817696e-02
8.029999999999999361e+00 2.175390869610616673e-01 1.453494163642705603e-02
8.050000000000000711e+00 2.020005807495393324e-01 1.400622022242246217e-02
8.070000000000000284e+00 1.709235683265484529e-01 1.288384872654171724e-02
8.089999999999999858e+00 2.049140506641961290e-01 1.410686501554707720e-02
8.110000000000001208e+00 2.223948701521567817e-01 1.469626668423396759e-02
8.130000000000000782e+00 2.340487498107850783e-01 1.507640530914474211e-02
8.150000000000000355e+00 2.068563639406523769e-01 1.417356451281099466e-02
8.169999999999999929e+00 2.282218099814709300e-01 1.488754935339817696e-02
8.189999999999999503e+00 2.136544604081855592e-01 1.440458078218568964e-02
8.209999999999999076e+00 2.301641232579089980e-01 1.495076640783944005e-02
8.230000000000000426e+00 2.350199064489832401e-01 1.510765177853673306e-02
8.250000000000000000e+00 2.563853524898226932e-01 1.577942765161702635e-02
8.269999999999999574e+00 2.622122923191135269e-01 1.595773192870189941e-02
8.290000000000000924e+00 2.330775931725660721e-01 1.504509394552426549e-02
8.310000000000000497e+00 2.602699790426987736e-01 1.589851936113685638e-02
8.330000000000000071e+00 2.437603161929753348e-01 1.538601472783568229e-02
8.349999999999999645e+00 2.486160993840704769e-01 1.553850621150440481e-02
8.369999999999999218e+00 2.534718825751656190e-01 1.568951565105644944e-02
8.390000000000000568e+00 2.398756896400779381e-01 1.526292463262882322e-02
8.410000000000000142e+00 2.408468462783182606e-01 1.529379003247088864e-02
8.429999999999999716e+00 2.699815454248650770e-01 1.619241705354594954e-02
8.450000000000001066e+00 2.165679303228426333e-01 1.450246127932717372e-02
8.470000000000000639e+00 2.311352798961280042e-01 1.498227490729418972e-02
8.490000000000000213e+00 2.583276657662607056e-01 1.583908543586181120e-02
8.509999999999999787e+00 2.505584126605084894e-01 1.559908541283349347e-02
8.529999999999999361e+00 2.602699790426987736e-01 1.589851936113685638e-02
8.550000000000000711e+00 2.350199064489832401e-01 1.510765177853673306e-02
8.570000000000000284e+00 2.194814002374997075e-01 1.459968557217088125e-02
8.589999999999999858e+00 2.272506533432317455e-01 1.485583994710061757e-02
8.610000000000001208e+00 2.029717373877762687e-01 1.403984865071513689e-02
8.630000000000000782e+00 2.272506533432519238e-01 1.485583994710193596e-02
8.650000000000000355e+00 2.087986772170904171e-01 1.423995159509781894e-02
8.669999999999999929e+00 2.155967736846235994e-01 1.446990801430427485e-02
8.689999999999999503e+00 2.301641232579089980e-01 1.495076640783944005e-02
8.709999999999999076e+00 2.155967736846235994e-01 1.446990801430427485e-02
8.730000000000000426e+00 2.136544604081666021e-01 1.440458078218441115e-02
8.750000000000000000e+00 2.097698338553094510e-01 1.427302934371977791e-02
8.769999999999999574e+00 2.185102435992613001e-01 1.456734957328408540e-02
8.790000000000000924e+00 2.243371834285948219e-01 1.476030300793445757e-02
8.810000000000000497e+00 2.204525568757187415e-01 1.463195011002332152e-02
8.830000000000000071e+00 2.078275205788714108e-01 1.420679683161450886e-02
8.849999999999999645e+00 1.922890143673670060e-01 1.366538520347897016e-02
8.869999999999999218e+00 1.670389417736723447e-01 1.273659990517811251e-02
8.890000000000000568e+00 1.932601710055688593e-01 1.369985029025447276e-02
8.910000000000000142e+00 2.117121471317475190e-01 1.433895592707500923e-02
8.929999999999999716e+00 2.204525568756991738e-01 1.463195011002202221e-02
8.950000000000001066e+00 1.893755444527099319e-01 1.356146441619013841e-02
8.970000000000000639e+00 2.223948701521567817e-01 1.469626668423396759e-02
8.990000000000000213e+00 2.282218099814709300e-01 1.488754935339817696e-02
9.009999999999999787e+00 2.243371834285948219e-01 1.476030300793445757e-02
9.029999999999999361e+00 2.185102435992806735e-01 1.456734957328537951e-02
9.050000000000000711e+00 1.932601710055688593e-01 1.369985029025447276e-02
9.070000000000000284e+00 1.922890143673670060e-01 1.366538520347897016e-02
9.089999999999999858e+00 2.194814002374802231e-01 1.459968557216958542e-02
9.110000000000001208e+00 2.029717373877762687e-01 1.403984865071513689e-02
9.130000000000000782e+00 2.097698338553094510e-01 1.427302934371977791e-02
9.150000000000000355e+00 2.350199064490041123e-01 1.510765177853807401e-02
9.169999999999999929e+00 2.175390869610616673e-01 1.453494163642705603e-02
9.189999999999999503e+00 2.389045330018802205e-01 1.523199668872706261e-02
9.209999999999999076e+00 2.408468462783182606e-01 1.529379003247088864e-02
9.230000000000000426e+00 2.243371834285749211e-01 1.476030300793314785e-02
9.250000000000000000e+00 2.301641232579089980e-01 1.495076640783944005e-02
9.269999999999999574e+00 2.194814002374802231e-01 1.459968557216958542e-02
9.290000000000000924e+00 2.282218099814709300e-01 1.488754935339817696e-02
9.310000000000000497e+00 2.583276657662607056e-01 1.583908543586181120e-02
9.330000000000000071e+00 2.301641232579089980e-01 1.495076640783944005e-02
9.349999999999999645e+00 2.282218099814709300e-01 1.488754935339817696e-02
9.369999999999999218e+00 2.194814002374997075e-01 1.459968557217088125e-02
9.390000000000000568e+00 2.311352798961074928e-01 1.498227490729285918e-02
9.410000000000000142e+00 2.583276657662607056e-01 1.583908543586181120e-02
9.429999999999999716e+00 2.767796418923976209e-01 1.639501102615252212e-02
9.450000000000001066e+00 2.981450879332407378e-01 1.701603894267880723e-02
9.470000000000000639e+00 2.923181481039265894e-01 1.684893794881506604e-02
9.490000000000000213e+00 3.457317632059729862e-01 1.832374680245961104e-02
9.509999999999999787e+00 3.661260526085725053e-01 1.885645105569293614e-02
9.529999999999999361e+00 3.738953057143247216e-01 1.905546924490179872e-02
9.550000000000000711e+00 4.467320535807119408e-01 2.082898939795416876e-02
9.570000000000000284e+00 4.632417164304750701e-01 2.121038113781624490e-02
9.589999999999999858e+00 4.982033554063157177e-01 2.199621548780137173e-02
9.610000000000001208e+00 5.778381997403200243e-01 2.368905661891884673e-02
9.630000000000000782e+00 6.147421519926430378e-01 2.443380694244563084e-02
9.650000000000000355e+00 6.982616228794791269e-01 2.604076439494424494e-02
9.669999999999999929e+00 7.604156477254967461e-01 2.717503825377686616e-02
9.689999999999999503e+00 7.167135990056406891e-01 2.638259216559616857e-02
9.709999999999999076e+00 7.167135990056406891e-01 2.638259216559616857e-02
9.730000000000000426e+00 7.332232618552989578e-01 2.668472668114322405e-02
9.750000000000000000e+00 7.118578158145455470e-01 2.629306835073442344e-02
9.769999999999999574e+00 6.487326343302513010e-01 2.510021920739106266e-02
9.790000000000000924e+00 5.671554767199107339e-01 2.346906061432406723e-02
9.810000000000000497e+00 5.584150669759395669e-01 2.328751809822603852e-02
9.830000000000000071e+00 5.215111147236165534e-01 2.250486571763634855e-02
9.849999999999999645e+00 4.535301500482847858e-01 2.098687246475430465e-02
9.869999999999999218e+00 4.137127278813047537e-01 2.004444716118732039e-02
9.890000000000000568e+00 3.272797870797824471e-01 1.782806601337934629e-02
9.910000000000000142e+00 3.748664623525437278e-01 1.908020055867744660e-02
9.929999999999999716e+00 3.447606065677233378e-01 1.829799310483618338e-02
9.950000000000001066e+00 3.204816906122783249e-01 1.764193643752776791e-02
9.970000000000000639e+00 2.690103887866699961e-01 1.616326776428749987e-02
9.990000000000000213e+00 2.903758348274885770e-01 1.679286811628992460e-02
