# R / kpc # ne / cm-3 # ne_err / cm-3 # K / keV cm2 # K_err / keV cm2 # P / keV cm-3 # P_err / keV cm-3 # T / keV # T_err / keV #
2.923850000000000060e-01 3.230600000000000138e-03 5.223599999999999928e-05 2.323700000000000045e+02 3.393200000000000216e+01 2.657600000000000147e-11 3.894099999999999735e-12 5.285599999999999632e+00 7.903599999999999515e-01
2.889749999999999819e-01 1.488500000000000023e-03 7.956700000000000578e-05 3.833500000000000227e+02 5.688100000000000023e+01 1.205100000000000025e-11 1.851499999999999936e-12 5.169699999999999740e+00 7.619700000000000362e-01
2.844200000000000061e-01 1.555799999999999978e-03 7.621899999999999650e-05 3.602500000000000000e+02 5.203000000000000114e+01 1.219099999999999925e-11 1.816099999999999905e-12 5.014899999999999913e+00 7.240499999999999714e-01
2.798650000000000304e-01 1.371100000000000096e-03 8.845500000000000606e-05 3.788899999999999864e+02 5.444299999999999784e+01 1.038699999999999926e-11 1.573800000000000019e-12 4.860000000000000320e+00 6.861199999999999521e-01
2.753149999999999764e-01 1.359699999999999928e-03 9.088900000000000342e-05 3.802900000000000205e+02 5.350099999999999767e+01 1.028099999999999951e-11 1.534400000000000005e-12 4.705300000000000260e+00 6.482400000000000384e-01
2.707650000000000334e-01 1.389299999999999997e-03 9.306500000000000427e-05 3.882799999999999727e+02 5.340299999999999869e+01 1.088099999999999938e-11 1.592100000000000052e-12 4.632500000000000284e+00 6.215500000000000469e-01
2.662149999999999794e-01 1.259899999999999996e-03 1.093799999999999997e-04 4.287599999999999909e+02 5.982200000000000273e+01 1.020800000000000012e-11 1.569999999999999974e-12 4.799699999999999633e+00 6.276300000000000212e-01
2.616650000000000365e-01 1.259899999999999996e-03 1.125200000000000001e-04 4.374800000000000182e+02 6.029200000000000159e+01 1.041599999999999924e-11 1.594100000000000043e-12 4.966899999999999871e+00 6.337099999999999955e-01
2.571149999999999824e-01 1.287600000000000073e-03 1.124900000000000021e-04 4.129499999999999886e+02 5.617900000000000205e+01 1.019500000000000008e-11 1.537700000000000001e-12 5.134100000000000108e+00 6.397899999999999698e-01
2.525650000000000395e-01 1.353299999999999989e-03 1.139899999999999979e-04 3.818600000000000136e+02 5.110099999999999909e+01 1.024199999999999937e-11 1.514000000000000011e-12 4.910499999999999865e+00 6.044500000000000428e-01
2.480149999999999855e-01 1.330999999999999935e-03 1.208199999999999986e-04 3.682900000000000205e+02 4.944599999999999795e+01 9.608800000000000012e-12 1.444599999999999923e-12 4.672699999999999854e+00 5.675999999999999934e-01
2.434649999999999870e-01 1.270899999999999938e-03 1.320600000000000062e-04 3.750600000000000023e+02 5.090699999999999648e+01 9.060100000000000138e-12 1.415900000000000056e-12 4.434899999999999842e+00 5.307500000000000551e-01
2.389149999999999885e-01 1.318900000000000020e-03 1.335300000000000039e-04 3.631200000000000045e+02 4.790400000000000347e+01 9.330399999999999906e-12 1.418099999999999986e-12 4.399200000000000443e+00 5.128899999999999570e-01
2.343649999999999900e-01 1.364900000000000054e-03 1.336200000000000116e-04 3.555199999999999818e+02 4.561200000000000188e+01 9.673000000000000485e-12 1.427700000000000066e-12 4.367799999999999905e+00 4.954299999999999815e-01
2.298149999999999915e-01 1.249499999999999960e-03 1.515300000000000078e-04 3.923500000000000227e+02 5.348599999999999710e+01 9.213799999999999372e-12 1.507099999999999909e-12 4.361900000000000333e+00 4.820300000000000140e-01
2.252649999999999930e-01 1.327800000000000074e-03 1.417400000000000083e-04 3.914300000000000068e+02 5.099199999999999733e+01 1.017199999999999987e-11 1.552700000000000038e-12 4.550500000000000433e+00 4.994899999999999896e-01
2.207100000000000173e-01 1.280300000000000058e-03 1.481700000000000129e-04 4.132300000000000182e+02 5.522099999999999653e+01 1.010600000000000076e-11 1.607399999999999997e-12 4.739300000000000068e+00 5.169700000000000406e-01
2.161549999999999860e-01 1.467500000000000054e-03 1.399899999999999929e-04 3.732699999999999818e+02 4.827499999999999858e+01 1.145899999999999954e-11 1.691199999999999902e-12 4.865700000000000358e+00 5.330700000000000438e-01
2.116049999999999875e-01 1.435499999999999927e-03 1.553100000000000021e-04 3.746899999999999977e+02 5.124199999999999733e+01 1.108799999999999961e-11 1.760300000000000082e-12 4.809599999999999653e+00 5.450800000000000090e-01
2.070549999999999891e-01 1.397800000000000041e-03 1.680800000000000035e-04 3.943500000000000227e+02 5.773599999999999710e+01 1.116400000000000049e-11 1.916400000000000195e-12 4.753599999999999604e+00 5.570899999999999741e-01
2.025049999999999906e-01 1.272300000000000080e-03 1.936399999999999959e-04 4.547900000000000205e+02 7.531900000000000261e+01 1.100699999999999945e-11 2.209399999999999855e-12 5.042900000000000382e+00 6.301400000000000334e-01
1.979549999999999921e-01 1.367299999999999896e-03 1.893900000000000011e-04 4.589200000000000159e+02 7.562500000000000000e+01 1.252200000000000016e-11 2.435099999999999994e-12 5.442700000000000315e+00 7.227299999999999836e-01
1.934049999999999936e-01 1.452399999999999958e-03 1.818199999999999905e-04 4.213100000000000023e+02 6.585899999999999466e+01 1.271399999999999934e-11 2.314499999999999882e-12 5.586700000000000443e+00 7.562999999999999723e-01
1.888549999999999951e-01 1.601400000000000002e-03 1.691999999999999928e-04 3.764700000000000273e+02 5.482300000000000040e+01 1.336899999999999928e-11 2.213299999999999869e-12 5.316099999999999604e+00 6.941899999999999737e-01
1.843049999999999966e-01 1.507099999999999933e-03 1.812499999999999875e-04 3.877500000000000000e+02 5.581099999999999994e+01 1.244500000000000039e-11 2.110200000000000035e-12 5.082799999999999763e+00 6.349099999999999744e-01
1.797549999999999981e-01 1.446900000000000096e-03 1.876500000000000075e-04 4.003199999999999932e+02 5.616499999999999915e+01 1.200399999999999934e-11 2.045199999999999808e-12 5.105000000000000426e+00 5.949799999999999534e-01
1.752049999999999996e-01 1.356599999999999907e-03 2.066000000000000074e-04 4.114100000000000250e+02 6.162299999999999756e+01 1.108000000000000045e-11 2.082300000000000124e-12 5.127200000000000202e+00 5.550500000000000433e-01
1.706550000000000011e-01 1.572199999999999943e-03 1.934200000000000014e-04 3.625699999999999932e+02 5.119400000000000261e+01 1.248499999999999941e-11 2.102000000000000131e-12 4.998199999999999754e+00 5.577499999999999680e-01
1.661050000000000026e-01 1.604600000000000080e-03 2.168100000000000062e-04 3.528500000000000227e+02 5.256099999999999994e+01 1.257100000000000046e-11 2.260399999999999941e-12 4.847400000000000375e+00 5.666200000000000125e-01
1.615550000000000042e-01 1.683699999999999997e-03 2.048700000000000087e-04 3.583999999999999773e+02 5.100099999999999767e+01 1.383600000000000042e-11 2.334700000000000139e-12 4.936499999999999666e+00 5.819600000000000328e-01
1.570000000000000007e-01 1.532600000000000065e-03 2.231199999999999915e-04 3.950799999999999841e+02 5.952799999999999869e+01 1.303900000000000048e-11 2.421099999999999852e-12 5.173399999999999999e+00 6.012899999999999912e-01
1.524449999999999972e-01 1.726899999999999963e-03 2.110100000000000007e-04 3.487699999999999818e+02 4.855100000000000193e+01 1.404500000000000003e-11 2.336400000000000021e-12 5.156100000000000350e+00 5.893500000000000405e-01
1.478949999999999987e-01 1.695300000000000062e-03 2.297599999999999957e-04 3.372400000000000091e+02 4.804800000000000182e+01 1.316899999999999932e-11 2.299899999999999924e-12 4.931000000000000050e+00 5.518300000000000427e-01
1.433450000000000002e-01 1.757000000000000098e-03 2.235500000000000128e-04 3.221000000000000227e+02 4.344100000000000250e+01 1.334999999999999946e-11 2.201000000000000012e-12 4.754900000000000126e+00 5.143100000000000449e-01
1.387950000000000017e-01 1.614699999999999946e-03 2.472899999999999990e-04 3.331499999999999773e+02 4.744700000000000273e+01 1.199499999999999968e-11 2.189299999999999971e-12 4.647000000000000242e+00 4.768000000000000016e-01
1.342450000000000032e-01 1.782399999999999957e-03 2.430099999999999925e-04 3.187099999999999795e+02 4.359000000000000341e+01 1.352900000000000021e-11 2.305199999999999911e-12 4.608600000000000030e+00 4.596600000000000130e-01
1.296950000000000047e-01 1.820199999999999900e-03 2.600899999999999848e-04 3.233500000000000227e+02 4.616400000000000148e+01 1.421400000000000062e-11 2.531699999999999805e-12 4.743800000000000239e+00 4.934499999999999997e-01
1.251450000000000062e-01 2.021699999999999973e-03 2.482300000000000001e-04 2.932200000000000273e+02 3.929299999999999926e+01 1.535399999999999940e-11 2.491600000000000006e-12 4.805500000000000327e+00 5.137899999999999689e-01
1.205949999999999939e-01 1.998900000000000069e-03 2.691099999999999764e-04 2.823700000000000045e+02 3.890899999999999892e+01 1.450899999999999967e-11 2.473299999999999973e-12 4.597900000000000098e+00 4.848199999999999732e-01
1.160449999999999954e-01 1.978300000000000110e-03 2.945800000000000154e-04 2.852400000000000091e+02 4.097999999999999687e+01 1.440599999999999981e-11 2.615299999999999973e-12 4.434800000000000075e+00 4.613399999999999723e-01
1.114949999999999969e-01 2.182499999999999978e-03 2.891600000000000030e-04 2.734700000000000273e+02 3.722099999999999653e+01 1.626800000000000136e-11 2.735600000000000178e-12 4.538000000000000256e+00 4.707200000000000273e-01
1.069449999999999984e-01 2.290799999999999954e-03 2.871199999999999751e-04 2.585299999999999727e+02 3.301200000000000045e+01 1.667200000000000005e-11 2.637799999999999928e-12 4.637500000000000178e+00 4.792199999999999793e-01
1.023949999999999999e-01 2.518299999999999792e-03 2.625199999999999734e-04 2.301599999999999966e+02 2.521799999999999997e+01 1.738100000000000116e-11 2.334600000000000170e-12 4.411299999999999777e+00 4.082399999999999918e-01
9.784500000000000142e-02 2.465499999999999810e-03 2.746199999999999965e-04 2.314900000000000091e+02 2.561199999999999832e+01 1.687400000000000100e-11 2.334099999999999920e-12 4.184999999999999609e+00 3.372499999999999942e-01
9.328999999999999793e-02 2.435000000000000098e-03 3.069300000000000175e-04 2.453400000000000034e+02 3.050499999999999901e+01 1.751700000000000139e-11 2.729799999999999940e-12 4.302800000000000402e+00 3.683899999999999952e-01
8.873499999999999444e-02 2.608800000000000095e-03 3.044699999999999902e-04 2.426399999999999864e+02 3.048199999999999932e+01 1.943300000000000090e-11 2.969399999999999848e-12 4.531100000000000350e+00 4.322900000000000076e-01
8.418499999999999595e-02 2.560799999999999795e-03 3.256600000000000228e-04 2.317500000000000000e+02 2.904799999999999827e+01 1.799500000000000158e-11 2.828000000000000067e-12 4.486699999999999910e+00 4.308000000000000163e-01
7.963499999999999746e-02 2.919099999999999993e-03 3.019499999999999940e-04 1.999799999999999898e+02 2.197899999999999920e+01 1.931599999999999888e-11 2.593199999999999896e-12 4.233399999999999608e+00 3.792099999999999915e-01
7.508499999999999897e-02 3.092099999999999970e-03 3.159600000000000039e-04 1.873000000000000114e+02 2.049599999999999866e+01 1.991299999999999886e-11 2.654899999999999926e-12 4.041199999999999903e+00 3.459300000000000153e-01
7.053500000000000048e-02 3.333399999999999818e-03 3.297800000000000037e-04 1.732500000000000000e+02 1.873600000000000065e+01 2.087600000000000112e-11 2.732599999999999888e-12 3.928599999999999870e+00 3.365500000000000158e-01
6.598500000000000199e-02 3.468399999999999955e-03 3.340099999999999818e-04 1.635300000000000011e+02 1.654299999999999926e+01 2.105399999999999975e-11 2.611499999999999929e-12 3.816600000000000215e+00 3.179600000000000204e-01
6.143500000000000349e-02 3.574299999999999873e-03 3.376699999999999841e-04 1.551299999999999955e+02 1.447000000000000064e+01 2.099899999999999968e-11 2.454200000000000185e-12 3.705600000000000005e+00 2.780299999999999994e-01
5.688499999999999807e-02 3.705899999999999819e-03 3.747600000000000237e-04 1.551399999999999864e+02 1.495599999999999952e+01 2.230399999999999867e-11 2.729400000000000063e-12 3.607200000000000184e+00 2.409999999999999920e-01
5.233499999999999958e-02 3.898899999999999848e-03 3.961500000000000069e-04 1.559300000000000068e+02 1.536700000000000088e+01 2.439800000000000004e-11 3.032399999999999882e-12 3.758700000000000152e+00 2.620399999999999952e-01
4.778500000000000109e-02 3.437200000000000064e-03 5.075200000000000197e-04 1.715399999999999920e+02 2.103200000000000003e+01 2.175500000000000010e-11 3.584299999999999984e-12 3.910200000000000120e+00 2.830900000000000083e-01
4.323500000000000260e-02 3.884499999999999932e-03 4.895499999999999461e-04 1.518199999999999932e+02 1.686499999999999844e+01 2.360799999999999876e-11 3.434499999999999956e-12 3.863199999999999967e+00 2.819300000000000139e-01
3.868499999999999717e-02 4.423100000000000122e-03 4.895599999999999952e-04 1.333700000000000045e+02 1.376500000000000057e+01 2.575000000000000155e-11 3.402500000000000093e-12 3.719100000000000072e+00 2.699199999999999933e-01
3.413499999999999868e-02 5.609699999999999583e-03 4.524299999999999763e-04 1.055600000000000023e+02 9.317099999999999937e+00 3.028699999999999969e-11 3.234300000000000062e-12 3.554600000000000204e+00 2.554600000000000204e-01
2.958000000000000212e-02 6.615600000000000126e-03 4.682800000000000092e-04 8.716599999999999682e+01 7.175099999999999589e+00 3.292199999999999886e-11 3.218799999999999977e-12 3.293200000000000127e+00 2.293199999999999961e-01
2.502499999999999863e-02 7.461200000000000297e-03 5.138900000000000282e-04 7.328300000000000125e+01 5.787899999999999601e+00 3.382199999999999705e-11 3.185999999999999955e-12 3.031800000000000050e+00 2.031799999999999995e-01
2.047500000000000014e-02 9.460200000000000206e-03 5.218999999999999464e-04 5.589099999999999824e+01 3.933300000000000018e+00 3.831399999999999689e-11 3.122899999999999951e-12 2.774900000000000144e+00 1.774900000000000089e-01
1.592500000000000165e-02 1.257199999999999984e-02 5.585399999999999480e-04 4.072299999999999898e+01 2.528900000000000148e+00 4.484500000000000127e-11 3.156099999999999850e-12 2.522299999999999986e+00 1.522300000000000042e-01
1.137499999999999969e-02 1.747299999999999895e-02 6.497999999999999653e-04 2.827100000000000080e+01 1.777600000000000069e+00 5.388400000000000102e-11 3.702799999999999934e-12 2.269800000000000040e+00 1.269800000000000095e-01
6.825000000000000337e-03 2.454399999999999984e-02 8.920900000000000054e-04 1.900900000000000034e+01 1.381499999999999950e+00 6.383500000000000497e-11 4.951099999999999775e-12 2.100000000000000089e+00 1.100000000000000006e-01
2.275000000000000112e-03 3.501900000000000152e-02 2.139900000000000135e-03 1.221299999999999919e+01 1.141799999999999926e+00 7.416199999999999681e-11 7.712299999999999762e-12 2.100000000000000089e+00 1.100000000000000006e-01
