# E / keV # rel_F # rel_F_err #
2.009999999999999787e+00 2.421047819492819286e+01 8.585060047190613830e-02
2.030000000000000249e+00 2.170291219437966390e+01 8.128317515036412311e-02
2.049999999999999822e+00 1.926901755138032968e+01 7.658988889661828836e-02
2.070000000000000284e+00 1.716299089218465923e+01 7.228332794274466844e-02
2.089999999999999858e+00 1.537143742451097950e+01 6.840673999422490492e-02
2.110000000000000320e+00 1.427763086387350633e+01 6.592797373166556230e-02
2.129999999999999893e+00 1.330681285054957108e+01 6.364710842253559764e-02
2.150000000000000355e+00 1.286387142396245054e+01 6.257883857803218930e-02
2.169999999999999929e+00 1.239261827732543075e+01 6.142189194616323039e-02
2.190000000000000391e+00 1.220630889377126138e+01 6.095843818052594509e-02
2.209999999999999964e+00 1.239779353797971417e+01 6.143471575440844629e-02
2.230000000000000426e+00 1.227267400098500083e+01 6.112392757636568585e-02
2.250000000000000000e+00 1.237191723470857418e+01 6.137056991694862101e-02
2.270000000000000018e+00 1.243402036255941390e+01 6.152440757030058771e-02
2.290000000000000036e+00 1.247268260391843064e+01 6.161998507618353382e-02
2.309999999999999609e+00 1.264042193453636997e+01 6.203295058526445832e-02
2.330000000000000071e+00 1.268882584300877703e+01 6.215160834337765672e-02
2.349999999999999645e+00 1.274118730374622288e+01 6.227971312692330563e-02
2.370000000000000107e+00 1.267756204040827939e+01 6.212401639413103055e-02
2.389999999999999680e+00 1.259293130735589550e+01 6.191631065019817526e-02
2.410000000000000142e+00 1.244376202967363376e+01 6.154850407864592698e-02
2.429999999999999716e+00 1.231377165912195082e+01 6.122618527340812494e-02
2.450000000000000178e+00 1.201482424956280859e+01 6.047840995754637239e-02
2.469999999999999751e+00 1.201056227020045775e+01 6.046768235170722761e-02
2.490000000000000213e+00 1.179441903110983425e+01 5.992112106851195386e-02
2.509999999999999787e+00 1.188270288932994845e+01 6.014496445093810845e-02
2.530000000000000249e+00 1.190979690099060484e+01 6.021349433581284216e-02
2.549999999999999822e+00 1.189153127515196040e+01 6.016730298654197895e-02
2.570000000000000284e+00 1.190675263001749684e+01 6.020579823865136737e-02
2.589999999999999858e+00 1.168482527607796939e+01 5.964207777550622341e-02
2.610000000000000320e+00 1.144950312985677066e+01 5.903845359994180225e-02
2.629999999999999893e+00 1.107323123758070160e+01 5.806024150403837208e-02
2.650000000000000355e+00 1.067230075042246362e+01 5.699945209454470446e-02
2.669999999999999929e+00 1.043636975000664258e+01 5.636589172057948627e-02
2.690000000000000391e+00 1.016695176888664243e+01 5.563358352200953316e-02
2.709999999999999964e+00 1.006588197257970130e+01 5.535636576569102213e-02
2.729999999999999982e+00 9.913363996826577207e+00 5.493538591962927181e-02
2.750000000000000000e+00 9.863742379965367846e+00 5.479772314023468455e-02
2.770000000000000018e+00 9.648512422166243496e+00 5.419657396963926260e-02
2.790000000000000036e+00 9.656123099599440707e+00 5.421794469072271916e-02
2.810000000000000053e+00 9.492341321245840291e+00 5.375617094910649374e-02
2.830000000000000071e+00 9.461289757320566096e+00 5.366817471870045930e-02
2.849999999999999645e+00 9.257019175024852942e+00 5.308566169129511764e-02
2.870000000000000107e+00 9.097499376034027918e+00 5.262627982132375704e-02
2.889999999999999680e+00 9.047877759172378020e+00 5.248256056107791778e-02
2.910000000000000142e+00 8.911189992479856770e+00 5.208462059951209783e-02
2.929999999999999716e+00 8.820775144578568927e+00 5.181971606729178503e-02
2.950000000000000178e+00 8.838127489125280789e+00 5.187066123712546356e-02
2.969999999999999751e+00 8.759585298019111121e+00 5.163966620652919726e-02
2.990000000000000213e+00 8.730055869579969041e+00 5.155255151529147123e-02
3.009999999999999787e+00 8.746190505737438059e+00 5.160016848992223654e-02
3.030000000000000249e+00 8.774197798690025252e+00 5.168272019820020768e-02
3.049999999999999822e+00 8.726402744412240509e+00 5.154176420579582862e-02
3.070000000000000284e+00 8.619244406158861338e+00 5.122432581868441304e-02
3.089999999999999858e+00 8.468857420087358534e+00 5.077548307929408838e-02
3.110000000000000320e+00 8.386357676716148291e+00 5.052756202838509098e-02
3.129999999999999893e+00 8.234448555158090599e+00 5.006784668428791024e-02
3.150000000000000355e+00 8.119375112374633829e+00 4.971677581498260001e-02
3.169999999999999929e+00 7.928803749458288586e+00 4.912985559305174665e-02
3.189999999999999947e+00 7.924237342998274869e+00 4.911570596795131194e-02
3.209999999999999964e+00 7.867613902898829004e+00 4.893991073981573958e-02
3.229999999999999982e+00 7.768675096272492198e+00 4.863121640991908273e-02
3.250000000000000000e+00 7.843564162211280610e+00 4.886505367307546199e-02
3.270000000000000018e+00 7.823471973788423739e+00 4.880242682359401535e-02
3.290000000000000036e+00 7.732752698790170243e+00 4.851865062338917012e-02
3.310000000000000053e+00 7.600022484362348507e+00 4.810044474233792638e-02
3.330000000000000071e+00 7.382661536882816122e+00 4.740761776445744785e-02
3.350000000000000089e+00 7.219488612723937493e+00 4.688078457576632524e-02
3.370000000000000107e+00 7.202745122372167685e+00 4.682638989152235892e-02
3.390000000000000124e+00 6.995125842005930572e+00 4.614656927015414051e-02
3.410000000000000142e+00 7.024350843348072360e+00 4.624286688487987823e-02
3.429999999999999716e+00 6.841085730766853779e+00 4.563564255569594469e-02
3.450000000000000178e+00 6.811556302327712586e+00 4.553704330856663679e-02
3.469999999999999751e+00 6.689785463403418397e+00 4.512817268908035639e-02
3.490000000000000213e+00 6.683696921457203288e+00 4.510763187204485519e-02
3.509999999999999787e+00 6.557359676073247989e+00 4.467927900279329567e-02
3.530000000000000249e+00 6.550357852835101191e+00 4.465541879195819575e-02
3.549999999999999822e+00 6.446243785554829131e+00 4.429911155084067381e-02
3.570000000000000284e+00 6.451114619111801396e+00 4.431584477266634070e-02
3.589999999999999858e+00 6.357959927334715822e+00 4.399471883642949721e-02
3.610000000000000320e+00 6.228273983880342257e+00 4.354371791853176715e-02
3.629999999999999893e+00 6.234666952923868521e+00 4.356605976190391222e-02
3.650000000000000355e+00 6.101936738496386958e+00 4.309982470120027331e-02
3.669999999999999929e+00 6.113809395291641913e+00 4.314173440787678893e-02
3.689999999999999947e+00 6.079104706197946406e+00 4.301911435578181786e-02
3.709999999999999964e+00 5.983819024739954529e+00 4.268063561539802570e-02
3.729999999999999982e+00 6.017306005443868955e+00 4.279989486982058861e-02
3.750000000000000000e+00 5.965248971803998934e+00 4.261435707859714123e-02
3.770000000000000018e+00 5.967379961484908790e+00 4.262196804729997957e-02
3.790000000000000036e+00 5.976208347307186308e+00 4.265348473565736681e-02
3.810000000000000053e+00 6.019132568027733221e+00 4.280639036421030053e-02
3.830000000000000071e+00 5.869658863248425895e+00 4.227154137174312515e-02
3.850000000000000089e+00 5.800858339255940521e+00 4.202307064138009751e-02
3.870000000000000107e+00 5.740886201085982243e+00 4.180527864023753787e-02
3.890000000000000124e+00 5.645600519627469005e+00 4.145689060658231534e-02
3.910000000000000142e+00 5.497344523237387648e+00 4.090893100688730577e-02
3.929999999999999716e+00 5.385619778524226575e+00 4.049109280317608056e-02
3.950000000000000178e+00 5.426413009563864520e+00 4.064415285512469611e-02
3.969999999999999751e+00 5.334780453273332945e+00 4.029952516072679569e-02
3.990000000000000213e+00 5.319863525505107660e+00 4.024314365402852783e-02
4.009999999999999787e+00 5.308599722904727258e+00 4.020051746468567694e-02
4.029999999999999361e+00 5.251976282804696083e+00 3.998554607503848612e-02
4.050000000000000711e+00 5.255324980875114349e+00 3.999829158042094573e-02
4.070000000000000284e+00 5.106460130290394694e+00 3.942771658360829518e-02
4.089999999999999858e+00 5.014523146902550188e+00 3.907117512961535283e-02
4.109999999999999432e+00 4.850741368549154942e+00 3.842781693815681965e-02
4.130000000000000782e+00 4.750280426436614967e+00 3.802780668973784750e-02
4.150000000000000355e+00 4.727448394138519916e+00 3.793630704633650652e-02
4.169999999999999929e+00 4.551489531892911167e+00 3.722360469694450946e-02
4.189999999999999503e+00 4.526222082815918313e+00 3.712013807160975676e-02
4.210000000000000853e+00 4.489995258235941478e+00 3.697128917692354966e-02
4.230000000000000426e+00 4.449506454293811863e+00 3.680421625773436928e-02
4.250000000000000000e+00 4.379488221912341217e+00 3.651348911160584576e-02
4.269999999999999574e+00 4.357265043808463467e+00 3.642072966732155803e-02
4.290000000000000924e+00 4.348436657986452403e+00 3.638381439088517189e-02
4.310000000000000497e+00 4.233363215203184815e+00 3.589917095792572593e-02
4.330000000000000071e+00 4.226361391965038017e+00 3.586947073406723113e-02
4.349999999999999645e+00 4.162431701529782480e+00 3.559714877136828381e-02
4.369999999999999218e+00 4.072930134920242473e+00 3.521236002489985112e-02
4.390000000000000568e+00 4.014784559333893554e+00 3.496010883458389867e-02
4.410000000000000142e+00 4.075061124601599083e+00 3.522157051476147022e-02
4.429999999999999716e+00 3.900319970745232734e+00 3.445813528438663315e-02
4.449999999999999289e+00 3.895449137188087718e+00 3.443661239953420966e-02
4.470000000000000639e+00 3.842478822256020887e+00 3.420167648430919721e-02
4.490000000000000213e+00 3.810818404135874360e+00 3.406048128182337376e-02
4.509999999999999787e+00 3.713401732996437055e+00 3.362231566571205477e-02
4.529999999999999361e+00 3.711575170412407587e+00 3.361404551045921174e-02
4.550000000000000711e+00 3.685394440043684661e+00 3.349528223239204433e-02
4.570000000000000284e+00 3.591326466974829046e+00 3.306504335149723639e-02
4.589999999999999858e+00 3.548402246254014347e+00 3.286684949790637245e-02
4.609999999999999432e+00 3.523439224274377057e+00 3.275103625225643522e-02
4.630000000000000782e+00 3.476557451288524891e+00 3.253241911585659507e-02
4.650000000000000355e+00 3.449463439628023043e+00 3.240540297860047825e-02
4.669999999999999929e+00 3.369399113035298043e+00 3.202711962794541067e-02
4.689999999999999503e+00 3.363919425283555142e+00 3.200106601702899789e-02
4.710000000000000853e+00 3.292683484512844316e+00 3.166041812031581554e-02
4.730000000000000426e+00 3.236973325705124971e+00 3.139143822153919738e-02
4.750000000000000000e+00 3.237886606997057104e+00 3.139586630735713424e-02
4.769999999999999574e+00 3.168172801712756392e+00 3.105604047209196278e-02
4.790000000000000924e+00 3.138338946176304933e+00 3.090947129540821958e-02
4.810000000000000497e+00 3.119464466143178516e+00 3.081638383379809581e-02
4.830000000000000071e+00 3.106069673861505454e+00 3.075015081033884504e-02
4.849999999999999645e+00 3.067103005405730443e+00 3.055665664120865710e-02
4.869999999999999218e+00 2.965424354903810844e+00 3.004589037885061625e-02
4.890000000000000568e+00 2.942896749702816894e+00 2.993154715675765826e-02
4.910000000000000142e+00 2.824779035946379580e+00 2.932472135344842135e-02
4.929999999999999716e+00 2.821734764973272025e+00 2.930891543339028682e-02
4.949999999999999289e+00 2.785507940393169957e+00 2.912016649728980944e-02
4.970000000000000639e+00 2.699963926048855267e+00 2.866953401872330415e-02
4.990000000000000213e+00 2.680785018918398599e+00 2.856752705124214822e-02
5.009999999999999787e+00 2.626596995597086259e+00 2.827732835992003910e-02
5.029999999999999361e+00 2.556578763215501926e+00 2.789788257076060776e-02
5.050000000000000711e+00 2.532224595430643710e+00 2.776468590360398406e-02
5.070000000000000284e+00 2.548968085782846948e+00 2.785632702803066477e-02
5.089999999999999858e+00 2.487169385028765944e+00 2.751657239563917376e-02
5.109999999999999432e+00 2.456726675297582929e+00 2.734765384172252803e-02
5.130000000000000782e+00 2.407105058435933920e+00 2.707005736716536909e-02
5.150000000000000355e+00 2.391274849375882194e+00 2.698089808119223318e-02
5.169999999999999929e+00 2.316994637632061149e+00 2.655853821314125077e-02
5.189999999999999503e+00 2.256413645267123069e+00 2.620903386927856890e-02
5.210000000000000853e+00 2.263415468505269867e+00 2.624966668522217550e-02
5.230000000000000426e+00 2.262806614310748810e+00 2.624613589407343711e-02
5.250000000000000000e+00 2.216533695519516289e+00 2.597639157039444147e-02
5.269999999999999574e+00 2.181829006425994422e+00 2.577223062240863172e-02
5.290000000000000924e+00 2.062493584280188585e+00 2.505751254782523710e-02
5.310000000000000497e+00 2.041792541663149940e+00 2.493144554110804031e-02
5.330000000000000071e+00 2.050012073290540027e+00 2.498157771086157927e-02
5.349999999999999645e+00 1.996128477066538620e+00 2.465107701770207285e-02
5.369999999999999218e+00 1.940722745355897061e+00 2.430655450806643719e-02
5.390000000000000568e+00 1.907540191749027780e+00 2.409786139012563486e-02
5.410000000000000142e+00 1.948637849886062590e+00 2.435607037990037554e-02
5.429999999999999716e+00 1.884708159450806830e+00 2.395320926847760087e-02
5.449999999999999289e+00 1.859136283276621837e+00 2.379015473306046041e-02
5.470000000000000639e+00 1.775418831516171414e+00 2.324834620761817225e-02
5.490000000000000213e+00 1.788813623797922858e+00 2.333588093736150768e-02
5.509999999999999787e+00 1.775723258613560951e+00 2.325033929315654599e-02
5.529999999999999361e+00 1.777549821197346391e+00 2.326229422031097366e-02
5.550000000000000711e+00 1.713011276567471874e+00 2.283609096553045753e-02
5.570000000000000284e+00 1.749846955342147847e+00 2.308031259218233655e-02
5.589999999999999858e+00 1.713924557859480169e+00 2.284217761420218040e-02
5.609999999999999432e+00 1.654561273883812023e+00 2.244311221580445187e-02
5.630000000000000782e+00 1.645428460964490025e+00 2.238108599250446945e-02
5.650000000000000355e+00 1.574801374388471009e+00 2.189548380936237951e-02
5.669999999999999929e+00 1.563841998885284079e+00 2.181916314557633130e-02
5.689999999999999503e+00 1.580281062139994086e+00 2.193354455354615262e-02
5.710000000000000853e+00 1.495954756184922019e+00 2.134031780769806569e-02
5.730000000000000426e+00 1.476775849054411838e+00 2.120307961373162770e-02
5.750000000000000000e+00 1.406757616672940969e+00 2.069432622395621021e-02
5.769999999999999574e+00 1.431720638652358213e+00 2.087713002749181854e-02
5.790000000000000924e+00 1.414063867008336084e+00 2.074799649232022397e-02
5.810000000000000497e+00 1.365051104341369337e+00 2.038525313493719238e-02
5.830000000000000071e+00 1.417108137981506255e+00 2.077031817332467001e-02
5.849999999999999645e+00 1.333999540415673701e+00 2.015206212531630778e-02
5.869999999999999218e+00 1.332781832026371349e+00 2.014286237038479671e-02
5.890000000000000568e+00 1.294728444862530248e+00 1.985322196206787751e-02
5.910000000000000142e+00 1.303252403587288555e+00 1.991846746834019521e-02
5.929999999999999716e+00 1.287117767429819315e+00 1.979478531926383983e-02
5.949999999999999289e+00 1.258197193185242702e+00 1.957113485125198254e-02
5.970000000000000639e+00 1.255152922212135591e+00 1.954744384286906042e-02
5.990000000000000213e+00 1.254848495114880613e+00 1.954507316263043651e-02
6.009999999999999787e+00 1.217099535048294490e+00 1.924884616264024503e-02
6.030000000000000249e+00 1.209793284712890715e+00 1.919098376871737968e-02
6.050000000000000711e+00 1.165346928505470503e+00 1.883515815715105721e-02
6.070000000000000284e+00 1.187874533706517299e+00 1.901634024373845613e-02
6.089999999999999858e+00 1.156214115586200020e+00 1.876120750585138011e-02
6.109999999999999432e+00 1.135513072969019044e+00 1.859249710938109743e-02
6.129999999999999893e+00 1.112072186476142255e+00 1.839958987936804111e-02
6.150000000000000355e+00 1.106288071627189007e+00 1.835167748286104308e-02
6.169999999999999929e+00 1.055753173473654938e+00 1.792762879125930561e-02
6.189999999999999503e+00 1.044489370873111111e+00 1.783173764238389289e-02
6.209999999999999964e+00 1.056057600570965649e+00 1.793021332652700722e-02
6.230000000000000426e+00 1.051795621208568621e+00 1.789399586254170060e-02
6.250000000000000000e+00 1.051186767013993828e+00 1.788881595336968763e-02
6.269999999999999574e+00 9.851260868975189045e-01 1.731759438026219192e-02
6.290000000000000036e+00 1.029268016007620412e+00 1.770132973728207743e-02
6.310000000000000497e+00 1.004609421125405522e+00 1.748800531805210987e-02
6.330000000000000071e+00 1.005522702417382508e+00 1.749595260558787710e-02
6.349999999999999645e+00 9.836039514109652382e-01 1.730421034983692721e-02
6.370000000000000107e+00 1.016482077920569216e+00 1.759104000477944643e-02
6.390000000000000568e+00 1.044184943775800400e+00 1.782913883195802462e-02
6.410000000000000142e+00 1.131859947801340693e+00 1.856256551426689605e-02
6.429999999999999716e+00 1.216490680853672846e+00 1.924403094151108315e-02
6.450000000000000178e+00 1.352569593351628852e+00 2.029184159249248012e-02
6.470000000000000639e+00 1.516351371704740991e+00 2.148530769133215335e-02
6.490000000000000213e+00 1.747715965660972648e+00 2.306625453665616526e-02
6.509999999999999787e+00 1.917281858862970978e+00 2.415931602964315958e-02
6.530000000000000249e+00 2.134947233440237291e+00 2.549383825923063132e-02
6.550000000000000711e+00 2.264024322699891290e+00 2.625319700151616115e-02
6.570000000000000284e+00 2.239365727817821838e+00 2.610983738625612116e-02
6.589999999999999858e+00 2.269504010451484532e+00 2.628494851120701317e-02
6.610000000000000320e+00 2.016829519683668970e+00 2.477857050856482196e-02
6.629999999999999893e+00 1.828998000642940935e+00 2.359653687139030148e-02
6.650000000000000355e+00 1.593980281518976749e+00 2.202840870951328425e-02
6.669999999999999929e+00 1.391536261807403863e+00 2.058206367166979037e-02
6.689999999999999503e+00 1.183308127246803565e+00 1.897975390783397664e-02
6.709999999999999964e+00 1.033225568272660100e+00 1.773532803802873800e-02
6.730000000000000426e+00 9.580320752368640669e-01 1.707779036628955666e-02
6.750000000000000000e+00 9.473771268310305915e-01 1.698255778084566819e-02
6.769999999999999574e+00 9.169344170999156329e-01 1.670747386716593327e-02
6.790000000000000036e+00 8.849695718823283874e-01 1.641367472495015856e-02
6.810000000000000497e+00 8.810120196172496199e-01 1.637693291883258323e-02
6.830000000000000071e+00 9.129768648349166904e-01 1.667137957319536970e-02
6.849999999999999645e+00 8.937979577043002610e-01 1.649534230763877868e-02
6.870000000000000107e+00 8.670083731409946592e-01 1.624625625734809481e-02
6.890000000000000568e+00 8.423497782587870963e-01 1.601355981397199063e-02
6.910000000000000142e+00 8.052096723869138772e-01 1.565655272693456182e-02
6.929999999999999716e+00 7.823776400885734672e-01 1.543298266612720161e-02
6.950000000000000178e+00 7.872484736455800380e-01 1.548094853987430977e-02
6.970000000000000639e+00 7.032265947877839318e-01 1.463151499342953479e-02
6.990000000000000213e+00 7.434109716328332063e-01 1.504375100176621842e-02
7.009999999999999787e+00 6.837432605598972035e-01 1.442740365131657890e-02
7.030000000000000249e+00 6.840476876572383347e-01 1.443061509346079373e-02
7.050000000000000711e+00 6.706528953755359623e-01 1.428862884402175293e-02
7.070000000000000284e+00 6.715661766674979605e-01 1.429835451424252800e-02
7.089999999999999858e+00 6.517784153422707671e-01 1.408612832088484632e-02
7.110000000000000320e+00 6.469075817853278121e-01 1.403339578830509193e-02
7.129999999999999893e+00 6.593890927750681863e-01 1.416812999347048276e-02
7.150000000000000355e+00 6.484297172718527236e-01 1.404989596541863194e-02
7.169999999999999929e+00 6.216401327085361306e-01 1.375660209398834113e-02
7.189999999999999503e+00 6.225534140004407302e-01 1.376670362668706328e-02
7.209999999999999964e+00 6.456898733960848569e-01 1.402018166504667360e-02
7.230000000000000426e+00 6.158560178596046430e-01 1.369245266116862932e-02
7.250000000000000000e+00 6.280331017520617287e-01 1.382715784901012573e-02
7.269999999999999574e+00 6.389924772552201260e-01 1.394728020275632849e-02
7.290000000000000036e+00 6.523872695369211661e-01 1.409270601366557560e-02
7.310000000000000497e+00 6.295552372385875284e-01 1.384390383776594111e-02
7.330000000000000071e+00 6.694351869863227611e-01 1.427565097681784793e-02
7.349999999999999645e+00 6.697396140836037182e-01 1.427889654943544084e-02
7.370000000000000107e+00 6.542138321207856544e-01 1.411242069714009617e-02
7.390000000000000568e+00 6.913539379926654238e-01 1.450747643656362558e-02
7.410000000000000142e+00 7.364091483946860750e-01 1.497273854306118909e-02
7.429999999999999716e+00 7.367135754919641455e-01 1.497583304315413567e-02
7.450000000000000178e+00 7.513260761629124707e-01 1.512362444985147422e-02
7.470000000000000639e+00 7.814643587966412230e-01 1.542397245848978714e-02
7.490000000000000213e+00 7.793333691155007736e-01 1.540292814361066132e-02
7.509999999999999787e+00 7.881617549374773102e-01 1.548992560559753900e-02
7.530000000000000249e+00 7.571101910118165357e-01 1.518172776050568870e-02
7.550000000000000711e+00 7.284940438645743921e-01 1.489205584134867776e-02
7.570000000000000284e+00 7.211877935291489683e-01 1.481718956482699044e-02
7.589999999999999858e+00 7.294073251565066363e-01 1.490138767882301374e-02
7.610000000000000320e+00 7.260586270861207892e-01 1.486714230513889318e-02
7.629999999999999893e+00 7.108372722205836824e-01 1.471047679181060330e-02
7.650000000000000355e+00 6.947026360630834674e-01 1.454256878927503126e-02
7.669999999999999929e+00 6.959203444523572868e-01 1.455530866801261689e-02
7.689999999999999503e+00 7.257541999887778816e-01 1.486402517703915536e-02
7.709999999999999964e+00 7.062708657609225726e-01 1.466315073845804624e-02
7.730000000000000426e+00 6.977469070361907999e-01 1.457439760561535583e-02
7.750000000000000000e+00 6.819166979760631353e-01 1.440811996662226535e-02
7.769999999999999574e+00 6.377747688659771708e-01 1.393398441307763455e-02
7.790000000000000036e+00 6.998778967173969745e-01 1.459663648138244223e-02
7.810000000000000497e+00 6.624333637481462089e-01 1.420079807924999778e-02
7.830000000000000071e+00 6.453854462987740348e-01 1.401687618777214782e-02
7.849999999999999645e+00 6.368614875740450376e-01 1.392400423912458496e-02
7.870000000000000107e+00 6.438633108122203685e-01 1.400033709506484127e-02
7.890000000000000568e+00 6.161604449569154651e-01 1.369583643798073964e-02
7.910000000000000142e+00 6.459943004933955679e-01 1.402348636318686420e-02
7.929999999999999716e+00 6.438633108121917248e-01 1.400033709506421850e-02
7.950000000000000178e+00 6.499518527584352556e-01 1.406637678746696860e-02
7.970000000000000639e+00 6.268153933627909069e-01 1.381374644153848634e-02
7.990000000000000213e+00 6.651732076239723623e-01 1.423013523498078796e-02
8.009999999999999787e+00 6.493429985638137225e-01 1.405978677689798464e-02
8.029999999999999361e+00 6.523872695369211661e-01 1.409270601366557560e-02
8.050000000000000711e+00 6.362526333793953048e-01 1.391734681381433941e-02
8.070000000000000284e+00 6.733927392513623378e-01 1.431778603557204779e-02
8.089999999999999858e+00 6.962247715496062694e-01 1.455849189575151789e-02
8.110000000000001208e+00 6.819166979760631353e-01 1.440811996662226535e-02
8.130000000000000782e+00 6.764370102244697813e-01 1.435011343286848005e-02
8.150000000000000355e+00 6.870919586303457782e-01 1.446269029438814260e-02
8.169999999999999929e+00 6.907450837980747549e-01 1.450108688486188846e-02
8.189999999999999503e+00 6.956159173550465757e-01 1.455212474395220848e-02
8.209999999999999076e+00 7.233187832103241677e-01 1.483906457978592490e-02
8.230000000000000426e+00 6.962247715496062694e-01 1.455849189575151789e-02
8.250000000000000000e+00 7.315383148377142541e-01 1.492313927287544292e-02
8.269999999999999574e+00 7.029221676904420235e-01 1.462834765601902370e-02
8.290000000000000924e+00 6.968336257442895310e-01 1.456485626409867278e-02
8.310000000000000497e+00 7.175346683614201027e-01 1.477961421381131062e-02
8.330000000000000071e+00 7.010956051066399297e-01 1.460932921115589561e-02
8.349999999999999645e+00 7.007911780093292187e-01 1.460615706277171126e-02
8.369999999999999218e+00 7.424976903409009621e-01 1.503450752869581013e-02
8.390000000000000568e+00 7.023133134958206014e-01 1.462201092292722895e-02
8.410000000000000142e+00 6.907450837980747549e-01 1.450108688486188846e-02
8.429999999999999716e+00 7.239276374048814189e-01 1.484530866362071370e-02
8.450000000000001066e+00 7.096195638313407272e-01 1.469787141092512676e-02
8.470000000000000639e+00 7.403667006597257627e-01 1.501291729236432088e-02
8.490000000000000213e+00 7.501083677736695154e-01 1.511136370649046080e-02
8.509999999999999787e+00 7.272763354753638554e-01 1.487960428746540158e-02
8.529999999999999361e+00 7.488906593844265602e-01 1.509909300718188623e-02
8.550000000000000711e+00 7.312338877403385951e-01 1.492003384379609297e-02
8.570000000000000284e+00 7.494995135790479823e-01 1.510522960284559936e-02
8.589999999999999858e+00 7.583278994009922114e-01 1.519393172369733550e-02
8.610000000000001208e+00 7.373224296866183192e-01 1.498202012585756783e-02
8.630000000000000782e+00 7.507172219682909375e-01 1.511749532114996762e-02
8.650000000000000355e+00 7.230143561130134566e-01 1.483594155237476578e-02
8.669999999999999929e+00 7.306250335457820100e-01 1.491382104575840299e-02
8.689999999999999503e+00 7.464552426059405388e-01 1.507452164345232486e-02
8.709999999999999076e+00 7.586323264983703130e-01 1.519698118318221422e-02
8.730000000000000426e+00 7.464552426058743695e-01 1.507452164345098738e-02
8.750000000000000000e+00 7.689828478069354878e-01 1.530030118133671874e-02
8.769999999999999574e+00 7.409755548542814596e-01 1.501908909829373709e-02
8.790000000000000924e+00 7.808555046020544399e-01 1.541796272810122548e-02
8.810000000000000497e+00 7.361047212973753640e-01 1.496964340327761739e-02
8.830000000000000071e+00 7.424976903409009621e-01 1.503450752869581013e-02
8.849999999999999645e+00 7.333648774215786315e-01 1.494175829355767933e-02
8.869999999999999218e+00 7.905971717159983037e-01 1.551383905187829308e-02
8.890000000000000568e+00 7.863351923535780719e-01 1.547196626552239072e-02
8.910000000000000142e+00 7.924237342998626810e-01 1.553174997458580883e-02
8.929999999999999716e+00 7.881617549374423382e-01 1.548992560559685379e-02
8.950000000000001066e+00 7.881617549375122822e-01 1.548992560559822769e-02
8.970000000000000639e+00 8.073406620680890766e-01 1.567725659336867070e-02
8.990000000000000213e+00 7.814643587966759730e-01 1.542397245849047409e-02
9.009999999999999787e+00 7.817687858939866841e-01 1.542697644575403287e-02
9.029999999999999361e+00 7.875529007428908601e-01 1.548394147340442437e-02
9.050000000000000711e+00 8.274328504905246184e-01 1.587113672344743140e-02
9.070000000000000284e+00 8.109937872358180533e-01 1.571268546701186722e-02
9.089999999999999858e+00 8.240841524201067969e-01 1.583898817668017225e-02
9.110000000000001208e+00 8.167779020847221183e-01 1.576861838840707894e-02
9.130000000000000782e+00 8.444807679399997102e-01 1.603380269676288675e-02
9.150000000000000355e+00 8.277372775879088262e-01 1.587405609011078786e-02
9.169999999999999929e+00 8.335213924368128913e-01 1.592942240151686353e-02
9.189999999999999503e+00 8.076450891653997877e-01 1.568021205698119647e-02
9.209999999999999076e+00 8.460029034265533765e-01 1.604824626576393382e-02
9.230000000000000426e+00 8.353479550206032167e-01 1.594686656341503389e-02
9.250000000000000000e+00 8.164734749874114073e-01 1.576567949761864193e-02
9.269999999999999574e+00 8.554401434431104789e-01 1.613750785565876145e-02
9.290000000000000924e+00 8.505693098862144863e-01 1.609149918653516101e-02
9.310000000000000497e+00 8.283461317825303594e-01 1.587989321334175308e-02
9.330000000000000071e+00 8.944068118989614291e-01 1.650095965577020804e-02
9.349999999999999645e+00 8.609198311947797722e-01 1.618911131680430410e-02
9.369999999999999218e+00 8.852739989796392095e-01 1.641649761167237459e-02
9.390000000000000568e+00 8.694437899194034092e-01 1.626905803173593276e-02
9.410000000000000142e+00 8.636596750705765047e-01 1.621485146235002173e-02
9.429999999999999716e+00 8.895359783419106714e-01 1.645596718032930894e-02
9.450000000000001066e+00 8.998864996505547831e-01 1.655142999857543706e-02
9.470000000000000639e+00 8.871005615635035868e-01 1.643342474895318622e-02
9.490000000000000213e+00 9.120635835429845573e-01 1.666303901756293129e-02
9.509999999999999787e+00 9.452461371498553921e-01 1.696344710772909256e-02
9.529999999999999361e+00 9.516391061933809903e-01 1.702071475543375650e-02
9.550000000000000711e+00 9.997385875683896250e-01 1.744555864060991918e-02
9.570000000000000284e+00 1.012220098558218817e+00 1.755412277625037487e-02
9.589999999999999858e+00 1.040531818608025461e+00 1.779792350804669174e-02
9.610000000000001208e+00 1.137035208455623225e+00 1.860495439527494119e-02
9.630000000000000782e+00 1.188178960803828010e+00 1.901877683036435132e-02
9.650000000000000355e+00 1.197616200820460941e+00 1.909415679489650033e-02
9.669999999999999929e+00 1.255457349309502035e+00 1.954981423563228321e-02
9.689999999999999503e+00 1.244802400903626038e+00 1.946667875197343606e-02
9.709999999999999076e+00 1.301425841003424066e+00 1.990450429279424019e-02
9.730000000000000426e+00 1.312080789409183712e+00 1.998581862614063481e-02
9.750000000000000000e+00 1.363224541757504849e+00 2.037160990766326979e-02
9.769999999999999574e+00 1.280724798386180030e+00 1.974556489003432419e-02
9.790000000000000924e+00 1.229581046038088932e+00 1.934729409384376361e-02
9.810000000000000497e+00 1.220752660216077423e+00 1.927771223158877834e-02
9.830000000000000071e+00 1.151343282029228199e+00 1.872164772012286163e-02
9.849999999999999645e+00 1.113898749060006743e+00 1.841469421072218157e-02
9.869999999999999218e+00 1.064581559295666446e+00 1.800242966787882898e-02
9.890000000000000568e+00 1.074323226409514831e+00 1.808460951719254722e-02
9.910000000000000142e+00 1.048446923138197207e+00 1.786548777658590950e-02
9.929999999999999716e+00 1.029268016007528930e+00 1.770132973728050577e-02
9.950000000000001066e+00 1.041445099900049964e+00 1.780573246937818335e-02
9.970000000000000639e+00 1.000651868860410465e+00 1.745352525582567066e-02
9.990000000000000213e+00 1.011306817266286462e+00 1.754620183603679620e-02
