# E / keV # rel_F # rel_F_err #
2.012012012012012185e+00 1.043141419519140412e+00 3.744659463679277794e-02
2.036036036036035668e+00 9.934040064750577770e-01 3.654295709483625088e-02
2.060060060060060039e+00 9.248470317386022765e-01 3.525946252912247336e-02
2.084084084084084409e+00 9.140929964858447443e-01 3.505386624276127239e-02
2.108108108108107892e+00 8.804866363209240543e-01 3.440345972172018096e-02
2.132132132132132263e+00 8.226836968372602810e-01 3.325501743660433385e-02
2.156156156156155745e+00 8.428475129362127394e-01 3.366008739373210767e-02
2.180180180180180116e+00 8.132739159910674642e-01 3.306428655424509255e-02
2.204204204204204487e+00 7.420284324414504473e-01 3.158282745622308096e-02
2.228228228228227970e+00 7.568152309140155909e-01 3.189595913490866214e-02
2.252252252252252340e+00 6.896025105841740999e-01 3.044669462606759691e-02
2.276276276276276267e+00 6.438978607598699888e-01 2.942044419659077190e-02
2.300300300300300194e+00 7.043893090567392434e-01 3.077138983957693544e-02
2.324324324324324564e+00 7.111105810897233592e-01 3.091785135172710197e-02
2.348348348348348047e+00 6.667501856720279285e-01 2.993796711850820261e-02
2.372372372372372418e+00 6.775042209247901237e-01 3.017843658087815753e-02
2.396396396396396788e+00 6.277668078807199237e-01 2.904958343606468471e-02
2.420420420420420271e+00 6.492748783862691830e-01 2.954302991169598450e-02
2.444444444444444642e+00 6.613731680456406137e-01 2.981700514052775669e-02
2.468468468468468124e+00 6.936352738039646137e-01 3.053559027400614204e-02
2.492492492492492495e+00 6.667501856720156050e-01 2.993796711850765097e-02
2.516516516516516866e+00 6.358323343203008404e-01 2.923560187967427088e-02
2.540540540540540349e+00 6.640616768588343266e-01 2.987754734528201908e-02
2.564564564564564719e+00 5.955047021223959236e-01 2.829328224114628296e-02
2.588588588588588202e+00 5.820621580564275810e-01 2.797212220909621808e-02
2.612612612612612573e+00 6.250782990675146644e-01 2.898731201732134347e-02
2.636636636636636943e+00 6.197012814411388959e-01 2.886236612530153692e-02
2.660660660660660426e+00 5.672753595838625484e-01 2.761453243990216397e-02
2.684684684684684797e+00 5.874391756828150069e-01 2.810102668087473624e-02
2.708708708708708279e+00 5.847506668696212939e-01 2.803664852830886622e-02
2.732732732732732650e+00 6.089472461883529419e-01 2.861083744097126999e-02
2.756756756756757021e+00 6.129800094081547801e-01 2.870541897974454928e-02
2.780780780780780503e+00 5.941604477157991226e-01 2.826133047235230081e-02
2.804804804804804874e+00 5.605540875508679965e-01 2.745045176907123449e-02
2.828828828828829245e+00 5.834064124630244930e-01 2.800440395349040185e-02
2.852852852852852727e+00 5.955047021223959236e-01 2.829328224114628296e-02
2.876876876876877098e+00 6.089472461883642662e-01 2.861083744097179735e-02
2.900900900900900581e+00 5.713081228036529513e-01 2.771251453050361038e-02
2.924924924924924952e+00 5.390460170453190702e-01 2.691867351433994970e-02
2.948948948948949322e+00 5.296362361991512335e-01 2.668268810303918437e-02
2.972972972972972805e+00 4.946856216276336315e-01 2.578727063403645284e-02
2.996996996996997176e+00 5.336689994189417474e-01 2.678407930344132298e-02
3.021021021021020658e+00 5.403902714519258632e-01 2.695221704575170851e-02
3.045045045045045029e+00 5.282919817925446626e-01 2.664880531082749332e-02
3.069069069069069400e+00 5.054396568804082612e-01 2.606606004041038538e-02
3.093093093093092882e+00 5.672753595838625484e-01 2.761453243990216397e-02
3.117117117117117253e+00 5.444230346717062741e-01 2.705259808983689548e-02
3.141141141141141180e+00 4.812430775616742262e-01 2.543448697450988519e-02
3.165165165165165106e+00 4.678005334956883976e-01 2.507674078822676178e-02
3.189189189189189477e+00 5.121609289133924880e-01 2.623879924041025782e-02
3.213213213213212960e+00 5.040954024738114603e-01 2.603137464907729140e-02
3.237237237237237331e+00 4.678005334956883976e-01 2.507674078822676178e-02
3.261261261261261257e+00 4.691447879023025180e-01 2.511274474185602387e-02
3.285285285285285184e+00 4.436039541769458694e-01 2.441959398077959281e-02
3.309309309309309555e+00 4.355384277373731128e-01 2.419657931874295148e-02
3.333333333333333037e+00 4.785545687484716870e-01 2.536334141703688871e-02
3.357357357357357408e+00 5.014068936606085325e-01 2.596186484637205347e-02
3.381381381381381335e+00 4.825873319682710827e-01 2.546998522901353784e-02
3.405405405405405261e+00 4.933413672210276713e-01 2.575220974680346442e-02
3.429429429429429632e+00 4.422596997703572286e-01 2.438256652357364065e-02
3.453453453453453115e+00 4.624235158693096870e-01 2.493220505533593964e-02
3.477477477477477485e+00 4.489809718033331287e-01 2.456714574029198947e-02
3.501501501501501856e+00 4.153746116384206544e-01 2.362983605705706522e-02
3.525525525525525339e+00 4.449482085835509415e-01 2.445656537815161374e-02
3.549549549549549710e+00 4.274729012977921405e-01 2.397148996767387019e-02
3.573573573573573192e+00 4.234401380780016266e-01 2.385814895463024207e-02
3.597597597597597563e+00 4.140303572318161374e-01 2.359156909096380220e-02
3.621621621621621934e+00 4.207516292648079692e-01 2.378228819356989487e-02
3.645645645645645416e+00 4.315056645175825989e-01 2.408429760236436776e-02
3.669669669669669787e+00 4.422596997703490684e-01 2.438256652357318963e-02
3.693693693693693714e+00 3.965550499460723244e-01 2.308832764295075043e-02
3.717717717717717640e+00 4.247843924845906005e-01 2.389598902433121702e-02
3.741741741741742011e+00 4.449482085835509415e-01 2.445656537815161374e-02
3.765765765765765494e+00 4.194073748582111127e-01 2.374426692514130383e-02
3.789789789789789864e+00 4.462924629901394713e-01 2.449348096954446705e-02
3.813813813813813791e+00 4.099975940120408890e-01 2.347639394039881949e-02
3.837837837837837718e+00 4.086533396054289335e-01 2.343787645105884637e-02
3.861861861861862089e+00 3.454733824953854504e-01 2.155003751229529405e-02
3.885885885885885571e+00 3.535389089349664227e-01 2.180014303254142194e-02
3.909909909909909942e+00 3.763912338471055996e-01 2.249367854983663068e-02
3.933933933933933869e+00 4.126861028252346020e-01 2.355323995258623918e-02
3.957957957957957795e+00 3.683257074075247384e-01 2.225136973863521203e-02
3.981981981981982166e+00 3.763912338471125385e-01 2.249367854983704354e-02
4.006006006006005649e+00 3.441291280887886495e-01 2.150807050554929059e-02
4.030030030030030019e+00 3.629486897811375345e-01 2.208835384556375597e-02
4.054054054054054390e+00 3.279980752096327001e-01 2.099792508691836201e-02
4.078078078078077873e+00 3.763912338471055996e-01 2.249367854983663068e-02
4.102102102102102243e+00 3.763912338471055996e-01 2.249367854983663068e-02
4.126126126126125726e+00 3.199325487700516168e-01 2.073814693982818647e-02
4.150150150150150097e+00 3.279980752096205987e-01 2.099792508691758486e-02
4.174174174174174468e+00 3.521946545283761165e-01 2.175865842210008075e-02
4.198198198198197950e+00 3.521946545283630714e-01 2.175865842209927584e-02
4.222222222222222321e+00 3.158997855502493346e-01 2.060702983859897738e-02
4.246246246246246692e+00 3.279980752096205987e-01 2.099792508691758486e-02
4.270270270270270174e+00 3.024572414842924828e-01 2.016381609895282964e-02
4.294294294294294545e+00 2.943917150447113440e-01 1.989314857468417463e-02
4.318318318318318028e+00 3.253095663964269968e-01 2.091169094397899580e-02
4.342342342342342398e+00 3.414406192755886638e-01 2.142388986744359416e-02
4.366366366366366769e+00 3.011129870776844686e-01 2.011895772058543835e-02
4.390390390390390252e+00 3.239653119898421307e-01 2.086844024422693580e-02
4.414414414414414622e+00 2.930474606381144875e-01 1.984767846134161476e-02
4.438438438438438105e+00 3.253095663964269968e-01 2.091169094397899580e-02
4.462462462462462476e+00 3.185882943634429365e-01 2.069453354362495515e-02
4.486486486486486847e+00 3.481618913085726685e-01 2.163372729329430394e-02
4.510510510510510329e+00 3.333750928360201260e-01 2.116933956443742965e-02
4.534534534534534700e+00 2.769164077589522099e-01 1.929368034847014565e-02
4.558558558558558182e+00 3.454733824953790666e-01 2.155003751229489506e-02
4.582582582582582553e+00 3.253095663964269968e-01 2.091169094397899580e-02
4.606606606606606924e+00 2.863261886051196026e-01 1.961874717601764032e-02
4.630630630630630407e+00 2.903589518249207746e-01 1.975642428390051233e-02
4.654654654654654777e+00 3.279980752096327001e-01 2.099792508691836201e-02
4.678678678678678260e+00 2.459985564072154351e-01 1.818473655203319689e-02
4.702702702702702631e+00 2.446543020006186342e-01 1.813498341761572361e-02
4.726726726726727001e+00 2.769164077589419959e-01 1.929368034846943442e-02
4.750750750750750484e+00 2.634738636929836453e-01 1.881956169235597665e-02
4.774774774774774855e+00 2.849819341985333487e-01 1.957263959834936243e-02
4.798798798798798337e+00 2.876704430117164035e-01 1.966474664637597389e-02
4.822822822822822708e+00 2.836376797919260007e-01 1.952642314755035496e-02
4.846846846846847079e+00 2.715393901325547366e-01 1.910544481948263720e-02
4.870870870870870561e+00 2.513755740336119371e-01 1.838240253899084409e-02
4.894894894894894932e+00 2.352445211544496873e-01 1.778281429328991761e-02
4.918918918918918415e+00 2.419657931874250323e-01 1.803506539322459815e-02
4.942942942942942786e+00 2.419657931874250323e-01 1.803506539322459815e-02
4.966966966966967156e+00 2.379330299676346017e-01 1.788414169058506059e-02
4.990990990990990639e+00 2.419657931874339696e-01 1.803506539322526428e-02
5.015015015015015010e+00 2.473428108138122639e-01 1.823435393361956189e-02
5.039039039039039380e+00 2.244904859016748633e-01 1.737159534735931155e-02
5.063063063063062863e+00 2.486870652204090648e-01 1.828383666756411632e-02
5.087087087087087234e+00 2.244904859016665644e-01 1.737159534735866970e-02
5.111111111111110716e+00 2.244904859016748633e-01 1.737159534735931155e-02
5.135135135135135087e+00 2.298675035280537682e-01 1.757840733829413651e-02
5.159159159159159458e+00 2.191134682752874374e-01 1.716229137597236401e-02
5.183183183183182940e+00 2.164249594620857309e-01 1.705667627219452712e-02
5.207207207207207311e+00 2.177692138686825318e-01 1.710956531780099404e-02
5.231231231231231682e+00 2.110479418356984993e-01 1.684345943729565268e-02
5.255255255255255165e+00 2.029824153961251598e-01 1.651847469828599674e-02
5.279279279279279535e+00 2.150807050554968680e-01 1.700362271825655094e-02
5.303303303303303018e+00 1.949168889565368323e-01 1.618696657499375108e-02
5.327327327327327389e+00 2.540640828467962686e-01 1.848044271452342277e-02
5.351351351351351759e+00 1.949168889565368323e-01 1.618696657499375108e-02
5.375375375375375242e+00 2.110479418357062986e-01 1.684345943729627718e-02
5.399399399399399613e+00 1.855071081103660535e-01 1.579141372811183192e-02
5.423423423423423095e+00 2.164249594620857309e-01 1.705667627219452712e-02
5.447447447447447466e+00 2.191134682752793328e-01 1.716229137597172910e-02
5.471471471471471837e+00 1.653432920114071003e-01 1.490850257026360252e-02
5.495495495495495319e+00 2.312117579346591456e-01 1.762973126456188894e-02
5.519519519519519690e+00 2.016381609895283034e-01 1.646368690325042405e-02
5.543543543543543173e+00 1.908841257367464017e-01 1.601863999130388391e-02
5.567567567567567544e+00 1.707203096377943319e-01 1.514897780466312877e-02
5.591591591591591914e+00 1.801300904839719663e-01 1.556086976662167908e-02
5.615615615615615397e+00 1.814743448905754841e-01 1.561882478944666246e-02
5.639639639639639768e+00 1.935726345499471923e-01 1.613105287916226371e-02
5.663663663663663250e+00 1.922283801433432027e-01 1.607494469914764676e-02
5.687687687687687621e+00 1.908841257367464017e-01 1.601863999130388391e-02
5.711711711711711992e+00 2.137364506488921012e-01 1.695040311128717322e-02
5.735735735735735474e+00 1.949168889565440488e-01 1.618696657499434782e-02
5.759759759759759845e+00 1.586220199784289520e-01 1.460234054319024290e-02
5.783783783783783328e+00 1.949168889565368323e-01 1.618696657499375108e-02
5.807807807807807698e+00 1.787858360773751654e-01 1.550269808723970903e-02
5.831831831831832069e+00 1.868513625169559988e-01 1.584852571825011436e-02
5.855855855855855552e+00 1.787858360773817712e-01 1.550269808724028323e-02
5.879879879879879923e+00 1.814743448905754841e-01 1.561882478944666246e-02
5.903903903903903405e+00 1.680318008246007022e-01 1.502922116102049788e-02
5.927927927927927776e+00 1.787858360773751654e-01 1.550269808723970903e-02
5.951951951951952147e+00 1.599662743850198687e-01 1.466408433039501774e-02
5.975975975975975629e+00 1.720645640443974889e-01 1.520850250471256042e-02
6.000000000000000000e+00 1.814743448905687673e-01 1.561882478944608653e-02
6.024024024024024371e+00 1.613105287916226371e-01 1.472556923037638202e-02
6.048048048048047853e+00 1.357696950662773683e-01 1.350958958944156567e-02
6.072072072072072224e+00 1.639990376048102994e-01 1.484777521980655199e-02
6.096096096096095707e+00 1.451794759124603873e-01 1.396990158314463312e-02
6.120120120120120077e+00 1.734088184509879338e-01 1.526779513700278826e-02
6.144144144144144448e+00 1.787858360773817712e-01 1.550269808724028323e-02
6.168168168168167931e+00 1.976053977697304342e-01 1.629821851366813554e-02
6.192192192192192302e+00 1.478679847256486324e-01 1.409865915830446279e-02
6.216216216216215784e+00 2.231462314950780068e-01 1.731950648842918439e-02
6.240240240240240155e+00 1.828185992971655682e-01 1.567656555859957973e-02
6.264264264264264526e+00 2.325560123412560021e-01 1.768090620896808213e-02
6.288288288288288008e+00 2.083594330225048974e-01 1.673583239628415389e-02
6.312312312312312379e+00 2.218019770884729347e-01 1.726726049763144949e-02
6.336336336336335862e+00 2.070151786159157292e-01 1.668175848305207543e-02
6.360360360360360232e+00 2.325560123412473978e-01 1.768090620896742640e-02
6.384384384384384603e+00 1.895398713301496008e-01 1.596213667593862975e-02
6.408408408408408974e+00 2.056709242093188728e-01 1.662750871830247223e-02
6.432432432432432456e+00 1.559335111652294659e-01 1.447806304448118718e-02
6.456456456456455939e+00 1.801300904839786277e-01 1.556086976662225500e-02
6.480480480480480310e+00 1.626547831982134984e-01 1.478679847256486254e-02
6.504504504504504681e+00 1.881956169235527998e-01 1.590543263641986532e-02
6.528528528528529051e+00 1.720645640443974889e-01 1.520850250471256042e-02
6.552552552552552534e+00 1.626547831982134984e-01 1.478679847256486254e-02
6.576576576576576016e+00 1.505564935388478132e-01 1.422625143463193513e-02
6.600600600600600387e+00 1.478679847256486324e-01 1.409865915830446279e-02
6.624624624624624758e+00 1.613105287916166974e-01 1.472556923037583732e-02
6.648648648648649129e+00 1.559335111652352390e-01 1.447806304448172321e-02
6.672672672672672611e+00 1.371139494728741692e-01 1.357630401783942349e-02
6.696696696696696094e+00 1.572777655718320955e-01 1.454033457076014078e-02
6.720720720720720465e+00 1.088846069343412659e-01 1.209828965937125196e-02
6.744744744744744835e+00 1.693760552311975309e-01 1.508921829043907877e-02
6.768768768768769206e+00 1.478679847256541002e-01 1.409865915830498494e-02
6.792792792792792689e+00 1.344254406596805673e-01 1.344254406596805639e-02
6.816816816816816171e+00 1.478679847256541002e-01 1.409865915830498494e-02
6.840840840840840542e+00 1.572777655718262668e-01 1.454033457075960302e-02
6.864864864864864913e+00 1.156058789673252846e-01 1.246610252766773910e-02
6.888888888888889284e+00 1.277041686267012532e-01 1.310217124820275969e-02
6.912912912912912766e+00 1.492122391322454333e-01 1.416259898365046684e-02
6.936936936936937137e+00 1.182943877805189004e-01 1.261022410782750014e-02
6.960960960960960620e+00 1.357696950662823920e-01 1.350958958944206527e-02
6.984984984984984990e+00 1.182943877805189004e-01 1.261022410782750014e-02
7.009009009009009361e+00 1.317369318464918226e-01 1.330743969162348841e-02
7.033033033033032844e+00 1.303926774398901645e-01 1.323937050000974225e-02
7.057057057057057214e+00 1.303926774398901645e-01 1.323937050000974225e-02
7.081081081081080697e+00 1.209828965937169848e-01 1.275271703869241234e-02
7.105105105105105068e+00 1.330811862530837664e-01 1.337516246839035895e-02
7.129129129129129439e+00 1.182943877805232719e-01 1.261022410782796678e-02
7.153153153153152921e+00 1.129173701541316827e-01 1.232029514301561345e-02
7.177177177177177292e+00 1.223271510003093171e-01 1.282336975130166958e-02
7.201201201201200774e+00 1.250156598135075681e-01 1.296352003114589757e-02
7.225225225225225145e+00 1.182943877805189004e-01 1.261022410782750014e-02
7.249249249249249516e+00 1.505564935388478132e-01 1.422625143463193513e-02
7.273273273273272999e+00 1.303926774398901645e-01 1.323937050000974225e-02
7.297297297297297369e+00 1.519007479454390352e-01 1.428962035153513548e-02
7.321321321321320852e+00 1.438352215058635308e-01 1.390507570396838470e-02
7.345345345345345223e+00 1.747530728575847347e-01 1.532685839482902414e-02
7.369369369369369593e+00 1.492122391322509567e-01 1.416259898365099072e-02
7.393393393393393076e+00 2.365887755610378007e-01 1.783354995785381078e-02
7.417417417417417447e+00 2.406215387808282313e-01 1.798489821567618788e-02
7.441441441441440929e+00 2.567525916599993629e-01 1.857796551681903732e-02
7.465465465465465300e+00 2.500313196270058658e-01 1.833318584414113731e-02
7.489489489489489671e+00 2.459985564072154351e-01 1.818473655203319689e-02
7.513513513513514042e+00 2.527198284402087936e-01 1.843148781339021616e-02
7.537537537537537524e+00 2.312117579346505691e-01 1.762973126456123668e-02
7.561561561561561007e+00 2.244904859016748633e-01 1.737159534735931155e-02
7.585585585585585378e+00 2.231462314950697357e-01 1.731950648842854601e-02
7.609609609609609748e+00 1.519007479454390352e-01 1.428962035153513548e-02
7.633633633633634119e+00 1.693760552312037759e-01 1.508921829043963561e-02
7.657657657657657602e+00 1.492122391322454333e-01 1.416259898365046684e-02
7.681681681681681084e+00 1.196386421871201283e-01 1.268167070851868028e-02
7.705705705705705455e+00 1.384582038794709979e-01 1.364269220844836761e-02
7.729729729729729826e+00 1.196386421871157013e-01 1.268167070851821017e-02
7.753753753753754197e+00 1.250156598135075681e-01 1.296352003114589757e-02
7.777777777777777679e+00 1.572777655718262668e-01 1.454033457075960302e-02
7.801801801801801162e+00 1.277041686267012532e-01 1.310217124820275969e-02
7.825825825825825532e+00 1.344254406596805673e-01 1.344254406596805639e-02
7.849849849849849903e+00 1.505564935388422343e-01 1.422625143463140777e-02
7.873873873873874274e+00 1.411467126926698179e-01 1.377450872132221331e-02
7.897897897897897757e+00 1.156058789673252846e-01 1.246610252766773910e-02
7.921921921921922127e+00 1.250156598135029329e-01 1.296352003114541879e-02
7.945945945945945610e+00 1.303926774398949662e-01 1.323937050001023144e-02
7.969969969969969981e+00 1.250156598135029329e-01 1.296352003114541879e-02
7.993993993993994351e+00 1.599662743850258084e-01 1.466408433039555897e-02
8.018018018018018722e+00 1.424909670992614008e-01 1.383994618571266801e-02
8.042042042042041317e+00 1.693760552311975309e-01 1.508921829043907877e-02
8.066066066066067464e+00 1.344254406596805673e-01 1.344254406596805639e-02
8.090090090090090058e+00 1.196386421871245415e-01 1.268167070851914692e-02
8.114114114114112652e+00 1.156058789673252846e-01 1.246610252766773910e-02
8.138138138138138800e+00 1.559335111652294659e-01 1.447806304448118718e-02
8.162162162162161394e+00 1.626547831982134984e-01 1.478679847256486254e-02
8.186186186186187541e+00 1.814743448905687673e-01 1.561882478944608653e-02
8.210210210210210136e+00 1.438352215058688321e-01 1.390507570396889644e-02
8.234234234234232730e+00 1.734088184509879338e-01 1.526779513700278826e-02
8.258258258258258877e+00 1.505564935388422343e-01 1.422625143463140777e-02
8.282282282282281471e+00 1.814743448905687673e-01 1.561882478944608653e-02
8.306306306306307619e+00 1.707203096377943319e-01 1.514897780466312877e-02
8.330330330330330213e+00 1.519007479454502485e-01 1.428962035153619019e-02
8.354354354354352807e+00 1.613105287916166974e-01 1.472556923037583732e-02
8.378378378378378954e+00 1.384582038794709979e-01 1.364269220844836761e-02
8.402402402402401549e+00 1.626547831982134984e-01 1.478679847256486254e-02
8.426426426426427696e+00 1.371139494728741692e-01 1.357630401783942349e-02
8.450450450450450290e+00 1.438352215058688321e-01 1.390507570396889644e-02
8.474474474474474661e+00 1.384582038794607561e-01 1.364269220844735800e-02
8.498498498498499032e+00 1.572777655718378687e-01 1.454033457076067681e-02
8.522522522522521626e+00 1.371139494728741692e-01 1.357630401783942349e-02
8.546546546546547773e+00 1.250156598135029329e-01 1.296352003114541879e-02
8.570570570570570368e+00 1.599662743850316926e-01 1.466408433039610021e-02
8.594594594594594739e+00 1.236714054068969726e-01 1.289363531701703466e-02
8.618618618618619109e+00 1.478679847256595403e-01 1.409865915830550362e-02
8.642642642642641704e+00 1.532450023520358640e-01 1.435270948987200923e-02
8.666666666666667851e+00 1.451794759124550027e-01 1.396990158314411618e-02
8.690690690690690445e+00 1.263599142201090597e-01 1.303303002020591260e-02
8.714714714714714816e+00 1.424909670992508537e-01 1.383994618571164452e-02
8.738738738738739187e+00 1.236714054069152496e-01 1.289363531701893939e-02
8.762762762762761781e+00 1.182943877805189004e-01 1.261022410782750014e-02
8.786786786786787928e+00 1.492122391322454333e-01 1.416259898365046684e-02
8.810810810810810523e+00 1.303926774398997679e-01 1.323937050001071890e-02
8.834834834834834894e+00 1.344254406596706308e-01 1.344254406596706239e-02
8.858858858858859264e+00 1.250156598135121477e-01 1.296352003114637462e-02
8.882882882882881859e+00 1.424909670992614008e-01 1.383994618571266801e-02
8.906906906906908006e+00 1.317369318464869654e-01 1.330743969162299749e-02
8.930930930930930600e+00 1.290484230333028837e-01 1.317094952260082497e-02
8.954954954954954971e+00 1.519007479454278220e-01 1.428962035153407903e-02
8.978978978978979342e+00 1.411467126926750082e-01 1.377450872132271985e-02
9.003003003003001936e+00 1.505564935388422343e-01 1.422625143463140777e-02
9.027027027027028083e+00 1.303926774398901645e-01 1.323937050000974225e-02
9.051051051051050678e+00 1.545892567586440725e-01 1.441552252297320126e-02
9.075075075075075048e+00 1.841628537037487690e-01 1.573409443287693277e-02
9.099099099099099419e+00 1.451794759124657441e-01 1.396990158314514660e-02
9.123123123123122014e+00 1.277041686266965348e-01 1.310217124820227397e-02
9.147147147147148161e+00 1.330811862530837664e-01 1.337516246839035895e-02
9.171171171171170755e+00 1.545892567586440725e-01 1.441552252297320126e-02
9.195195195195195126e+00 1.532450023520245119e-01 1.435270948987094758e-02
9.219219219219219497e+00 1.303926774398997679e-01 1.323937050001071890e-02
9.243243243243242091e+00 1.465237303190518314e-01 1.403442803082432036e-02
9.267267267267268238e+00 1.398024582860677989e-01 1.370875890094040359e-02
9.291291291291290833e+00 1.478679847256595403e-01 1.409865915830550362e-02
9.315315315315315203e+00 1.572777655718146372e-01 1.454033457075852749e-02
9.339339339339339574e+00 1.626547831982254888e-01 1.478679847256595369e-02
9.363363363363362168e+00 1.411467126926645999e-01 1.377450872132170330e-02
9.387387387387388316e+00 1.639990376048102994e-01 1.484777521980655199e-02
9.411411411411410910e+00 1.828185992971790574e-01 1.567656555860073506e-02
9.435435435435435281e+00 1.707203096377817031e-01 1.514897780466200813e-02
9.459459459459459651e+00 1.855071081103728814e-01 1.579141372811241131e-02
9.483483483483482246e+00 2.097036874291016983e-01 1.678973215707055613e-02
9.507507507507508393e+00 1.895398713301496008e-01 1.596213667593862975e-02
9.531531531531530987e+00 2.527198284402181194e-01 1.843148781339089270e-02
9.555555555555555358e+00 2.688508813193412617e-01 1.901062813088858980e-02
9.579579579579579729e+00 3.266538208030478896e-01 2.095485237471772164e-02
9.603603603603602323e+00 3.468176369019758676e-01 2.159192295028333070e-02
9.627627627627628470e+00 4.073090851988321326e-01 2.339929555831636587e-02
9.651651651651651065e+00 4.395711909571879406e-01 2.430834240455834530e-02
9.675675675675675436e+00 4.785545687484274446e-01 2.536334141703454337e-02
9.699699699699699806e+00 4.328499189242033807e-01 2.412178291314664644e-02
9.723723723723722401e+00 4.866200951880436665e-01 2.557618437717175744e-02
9.747747747747748548e+00 5.350132538255286674e-01 2.681779118500743006e-02
9.771771771771771142e+00 4.624235158693352776e-01 2.493220505533732048e-02
9.795795795795795513e+00 3.898337779130447989e-01 2.289182766403443509e-02
9.819819819819819884e+00 3.441291280888076898e-01 2.150807050555048061e-02
9.843843843843842478e+00 3.441291280887822657e-01 2.150807050554889160e-02
9.867867867867868625e+00 2.836376797919260007e-01 1.952642314755035496e-02
9.891891891891891220e+00 2.016381609895357419e-01 1.646368690325103121e-02
9.915915915915915591e+00 2.097036874290861830e-01 1.678973215706931407e-02
9.939939939939939961e+00 1.989496521763419179e-01 1.635356067127184329e-02
9.963963963963962556e+00 2.056709242093112677e-01 1.662750871830185814e-02
9.987987987987988703e+00 1.841628537037623692e-01 1.573409443287809503e-02
