# E / keV # rel_F # rel_F_err #
2.008000000000000007e+00 4.382667831758272570e+00 4.718004183561349402e-02
2.024000000000000021e+00 4.182555289666169074e+00 4.609033756540596716e-02
2.040000000000000036e+00 4.051009227732527584e+00 4.535975078603137617e-02
2.056000000000000050e+00 3.810264697398372480e+00 4.399128186126688433e-02
2.072000000000000064e+00 3.515682782643499760e+00 4.225653521751891739e-02
2.088000000000000078e+00 3.433403006453345618e+00 4.175912932947063727e-02
2.104000000000000092e+00 3.212974470240216540e+00 4.039640158739573467e-02
2.120000000000000107e+00 3.124091995960729395e+00 3.983372773902841418e-02
2.136000000000000121e+00 2.955469244756215641e+00 3.874380460194234987e-02
2.152000000000000135e+00 2.823415282969548468e+00 3.786835363797305676e-02
2.168000000000000149e+00 2.733009109130984271e+00 3.725714595678753654e-02
2.184000000000000163e+00 2.792433391934984410e+00 3.766001207312175136e-02
2.200000000000000178e+00 2.704566717361548189e+00 3.706277159422883410e-02
2.216000000000000192e+00 2.639555536174265971e+00 3.661461277790509922e-02
2.232000000000000206e+00 2.660379430148317237e+00 3.675875843339616866e-02
2.248000000000000220e+00 2.716756313834163716e+00 3.714619943551236009e-02
2.264000000000000234e+00 2.654284631912009473e+00 3.671662803739379755e-02
2.280000000000000249e+00 2.707614116479701849e+00 3.708364615042857720e-02
2.296000000000000263e+00 2.668505827796801455e+00 3.681485729615292801e-02
2.311999999999999833e+00 2.620763241612316996e+00 3.648404124038211876e-02
2.327999999999999847e+00 2.652760932352932421e+00 3.670608788272351070e-02
2.343999999999999861e+00 2.646666134116625102e+00 3.666389696316773444e-02
2.359999999999999876e+00 2.725898511188625140e+00 3.720864755934460977e-02
2.375999999999999890e+00 2.602478846903394150e+00 3.635654856892466674e-02
2.391999999999999904e+00 2.682727023681445555e+00 3.691282515651879426e-02
2.407999999999999918e+00 2.666982128237650684e+00 3.680434527272451184e-02
2.423999999999999932e+00 2.658855730589240185e+00 3.674823036259927678e-02
2.439999999999999947e+00 2.606542045727599177e+00 3.638491888035764316e-02
2.455999999999999961e+00 2.641079235733343022e+00 3.662517925769158411e-02
2.471999999999999975e+00 2.632952838084932523e+00 3.656878941784628273e-02
2.487999999999999989e+00 2.602986746756419834e+00 3.636009606842756370e-02
2.504000000000000004e+00 2.566925857191598936e+00 3.610735749948111584e-02
2.520000000000000018e+00 2.557783659837137513e+00 3.604300133039246845e-02
2.536000000000000032e+00 2.484646081001444795e+00 3.552395500730982925e-02
2.552000000000000046e+00 2.524262269537445036e+00 3.580603909532921458e-02
2.568000000000000060e+00 2.505469974975496061e+00 3.567250807064475948e-02
2.584000000000000075e+00 2.499883076592213982e+00 3.563271316055623833e-02
2.600000000000000089e+00 2.530864967626778483e+00 3.585283733660962757e-02
2.616000000000000103e+00 2.495311977914983270e+00 3.560012060142698359e-02
2.632000000000000117e+00 2.484138181148419111e+00 3.552032400050244426e-02
2.648000000000000131e+00 2.438427194376111551e+00 3.519199928445892328e-02
2.664000000000000146e+00 2.394239907162880598e+00 3.487168044353692459e-02
2.680000000000000160e+00 2.454172089819906422e+00 3.530543362882213737e-02
2.695999999999999730e+00 2.436395594964076317e+00 3.517733595078814668e-02
2.711999999999999744e+00 2.414555901283906181e+00 3.501931734606336666e-02
2.727999999999999758e+00 2.382558210543290755e+00 3.478650550084006615e-02
2.743999999999999773e+00 2.366305415246470201e+00 3.466765311666575311e-02
2.759999999999999787e+00 2.396271506574982890e+00 3.488647224926833684e-02
2.775999999999999801e+00 2.375955512453957308e+00 3.473827076252977014e-02
2.791999999999999815e+00 2.339894622889136411e+00 3.447364406413810922e-02
2.807999999999999829e+00 2.362242216422264729e+00 3.463787629938990670e-02
2.823999999999999844e+00 2.345989421125444174e+00 3.451851216650749649e-02
2.839999999999999858e+00 2.370368614070675228e+00 3.469740437991136739e-02
2.855999999999999872e+00 2.310944331266675089e+00 3.425971812786536563e-02
2.871999999999999886e+00 2.309928531560623721e+00 3.425218769187422102e-02
2.887999999999999901e+00 2.298246834941033878e+00 3.416546838085496307e-02
2.903999999999999915e+00 2.235267253165854395e+00 3.369409309294389698e-02
2.919999999999999929e+00 2.229172454929546632e+00 3.364812568669357795e-02
2.935999999999999943e+00 2.211395960073649025e+00 3.351369396385463911e-02
2.951999999999999957e+00 2.195651064629854154e+00 3.339417393829496872e-02
2.967999999999999972e+00 2.210380160367597657e+00 3.350599586016657361e-02
2.983999999999999986e+00 2.175335070508828128e+00 3.323931952662328992e-02
3.000000000000000000e+00 2.158066475505956650e+00 3.310712379124834681e-02
3.016000000000000014e+00 2.242377851108213083e+00 3.374764259923673793e-02
3.032000000000000028e+00 2.169748172125546049e+00 3.319660792498568130e-02
3.048000000000000043e+00 2.110831789174571593e+00 3.274280310974642116e-02
3.064000000000000057e+00 2.106768590350366566e+00 3.271127416347446165e-02
3.080000000000000071e+00 2.098134292848930826e+00 3.264417404325055394e-02
3.096000000000000085e+00 2.110831789174571593e+00 3.274280310974642116e-02
3.112000000000000099e+00 2.159590175065033257e+00 3.311880934621824063e-02
3.128000000000000114e+00 2.132163583001648544e+00 3.290783448410371237e-02
3.144000000000000128e+00 2.092039494612623063e+00 3.259672609078389377e-02
3.160000000000000142e+00 2.060549703725032877e+00 3.235046972879955518e-02
3.176000000000000156e+00 2.042773208869135715e+00 3.221062266627819359e-02
3.192000000000000171e+00 2.085436796523289615e+00 3.254524608062514535e-02
3.208000000000000185e+00 1.985888425330263551e+00 3.175897415456875594e-02
3.224000000000000199e+00 2.029059912837443136e+00 3.210232439419864053e-02
3.240000000000000213e+00 2.002141220627084106e+00 3.188866933086229039e-02
3.256000000000000227e+00 2.014330817099699633e+00 3.198559560098827859e-02
3.272000000000000242e+00 1.963032931944109549e+00 3.157568902841092345e-02
3.288000000000000256e+00 2.032615211808622480e+00 3.213043677473565590e-02
3.304000000000000270e+00 1.966588230915289115e+00 3.160426986095129370e-02
3.320000000000000284e+00 2.010775518128519845e+00 3.195735580621519856e-02
3.336000000000000298e+00 1.943732737529135113e+00 3.142008229957678200e-02
3.352000000000000313e+00 1.920369344289955649e+00 3.123067895066994337e-02
3.368000000000000327e+00 1.949319635912417192e+00 3.146520549082615359e-02
3.384000000000000341e+00 1.994522722831699513e+00 3.182794052059487178e-02
3.400000000000000355e+00 1.919353544583957571e+00 3.122241795887156779e-02
3.415999999999999925e+00 1.880245255900929946e+00 3.090269064538303870e-02
3.431999999999999940e+00 1.877705756635801526e+00 3.088181467823300150e-02
3.447999999999999954e+00 1.888371653549340223e+00 3.096939917556522370e-02
3.463999999999999968e+00 1.857897662367801628e+00 3.071849523745087338e-02
3.479999999999999982e+00 1.872118858252519447e+00 3.083583780202816052e-02
3.495999999999999996e+00 1.824884171921134834e+00 3.044434927384007117e-02
3.512000000000000011e+00 1.915290345759699253e+00 3.118935211114177639e-02
3.528000000000000025e+00 1.899545450315904160e+00 3.106088947585011403e-02
3.544000000000000039e+00 1.789839082062365305e+00 3.015060541214764633e-02
3.560000000000000053e+00 1.810662976036416794e+00 3.032549190710464443e-02
3.576000000000000068e+00 1.776633685883698632e+00 3.003917422201776710e-02
3.592000000000000082e+00 1.849771264719391350e+00 3.065124065159575972e-02
3.608000000000000096e+00 1.768507288235288355e+00 2.997039525547638000e-02
3.624000000000000110e+00 1.781712684413955028e+00 3.008208122035061979e-02
3.640000000000000124e+00 1.755809791909647366e+00 2.986261099187233550e-02
3.656000000000000139e+00 1.772570487059493605e+00 3.000480444620676201e-02
3.671999999999999709e+00 1.730414799258413128e+00 2.964586686566560159e-02
3.687999999999999723e+00 1.706543506166160018e+00 2.944067247811533658e-02
3.703999999999999737e+00 1.724827900875083087e+00 2.959797015589046842e-02
3.719999999999999751e+00 1.713146204255493243e+00 2.949757117718004515e-02
3.735999999999999766e+00 1.718733102638775323e+00 2.954563064516547294e-02
3.751999999999999780e+00 1.705019806607082966e+00 2.942752638570812068e-02
3.767999999999999794e+00 1.683180112926980332e+00 2.923844954800610546e-02
3.783999999999999808e+00 1.705527706460108650e+00 2.943190906893827091e-02
3.799999999999999822e+00 1.693846009840518807e+00 2.933094167336042571e-02
3.815999999999999837e+00 1.692322310281441977e+00 2.931774637764575364e-02
3.831999999999999851e+00 1.652198221892416274e+00 2.896810718822316610e-02
3.847999999999999865e+00 1.601916136442877558e+00 2.852390173624119035e-02
3.863999999999999879e+00 1.601408236589851874e+00 2.851937951635763815e-02
3.879999999999999893e+00 1.670990516454365027e+00 2.913238468979865298e-02
3.895999999999999908e+00 1.610550433944313520e+00 2.860067007415564161e-02
3.911999999999999922e+00 1.618676831592723797e+00 2.867273486889517983e-02
3.927999999999999936e+00 1.615121532621544231e+00 2.864122883252451235e-02
3.943999999999999950e+00 1.577536943497646726e+00 2.830602023854601398e-02
3.959999999999999964e+00 1.581092242468826292e+00 2.833789896181262286e-02
3.975999999999999979e+00 1.566363146731082567e+00 2.820559540249948857e-02
3.991999999999999993e+00 1.511509962604313140e+00 2.770732191774451236e-02
4.008000000000000007e+00 1.552141950846364526e+00 2.807726248603668873e-02
4.024000000000000021e+00 1.552649850699390210e+00 2.808185590324304912e-02
4.040000000000000036e+00 1.497796666572620783e+00 2.758134708121653608e-02
4.056000000000000050e+00 1.528270657754159378e+00 2.786051762722186256e-02
4.072000000000000064e+00 1.492209768189338703e+00 2.752985873459567329e-02
4.088000000000000078e+00 1.500336165837748981e+00 2.760471912767904420e-02
4.104000000000000092e+00 1.489670268924210506e+00 2.750642307976950210e-02
4.120000000000000107e+00 1.464783176125953990e+00 2.727568807324218941e-02
4.136000000000000121e+00 1.436340784356517908e+00 2.700957743596541297e-02
4.152000000000000135e+00 1.410945791705235930e+00 2.676974337258836503e-02
4.168000000000000149e+00 1.460212077448723278e+00 2.723309566543023405e-02
4.184000000000000163e+00 1.406374693028004996e+00 2.672634467876045666e-02
4.200000000000000178e+00 1.425674887442979433e+00 2.690910748788668400e-02
4.216000000000000192e+00 1.364726905079902242e+00 2.632763936455797746e-02
4.232000000000000206e+00 1.389106098025133296e+00 2.656175414056815426e-02
4.248000000000000220e+00 1.403835193762876798e+00 2.670220381512338620e-02
4.264000000000000234e+00 1.346442510370979173e+00 2.615067787123113649e-02
4.280000000000000249e+00 1.352029408754261253e+00 2.620487622547826648e-02
4.296000000000000263e+00 1.372345402875287057e+00 2.640102324571483305e-02
4.312000000000000277e+00 1.329173915368107251e+00 2.598244092191840174e-02
4.328000000000000291e+00 1.312413220218261234e+00 2.581810375797892465e-02
4.344000000000000306e+00 1.332221314486261132e+00 2.601220886094068180e-02
4.360000000000000320e+00 1.294636725362363627e+00 2.564265591808196493e-02
4.376000000000000334e+00 1.268733832858055743e+00 2.538483262180916966e-02
4.392000000000000348e+00 1.277368130359491705e+00 2.547106369332121506e-02
4.408000000000000362e+00 1.279399729771594441e+00 2.549131096495509466e-02
4.424000000000000377e+00 1.206262150935901722e+00 2.475197707599819871e-02
4.440000000000000391e+00 1.271273332123184163e+00 2.541022507851483855e-02
4.456000000000000405e+00 1.275336530947389191e+00 2.545080031406502311e-02
4.472000000000000419e+00 1.269749632564107111e+00 2.539499265128214098e-02
4.488000000000000433e+00 1.213372748878260854e+00 2.482482307732703300e-02
4.504000000000000448e+00 1.214388548584312000e+00 2.483521220650219963e-02
4.520000000000000462e+00 1.209309550054055604e+00 2.478322300942637987e-02
4.536000000000000476e+00 1.200675252552619643e+00 2.469459018293282404e-02
4.552000000000000490e+00 1.157503765045440058e+00 2.424656660525789306e-02
4.568000000000000504e+00 1.158011664898465742e+00 2.425188558450478218e-02
4.584000000000000519e+00 1.187469856373952970e+00 2.455841537079931150e-02
4.600000000000000533e+00 1.174772360048311981e+00 2.442676214743012830e-02
4.616000000000000547e+00 1.147853667837952951e+00 2.414528337356679905e-02
4.632000000000000561e+00 1.097063682535388551e+00 2.360505206771411346e-02
4.648000000000000576e+00 1.118903376215491186e+00 2.383885190880096622e-02
4.664000000000000590e+00 1.087921485180926906e+00 2.350649192088925463e-02
4.680000000000000604e+00 1.110776978567080908e+00 2.375212546612382944e-02
4.696000000000000618e+00 1.115855977097337304e+00 2.380636651749953175e-02
4.712000000000000632e+00 1.077255588267388431e+00 2.339098020502900985e-02
4.728000000000000647e+00 1.070144990325029521e+00 2.331365443902371978e-02
4.744000000000000661e+00 1.071160790031080667e+00 2.332471667188301678e-02
4.760000000000000675e+00 1.074208189149234549e+00 2.335787193619825661e-02
4.776000000000000689e+00 1.039670999143490926e+00 2.297931129646844234e-02
4.792000000000000703e+00 1.037131499878362728e+00 2.295122951731529484e-02
4.807999999999999829e+00 1.018339205316470375e+00 2.274234668433567502e-02
4.823999999999999844e+00 1.034084100760208846e+00 2.291748596142832023e-02
4.839999999999999858e+00 1.014276006492208726e+00 2.269693007049254987e-02
4.855999999999999872e+00 1.033576200907183162e+00 2.291185720389250086e-02
4.871999999999999886e+00 9.944679122242087166e-01 2.247420980718551134e-02
4.887999999999999901e+00 1.028497202376926767e+00 2.285549338615392931e-02
4.903999999999999915e+00 9.736440182501573393e-01 2.223766295653729907e-02
4.919999999999999929e+00 9.812625160455420437e-01 2.232449523906650940e-02
4.935999999999999943e+00 9.426621272155931708e-01 2.188099531249983187e-02
4.951999999999999957e+00 9.401226279504649730e-01 2.185150211226043540e-02
4.967999999999999972e+00 9.294567310369263868e-01 2.172719349311708417e-02
4.983999999999999986e+00 9.203145336824648526e-01 2.162007438457802522e-02
5.000000000000000000e+00 9.264093319187726161e-01 2.169154589979996328e-02
5.016000000000000014e+00 9.208224335354905365e-01 2.162603936589847092e-02
5.032000000000000028e+00 9.045696382386698708e-01 2.143433661937964654e-02
5.048000000000000043e+00 9.457095263337469415e-01 2.191633476268010222e-02
5.064000000000000057e+00 8.888247427948750001e-01 2.124697522545437173e-02
5.080000000000000071e+00 8.817141448525159797e-01 2.116181666542887516e-02
5.096000000000000085e+00 9.101565366219519504e-01 2.150042723251371912e-02
5.112000000000000099e+00 8.283846602848234930e-01 2.051186113465472069e-02
5.128000000000000114e+00 8.466690549937466725e-01 2.073699806125958722e-02
5.144000000000000128e+00 8.659692494087211090e-01 2.097202075383809011e-02
5.160000000000000142e+00 8.390505571983619681e-01 2.064348940179764821e-02
5.176000000000000156e+00 8.177187633712850179e-01 2.037938271225568990e-02
5.192000000000000171e+00 8.207661624894388996e-01 2.041732140357316316e-02
5.208000000000000185e+00 7.847052729246182246e-01 1.996375948529886812e-02
5.224000000000000199e+00 7.989264688093361544e-01 2.014384859173037196e-02
5.240000000000000213e+00 8.167029636652337610e-01 2.036672077707108938e-02
5.256000000000000227e+00 7.714998767459514406e-01 1.979506691093945933e-02
5.272000000000000242e+00 7.908000711609258770e-01 2.004113868809110841e-02
5.288000000000000256e+00 7.989264688093361544e-01 2.014384859173037196e-02
5.304000000000000270e+00 7.654050785096437881e-01 1.971672201153449114e-02
5.320000000000000284e+00 7.821657736594900268e-01 1.993142948920982940e-02
5.336000000000000298e+00 7.618497795385065219e-01 1.967087672309618396e-02
5.351999999999999424e+00 7.542312817430796290e-01 1.957227521635265463e-02
5.367999999999999439e+00 7.664208782156950450e-01 1.972980109888428785e-02
5.383999999999999453e+00 7.268046896796949152e-01 1.921312038859552401e-02
5.399999999999999467e+00 7.938474702790797588e-01 2.007971646910192490e-02
5.415999999999999481e+00 7.044570961465665970e-01 1.891543432215375686e-02
5.431999999999999496e+00 6.790621034952845081e-01 1.857136350838405406e-02
5.447999999999999510e+00 6.856648015846178446e-01 1.866143220521094062e-02
5.463999999999999524e+00 6.841411020255409037e-01 1.864068574831874436e-02
5.479999999999999538e+00 6.973464982042076876e-01 1.881972858321457817e-02
5.495999999999999552e+00 6.709357058468742308e-01 1.845990645667749258e-02
5.511999999999999567e+00 6.719515055529254877e-01 1.847387536254075507e-02
5.527999999999999581e+00 6.435091137834895170e-01 1.807866655235656345e-02
5.543999999999999595e+00 6.551908104030792490e-01 1.824202062019105938e-02
5.559999999999999609e+00 6.734752051120024285e-01 1.849480893907262669e-02
5.575999999999999623e+00 6.145588221610278623e-01 1.766732394708372955e-02
5.591999999999999638e+00 6.597619090803100717e-01 1.830554497013970466e-02
5.607999999999999652e+00 6.435091137834895170e-01 1.807866655235656345e-02
5.623999999999999666e+00 6.262405187806175944e-01 1.783444609309125725e-02
5.639999999999999680e+00 6.018613258353867623e-01 1.748385766739169941e-02
5.655999999999999694e+00 5.937349281869764850e-01 1.736542204388813460e-02
5.671999999999999709e+00 6.231931196624638236e-01 1.779100036206950411e-02
5.687999999999999723e+00 5.744347337720020485e-01 1.708084649119077231e-02
5.703999999999999737e+00 6.079561240716945258e-01 1.757216054052697027e-02
5.719999999999999751e+00 5.917033287748739712e-01 1.733568671035393485e-02
5.735999999999999766e+00 6.018613258353867623e-01 1.748385766739169941e-02
5.751999999999999780e+00 5.891638295097456623e-01 1.729844566474181278e-02
5.767999999999999794e+00 5.942428280400021690e-01 1.737284792493906313e-02
5.783999999999999808e+00 5.764663331841046734e-01 1.711102468873322568e-02
5.799999999999999822e+00 5.449765422965148209e-01 1.663711230156311727e-02
5.815999999999999837e+00 5.779900327431816143e-01 1.713362345449871357e-02
5.831999999999999851e+00 5.632609370054378894e-01 1.691390395858235335e-02
5.847999999999999865e+00 5.459923420025660779e-01 1.665261031358837227e-02
5.863999999999999879e+00 5.541187396509763552e-01 1.677607899443386841e-02
5.879999999999999893e+00 5.434528427374378801e-01 1.661383817643329736e-02
5.895999999999999908e+00 4.972339561121043583e-01 1.589166615647008562e-02
5.911999999999999922e+00 5.226289487633865027e-01 1.629242665362868117e-02
5.927999999999999936e+00 5.160262506740531663e-01 1.618918332945566349e-02
5.943999999999999950e+00 5.261842477345659574e-01 1.634774914441723681e-02
5.959999999999999964e+00 5.287237469996941552e-01 1.638715086256033182e-02
5.975999999999999979e+00 4.865680591985658276e-01 1.572030043459487700e-02
5.991999999999999993e+00 5.231368486164121867e-01 1.630034136220998714e-02
6.008000000000000007e+00 5.175499502331301072e-01 1.621306706508165649e-02
6.024000000000000021e+00 4.692994641956940161e-01 1.543881889556341508e-02
6.040000000000000036e+00 4.764100621380529810e-01 1.555533993649301470e-02
6.056000000000000050e+00 4.743784627259504116e-01 1.552213746547300224e-02
6.072000000000000064e+00 4.718389634608222138e-01 1.548053423475828465e-02
6.088000000000000078e+00 4.962181564060530459e-01 1.587542530791820339e-02
6.104000000000000092e+00 4.571098677230785445e-01 1.523699559076928563e-02
6.120000000000000107e+00 4.799653611092324912e-01 1.561327436397563599e-02
6.136000000000000121e+00 4.632046659593863080e-01 1.533823920016780425e-02
6.152000000000000135e+00 4.489834700746682672e-01 1.510094826366434329e-02
6.168000000000000149e+00 4.535545687518990898e-01 1.517762493963394597e-02
6.184000000000000163e+00 4.621888662533349956e-01 1.532141172477775870e-02
6.200000000000000178e+00 4.489834700746682672e-01 1.510094826366434329e-02
6.216000000000000192e+00 4.251121769824630636e-01 1.469402641241685133e-02
6.232000000000000206e+00 4.545703684579503467e-01 1.519461165445189395e-02
6.248000000000000220e+00 4.433965716913861876e-01 1.500670029000809348e-02
6.264000000000000234e+00 4.235884774233861227e-01 1.466766939314810385e-02
6.280000000000000249e+00 4.164778794810271578e-01 1.454403842737102617e-02
6.296000000000000263e+00 4.230805775703604943e-01 1.465887318882287682e-02
6.312000000000000277e+00 4.357780738960015943e-01 1.487721814330814074e-02
6.328000000000000291e+00 4.215568780112835534e-01 1.463245284919380100e-02
6.344000000000000306e+00 4.388254730141554205e-01 1.492914576416875042e-02
6.360000000000000320e+00 4.225726777173348658e-01 1.465007170307663399e-02
6.376000000000000334e+00 4.479676703686170103e-01 1.508385606999947982e-02
6.392000000000000348e+00 4.190173787461553556e-01 1.458831261936631256e-02
6.408000000000000362e+00 4.276516762475912614e-01 1.473785003018830524e-02
6.424000000000000377e+00 4.647283655184631934e-01 1.536344585513532181e-02
6.440000000000000391e+00 4.291753758066682023e-01 1.476408176265736616e-02
6.456000000000000405e+00 4.626967661063606241e-01 1.532982777140241837e-02
6.472000000000000419e+00 4.616809664003093672e-01 1.531299105267987411e-02
6.488000000000000433e+00 4.703152639017452730e-01 1.545551854230109087e-02
6.504000000000000448e+00 5.368501446481045436e-01 1.651260456631743409e-02
6.520000000000000462e+00 4.418728721323093023e-01 1.498089339165119792e-02
6.536000000000000476e+00 4.952023567000017890e-01 1.585916782765989935e-02
6.552000000000000490e+00 4.484755702216426387e-01 1.509240458645220995e-02
6.568000000000000504e+00 4.672678647835914467e-01 1.540536529418215506e-02
6.584000000000000519e+00 4.560940680170272876e-01 1.522005617965044473e-02
6.600000000000000533e+00 4.626967661063606241e-01 1.532982777140241837e-02
6.615999999999999659e+00 4.682836644896686829e-01 1.542210116581477046e-02
6.631999999999999673e+00 4.388254730141554205e-01 1.492914576416875042e-02
6.647999999999999687e+00 3.936223860948732112e-01 1.413933350781390076e-02
6.663999999999999702e+00 4.093672815386681374e-01 1.441934749310787994e-02
6.679999999999999716e+00 3.829564891813347360e-01 1.394645275940861219e-02
6.695999999999999730e+00 3.941302859478988396e-01 1.414845271773180167e-02
6.711999999999999744e+00 4.017487837432834885e-01 1.428454228235698231e-02
6.727999999999999758e+00 3.814327896222577952e-01 1.391868017407921036e-02
6.743999999999999773e+00 4.002250841842065476e-01 1.425742828964375424e-02
6.759999999999999787e+00 3.860038882994885623e-01 1.400183267056983802e-02
6.775999999999999801e+00 3.768616909450269725e-01 1.383502791619787252e-02
6.791999999999999815e+00 3.682273934435910667e-01 1.367562207031239492e-02
6.807999999999999829e+00 3.656878941784628689e-01 1.362838316552987712e-02
6.823999999999999844e+00 3.743221916798987747e-01 1.378833514745188803e-02
6.839999999999999858e+00 3.758458912389757156e-01 1.381636974463869467e-02
6.855999999999999872e+00 3.667036938845141258e-01 1.364729834904714924e-02
6.871999999999999886e+00 3.560377969709756507e-01 1.344736199978018715e-02
6.887999999999999901e+00 3.215006069652319165e-01 1.277850190849053567e-02
6.903999999999999915e+00 3.367376025560012143e-01 1.307780481756783131e-02
6.919999999999999929e+00 3.357218028499499018e-01 1.305806472357192057e-02
6.935999999999999943e+00 3.123584096107703822e-01 1.259550675172038670e-02
6.951999999999999957e+00 3.057557115214369903e-01 1.246167247778117056e-02
6.967999999999999972e+00 2.823923182822574152e-01 1.197610190968368023e-02
6.983999999999999986e+00 3.042320119623600494e-01 1.243058301775818927e-02
7.000000000000000000e+00 3.062636113744626187e-01 1.247201840939116645e-02
7.016000000000000014e+00 2.656316231324112320e-01 1.161525989153555823e-02
7.032000000000000028e+00 2.671553226914881174e-01 1.164852562043905242e-02
7.048000000000000043e+00 2.768054198989753356e-01 1.185704145575071193e-02
7.064000000000000057e+00 2.641079235733342911e-01 1.158189861662604035e-02
7.080000000000000071e+00 2.625842240142573503e-01 1.154844096766718606e-02
7.096000000000000085e+00 2.575052254840008992e-01 1.143620855776332317e-02
7.112000000000000099e+00 2.717264213687189400e-01 1.174775763609193016e-02
7.128000000000000114e+00 2.696948219566163707e-01 1.170375838923302415e-02
7.144000000000000128e+00 2.722343212217445685e-01 1.175873172315193733e-02
7.160000000000000142e+00 2.509025273946675627e-01 1.128863839386814658e-02
7.176000000000000156e+00 2.666474228384624889e-01 1.163744760973477003e-02
7.192000000000000171e+00 2.595368248961035240e-01 1.148123317503276473e-02
7.208000000000000185e+00 2.514104272476931912e-01 1.130005836481464548e-02
7.224000000000000199e+00 2.620763241612317218e-01 1.153726685671222288e-02
7.240000000000000213e+00 2.702027218096419992e-01 1.171477369368464742e-02
7.256000000000000227e+00 2.493788278355906496e-01 1.125430895281463207e-02
7.272000000000000242e+00 2.630921238672829787e-01 1.155960427715400918e-02
7.288000000000000256e+00 2.666474228384624889e-01 1.163744760973477003e-02
7.304000000000000270e+00 2.590289250430778401e-01 1.146999359017996517e-02
7.320000000000000284e+00 2.681711223975394298e-01 1.167065009549305039e-02
7.336000000000000298e+00 2.884871165185651232e-01 1.210465051455723515e-02
7.352000000000000313e+00 2.991530134321036538e-01 1.232638517791585092e-02
7.368000000000000327e+00 3.143900090228729516e-01 1.263640136175832665e-02
7.384000000000000341e+00 3.209927071122062880e-01 1.276840431552011927e-02
7.400000000000000355e+00 3.357218028499499018e-01 1.305806472357192057e-02
7.416000000000000369e+00 3.408008013802063529e-01 1.315646901459613209e-02
7.432000000000000384e+00 3.783853905041039134e-01 1.386296808854744697e-02
7.448000000000000398e+00 3.748300915329244032e-01 1.379768634225175296e-02
7.464000000000000412e+00 4.032724833023604294e-01 1.431160490645807561e-02
7.480000000000000426e+00 3.941302859478988396e-01 1.414845271773180167e-02
7.496000000000000441e+00 3.895591872706680725e-01 1.406616699600716364e-02
7.512000000000000455e+00 3.692431931496423791e-01 1.369447200630321583e-02
7.528000000000000469e+00 4.088593816856425089e-01 1.441039971223189407e-02
7.544000000000000483e+00 3.702589928556936361e-01 1.371329603169235689e-02
7.560000000000000497e+00 3.616246953542577303e-01 1.355245843457453248e-02
7.576000000000000512e+00 3.651799943254371850e-01 1.361891572210485041e-02
7.592000000000000526e+00 3.387692019681037836e-01 1.311719588514306638e-02
7.608000000000000540e+00 3.128663094637960107e-01 1.260574284178989958e-02
7.624000000000000554e+00 3.103268101986849659e-01 1.255447893342600575e-02
7.639999999999999680e+00 2.955977144609241436e-01 1.225291947779872173e-02
7.655999999999999694e+00 2.905187159306676925e-01 1.214719774772702980e-02
7.671999999999999709e+00 2.656316231324112320e-01 1.161525989153555823e-02
7.687999999999999723e+00 2.727422210747701969e-01 1.176969557795626113e-02
7.703999999999999737e+00 2.458235288644111394e-01 1.117379676656414349e-02
7.719999999999999751e+00 2.432840295992829138e-01 1.111593103959186875e-02
7.735999999999999766e+00 2.478551282765137087e-01 1.121987447448915057e-02
7.751999999999999780e+00 2.316023329796931540e-01 1.084577294989998164e-02
7.767999999999999794e+00 2.397287306281034314e-01 1.103440922986081985e-02
7.783999999999999808e+00 2.021441415042058432e-01 1.013257024451253915e-02
7.799999999999999822e+00 2.361734316569239212e-01 1.095228064044714671e-02
7.815999999999999837e+00 2.194127365070777103e-01 1.055650020716614526e-02
7.831999999999999851e+00 2.260154345964110745e-01 1.071415913700389175e-02
7.847999999999999865e+00 2.265233344494367029e-01 1.072619076250965441e-02
7.863999999999999879e+00 2.509025273946675627e-01 1.128863839386814658e-02
7.879999999999999893e+00 2.011283417981545585e-01 1.010707946137626677e-02
7.895999999999999908e+00 2.229680354782572205e-01 1.064168372245779398e-02
7.911999999999999922e+00 2.051915406223597249e-01 1.020866070178658158e-02
7.927999999999999936e+00 2.199206363601033665e-01 1.056871131617295907e-02
7.943999999999999950e+00 2.224601356252315643e-01 1.062955644362076346e-02
7.959999999999999964e+00 2.224601356252315643e-01 1.062955644362076346e-02
7.975999999999999979e+00 2.239838351843085051e-01 1.066589691353849942e-02
7.991999999999999993e+00 2.209364360661546511e-01 1.059309130546929982e-02
8.007999999999999119e+00 2.204285362131289949e-01 1.058090833271443758e-02
8.024000000000000909e+00 2.265233344494367029e-01 1.072619076250965441e-02
8.039999999999999147e+00 2.123021385647187176e-01 1.038403702680466660e-02
8.056000000000000938e+00 1.975730428269750760e-01 1.001735091796477316e-02
8.071999999999999176e+00 2.214443359191802796e-01 1.060526028283666211e-02
8.088000000000000966e+00 2.153495376828725716e-01 1.045829807082735222e-02
8.103999999999999204e+00 2.219522357722059358e-01 1.061741531293827756e-02
8.120000000000000995e+00 2.204285362131289949e-01 1.058090833271443758e-02
8.135999999999999233e+00 2.524262269537445036e-01 1.132286375302751780e-02
8.152000000000001023e+00 2.173811370949751409e-01 1.050751386299751677e-02
8.167999999999999261e+00 2.371892313629752058e-01 1.097580866034572958e-02
8.184000000000001052e+00 2.285549338615392723e-01 1.077418290714248633e-02
8.199999999999999289e+00 2.321102328327187825e-01 1.085765873204189505e-02
8.216000000000001080e+00 2.402366304811290598e-01 1.104609203803504254e-02
8.231999999999999318e+00 2.331260325387700671e-01 1.088139134775018349e-02
8.248000000000001108e+00 2.387129309220521467e-01 1.101100642678182889e-02
8.263999999999999346e+00 2.620763241612317218e-01 1.153726685671222288e-02
8.280000000000001137e+00 2.453156290113855109e-01 1.116224761953325470e-02
8.295999999999999375e+00 2.564894257779496423e-01 1.141362964421275411e-02
8.312000000000001165e+00 2.270312343024623591e-01 1.073820890718982582e-02
8.327999999999999403e+00 2.346497320978470080e-01 1.091689353456389532e-02
8.344000000000001194e+00 2.310944331266674978e-01 1.083387412794143030e-02
8.359999999999999432e+00 2.326181326857444387e-01 1.086953151714410704e-02
8.376000000000001222e+00 2.397287306281034314e-01 1.103440922986081985e-02
8.391999999999999460e+00 2.569973256309752707e-01 1.142492467878697404e-02
8.408000000000001251e+00 2.326181326857444387e-01 1.086953151714410704e-02
8.423999999999999488e+00 2.442998293053341985e-01 1.113911340270709767e-02
8.440000000000001279e+00 2.417603300402060007e-01 1.108106655944505678e-02
8.455999999999999517e+00 2.300786334206162131e-01 1.081003719228901261e-02
8.472000000000001307e+00 2.265233344494367029e-01 1.072619076250965441e-02
8.487999999999999545e+00 2.011283417981545585e-01 1.010707946137626677e-02
8.504000000000001336e+00 2.331260325387700671e-01 1.088139134775018349e-02
8.519999999999999574e+00 2.031599412102571278e-01 1.015799706051285708e-02
8.536000000000001364e+00 2.229680354782572205e-01 1.064168372245779398e-02
8.551999999999999602e+00 2.123021385647187176e-01 1.038403702680466660e-02
8.568000000000001393e+00 2.194127365070777103e-01 1.055650020716614526e-02
8.583999999999999631e+00 2.189048366540520818e-01 1.054427495673341229e-02
8.600000000000001421e+00 2.163653373889238563e-01 1.048293484953894371e-02
8.615999999999999659e+00 2.143337379768212869e-01 1.043360311766094485e-02
8.632000000000001450e+00 2.214443359191802796e-01 1.060526028283666211e-02
8.647999999999999687e+00 2.290628337145649285e-01 1.078614757813302003e-02
8.664000000000001478e+00 2.133179382707700023e-01 1.040884957598375675e-02
8.679999999999999716e+00 2.077310398875109876e-01 1.027163884819469811e-02
8.695999999999999730e+00 2.133179382707462990e-01 1.040884957598259969e-02
8.711999999999999744e+00 2.006204419451511900e-01 1.009430993074282058e-02
8.727999999999999758e+00 1.970651429739275207e-01 1.000446686000428312e-02
8.743999999999999773e+00 2.051915406223824845e-01 1.020866070178771609e-02
8.759999999999999787e+00 2.158574375358742192e-01 1.047062370630089286e-02
8.775999999999999801e+00 1.940177438558171041e-01 9.926811350516704865e-03
8.791999999999999815e+00 2.087468395935160315e-01 1.029672225269296325e-02
8.807999999999999829e+00 1.904624448846372053e-01 9.835438361548638417e-03
8.823999999999999844e+00 1.833518469422366903e-01 9.650097207486142692e-03
8.839999999999999858e+00 2.112863388586908864e-01 1.035916504611579005e-02
8.855999999999999872e+00 1.955414434148507741e-01 9.965714744603807948e-03
8.871999999999999886e+00 2.056994404754081962e-01 1.022128737414854105e-02
8.887999999999999901e+00 1.863992460603902113e-01 9.729961442788573681e-03
8.903999999999999915e+00 2.056994404754081962e-01 1.022128737414854105e-02
8.919999999999999929e+00 1.696385509105458600e-01 9.282208523564837443e-03
8.935999999999999943e+00 1.899545450316115214e-01 9.822315689445082487e-03
8.951999999999999957e+00 1.752254492938273289e-01 9.433821067980737579e-03
8.967999999999999972e+00 1.874150457664830183e-01 9.756437577292309191e-03
8.983999999999999986e+00 2.036678410632601632e-01 1.017068663080661177e-02
9.000000000000000000e+00 2.153495376828964691e-01 1.045829807082851275e-02
9.016000000000000014e+00 1.838597467952622910e-01 9.663453749805771958e-03
9.032000000000000028e+00 1.935098440027913924e-01 9.913809627385616538e-03
9.048000000000000043e+00 2.316023329796674246e-01 1.084577294989877601e-02
9.064000000000000057e+00 2.219522357722305550e-01 1.061741531293945717e-02
9.080000000000000071e+00 1.899545450315693329e-01 9.822315689442901940e-03
9.096000000000000085e+00 2.006204419451511900e-01 1.009430993074282058e-02
9.112000000000000099e+00 1.945256437087996004e-01 9.939796066791656282e-03
9.128000000000000114e+00 1.950335435618684998e-01 9.952763842780270806e-03
9.144000000000000128e+00 1.914782445906460795e-01 9.861631319674572446e-03
9.160000000000000142e+00 2.036678410633053771e-01 1.017068663080887038e-02
9.176000000000000156e+00 2.163653373888998199e-01 1.048293484953777797e-02
9.192000000000000171e+00 2.128100384177679660e-01 1.039645070371507905e-02
9.208000000000000185e+00 1.894466451785437322e-01 9.809175461901615753e-03
9.224000000000000199e+00 1.960493432679198955e-01 9.978648837972071625e-03
9.240000000000000213e+00 2.097626392995672051e-01 1.032174470089767745e-02
9.256000000000000227e+00 1.930019441497657084e-01 9.900790830400376524e-03
9.272000000000000242e+00 2.006204419451066423e-01 1.009430993074057759e-02
9.288000000000000256e+00 1.889387453255600979e-01 9.796017608278988556e-03
9.304000000000000270e+00 1.990967423860298680e-01 1.005590404666520388e-02
9.320000000000000284e+00 2.102705391526394907e-01 1.033423320480334959e-02
9.336000000000000298e+00 2.138258381237718997e-01 1.042123369645535716e-02
9.352000000000000313e+00 2.249996348903847421e-01 1.069005526139422610e-02
9.368000000000000327e+00 2.214443359191556882e-01 1.060526028283548423e-02
9.384000000000000341e+00 2.397287306281300212e-01 1.103440922986204456e-02
9.400000000000000355e+00 2.382050310690000394e-01 1.099928635275490736e-02
9.416000000000000369e+00 2.204285362131534476e-01 1.058090833271561199e-02
9.432000000000000384e+00 2.341418322447953448e-01 1.090507231449076853e-02
9.448000000000000398e+00 2.376971312160272298e-01 1.098755377730869544e-02
9.464000000000000412e+00 2.615684243081770055e-01 1.152608191287296524e-02
9.480000000000000426e+00 2.605526246021837022e-01 1.150367940012713038e-02
9.496000000000000441e+00 2.656316231323817001e-01 1.161525989153426759e-02
9.512000000000000455e+00 3.022004125502910088e-01 1.238900904506080695e-02
9.528000000000000469e+00 3.194690075530938755e-01 1.273806350990786852e-02
9.544000000000000483e+00 3.311507041727558831e-01 1.296886247820908632e-02
9.560000000000000497e+00 3.717826924147292766e-01 1.374148372028645947e-02
9.576000000000000512e+00 4.149541799219962357e-01 1.451740910062058673e-02
9.592000000000000526e+00 4.301911755126717196e-01 1.478154372235153911e-02
9.608000000000000540e+00 4.423807719853840026e-01 1.498950062786522271e-02
9.624000000000000554e+00 4.906312580227165099e-01 1.578580197010897093e-02
9.640000000000000568e+00 4.891075584637483709e-01 1.576127079449802376e-02
9.656000000000000583e+00 5.266921475875331327e-01 1.635563708173541284e-02
9.672000000000000597e+00 5.480239414147294319e-01 1.668356314757448583e-02
9.687999999999998835e+00 5.881480298036944054e-01 1.728352677825384723e-02
9.704000000000000625e+00 5.835769311264635828e-01 1.721623180455835248e-02
9.719999999999998863e+00 5.901796292157970303e-01 1.731335169565476409e-02
9.736000000000000654e+00 5.988139267172328806e-01 1.743953856526573101e-02
9.751999999999998892e+00 6.018613258353867623e-01 1.748385766739169941e-02
9.768000000000000682e+00 5.586898383282071778e-01 1.684513243562711302e-02
9.783999999999998920e+00 5.170420503801044232e-01 1.620510973107346792e-02
9.800000000000000711e+00 5.038366542014377503e-01 1.599682976773341217e-02
9.815999999999998948e+00 4.667599649305657628e-01 1.539699053667594256e-02
9.832000000000000739e+00 4.621888662533349956e-01 1.532141172477775870e-02
9.847999999999998977e+00 4.317148750717964001e-01 1.480769805195760944e-02
9.864000000000000767e+00 4.124146806568220192e-01 1.447291800886114747e-02
9.879999999999999005e+00 3.834643890343603645e-01 1.395569800587271106e-02
9.896000000000000796e+00 3.418166010862576654e-01 1.317606168221122954e-02
9.911999999999999034e+00 3.484192991755910018e-01 1.330271065770357100e-02
9.928000000000000824e+00 3.382613021150781552e-01 1.310735921642917218e-02
9.943999999999999062e+00 3.154058087289242085e-01 1.265679911734616213e-02
9.960000000000000853e+00 2.839160178413343560e-01 1.200836807119266825e-02
9.975999999999999091e+00 2.569973256309752707e-01 1.142492467878697404e-02
9.992000000000000881e+00 2.676632225445138014e-01 1.165959310571035822e-02
