# E / keV # rel_F # rel_F_err #
2.008000000000000007e+00 3.358261817746914346e+00 5.190568654201759696e-02
2.024000000000000021e+00 3.261990575957705030e+00 5.115628695902928874e-02
2.040000000000000036e+00 2.950713560839262062e+00 4.865429568789850223e-02
2.056000000000000050e+00 2.791866011887067067e+00 4.732656124150008692e-02
2.072000000000000064e+00 2.647459149203253315e+00 4.608634829317684312e-02
2.088000000000000078e+00 2.523108795225524670e+00 4.499100066361760852e-02
2.104000000000000092e+00 2.347413778960217634e+00 4.339627859367670842e-02
2.120000000000000107e+00 2.352227341049678344e+00 4.344074959963496740e-02
2.136000000000000121e+00 2.191775271400996150e+00 4.193297500184619414e-02
2.152000000000000135e+00 2.134012526327470738e+00 4.137672815155006567e-02
2.168000000000000149e+00 2.173323283391397798e+00 4.175609050401023897e-02
2.184000000000000163e+00 2.057797793244346973e+00 4.063114044944751702e-02
2.200000000000000178e+00 2.062611355333807239e+00 4.067863449307156792e-02
2.216000000000000192e+00 2.122780881452063007e+00 4.126769837534176311e-02
2.232000000000000206e+00 2.065018136378537594e+00 4.070236073276344013e-02
2.248000000000000220e+00 2.069831698467997860e+00 4.074977176890914876e-02
2.264000000000000234e+00 1.992814705036630496e+00 3.998444971795004493e-02
2.280000000000000249e+00 1.925424835784184108e+00 3.930256988127786566e-02
2.296000000000000263e+00 1.969549154937626279e+00 3.975036089047265242e-02
2.311999999999999833e+00 1.969549154937571656e+00 3.975036089047154914e-02
2.327999999999999847e+00 1.934249699614861706e+00 3.939253530305875106e-02
2.343999999999999861e+00 1.936656480659591839e+00 3.941703569019137932e-02
2.359999999999999876e+00 2.024905118966366935e+00 4.030509999865800053e-02
2.375999999999999890e+00 2.020091556876906669e+00 4.025716527406815459e-02
2.391999999999999904e+00 2.008057651653255338e+00 4.013707800660363395e-02
2.407999999999999918e+00 2.017684775832176314e+00 4.023317649533216661e-02
2.423999999999999932e+00 1.919809013346480242e+00 3.924521177937742578e-02
2.439999999999999947e+00 1.894938942550934424e+00 3.899018307152343071e-02
2.455999999999999961e+00 1.944679084142025838e+00 3.949859388972545848e-02
2.471999999999999975e+00 1.922215794391210375e+00 3.926980408160034991e-02
2.487999999999999989e+00 1.841989759566869500e+00 3.844158355181159087e-02
2.504000000000000004e+00 1.830758114691461769e+00 3.832420439672323820e-02
2.520000000000000018e+00 1.739300434991712940e+00 3.735467537907893876e-02
2.536000000000000032e+00 1.743311736732930051e+00 3.739772561277202034e-02
2.552000000000000046e+00 1.727266529768061831e+00 3.722522595876231327e-02
2.568000000000000060e+00 1.703198719320759613e+00 3.696496716744115257e-02
2.584000000000000075e+00 1.609334258576280652e+00 3.593195044421408635e-02
2.600000000000000089e+00 1.691164814097108282e+00 3.683414818744350921e-02
2.616000000000000103e+00 1.655063098426154955e+00 3.643887344180914839e-02
2.632000000000000117e+00 1.633402069023582870e+00 3.619963691415103296e-02
2.648000000000000131e+00 1.687955772704134771e+00 3.679918458375257967e-02
2.664000000000000146e+00 1.648645015640207712e+00 3.636815261155390555e-02
2.680000000000000160e+00 1.675921867480483662e+00 3.666777414888500175e-02
2.695999999999999730e+00 1.610136518924568660e+00 3.594090544758008626e-02
2.711999999999999744e+00 1.580452886039517724e+00 3.560807047196416081e-02
2.727999999999999758e+00 1.571628022208840347e+00 3.550851791340164931e-02
2.743999999999999773e+00 1.601311655093846431e+00 3.584227735596359071e-02
2.759999999999999787e+00 1.645435974247233979e+00 3.633274057529683326e-02
2.775999999999999801e+00 1.517876578876531823e+00 3.489601972661068863e-02
2.791999999999999815e+00 1.587673229173708567e+00 3.568931601661257114e-02
2.807999999999999829e+00 1.519481099573018579e+00 3.491445884003831213e-02
2.823999999999999844e+00 1.492204247732742628e+00 3.459965750461073408e-02
2.839999999999999858e+00 1.475356780419631031e+00 3.440378241476842874e-02
2.855999999999999872e+00 1.527503703055452799e+00 3.500650871989901408e-02
2.871999999999999886e+00 1.469740957981927165e+00 3.433824242412799460e-02
2.887999999999999901e+00 1.501029111563420226e+00 3.470181749946774086e-02
2.903999999999999915e+00 1.528305963403696177e+00 3.501570039886007374e-02
2.919999999999999929e+00 1.470543218330170543e+00 3.434761293662993292e-02
2.935999999999999943e+00 1.473752259723144276e+00 3.438506945041702734e-02
2.951999999999999957e+00 1.453695751017058946e+00 3.415029223082741150e-02
2.967999999999999972e+00 1.431232461266243483e+00 3.388541061862360149e-02
2.983999999999999986e+00 1.417594035346105619e+00 3.372357460982669530e-02
3.000000000000000000e+00 1.413582733604888508e+00 3.367582777204933264e-02
3.016000000000000014e+00 1.423209857783809484e+00 3.379030683685919217e-02
3.032000000000000028e+00 1.359029029924336607e+00 3.301961693932868591e-02
3.048000000000000043e+00 1.421605337087322507e+00 3.377125394172336009e-02
3.064000000000000057e+00 1.367051633406770605e+00 3.311693402903775202e-02
3.080000000000000071e+00 1.480170342509091519e+00 3.445986033693275441e-02
3.096000000000000085e+00 1.374271976540961449e+00 3.320427554519012753e-02
3.112000000000000099e+00 1.332554438432304034e+00 3.269641551959483888e-02
3.128000000000000114e+00 1.388712662809342691e+00 3.337827294027443520e-02
3.144000000000000128e+00 1.356622248879606474e+00 3.299036583339007289e-02
3.160000000000000142e+00 1.367853893755014205e+00 3.312665001399933001e-02
3.176000000000000156e+00 1.280407515796482487e+00 3.205027581030100298e-02
3.192000000000000171e+00 1.316509231467435814e+00 3.249897159146315773e-02
3.208000000000000185e+00 1.338972521218251277e+00 3.277506004816636148e-02
3.224000000000000199e+00 1.273989433010535244e+00 3.196984839165579323e-02
3.240000000000000213e+00 1.281209776144725865e+00 3.206031505120823105e-02
3.256000000000000227e+00 1.259548746742153780e+00 3.178814269803932613e-02
3.272000000000000242e+00 1.296452722761350707e+00 3.225046686241361121e-02
3.288000000000000256e+00 1.254735184652693292e+00 3.172734287949006970e-02
3.304000000000000270e+00 1.184938534355516548e+00 3.083227531693197299e-02
3.320000000000000284e+00 1.237085456991338317e+00 3.150340631634504507e-02
3.336000000000000298e+00 1.202588262016871745e+00 3.106105081736760740e-02
3.352000000000000313e+00 1.154452641122267087e+00 3.043306717860154442e-02
3.368000000000000327e+00 1.164079765301188063e+00 3.055969629910674015e-02
3.384000000000000341e+00 1.178520451569569305e+00 3.074866221298389393e-02
3.400000000000000355e+00 1.172904629131898080e+00 3.067531379177220949e-02
3.415999999999999925e+00 1.196170179230924280e+00 3.097805520926359690e-02
3.431999999999999940e+00 1.245108060473772316e+00 3.160539235947507075e-02
3.447999999999999954e+00 1.164882025649431441e+00 3.057022504922071379e-02
3.463999999999999968e+00 1.175311410176595794e+00 3.070677028315952836e-02
3.479999999999999982e+00 1.176113670524839172e+00 3.071724862172868151e-02
3.495999999999999996e+00 1.133593872067938380e+00 3.015688005367630695e-02
3.512000000000000011e+00 1.135198392764425135e+00 3.017821495556930605e-02
3.528000000000000025e+00 1.159266203211727575e+00 3.049644746352361824e-02
3.544000000000000039e+00 1.144023256595102733e+00 3.029528835041097809e-02
3.560000000000000053e+00 1.089469552914550832e+00 2.956413744592965159e-02
3.576000000000000068e+00 1.167288806694161574e+00 3.060178956464952929e-02
3.592000000000000082e+00 1.128780309978477892e+00 3.009278459321499885e-02
3.608000000000000096e+00 1.086260511521577099e+00 2.952056463308866049e-02
3.624000000000000110e+00 1.095887635700498075e+00 2.965109097913142325e-02
3.640000000000000124e+00 1.099096677093471808e+00 2.969447226199151482e-02
3.656000000000000139e+00 1.071819825253195857e+00 2.932368575506530406e-02
3.671999999999999709e+00 1.050961056198896237e+00 2.903694858170210655e-02
3.687999999999999723e+00 1.025288725055077954e+00 2.868010616460003187e-02
3.703999999999999737e+00 1.116746404754826782e+00 2.993194546931728442e-02
3.719999999999999751e+00 1.035718109582242308e+00 2.882560617359947175e-02
3.735999999999999766e+00 1.062192701074274881e+00 2.919169550172542177e-02
3.751999999999999780e+00 9.940005714735850040e-01 2.823910842474576174e-02
3.767999999999999794e+00 1.053367837243597283e+00 2.907017798252112609e-02
3.783999999999999808e+00 1.040531671671702796e+00 2.889251289302538148e-02
3.799999999999999822e+00 9.867802283393943830e-01 2.813635814435255095e-02
3.815999999999999837e+00 9.899892697323680046e-01 2.818207118528957139e-02
3.831999999999999851e+00 1.004429956000749469e+00 2.838686890601487336e-02
3.847999999999999865e+00 1.006836737045479602e+00 2.842085838405246020e-02
3.863999999999999879e+00 1.034113588885755552e+00 2.880326939676689998e-02
3.879999999999999893e+00 9.851757076429075166e-01 2.811347375004637911e-02
3.895999999999999908e+00 9.081587142115401523e-01 2.699221603210150838e-02
3.911999999999999922e+00 9.787576248569602733e-01 2.802174928450466493e-02
3.927999999999999936e+00 9.867802283393943830e-01 2.813635814435255095e-02
3.943999999999999950e+00 9.081587142115401523e-01 2.699221603210150838e-02
3.959999999999999964e+00 8.929157675949154216e-01 2.676473266563162562e-02
3.975999999999999979e+00 9.346333057035727254e-01 2.738282748938899655e-02
3.991999999999999993e+00 9.185880987387045060e-01 2.714676422681651727e-02
4.008000000000000007e+00 9.290174832658688597e-01 2.730043753585447916e-02
4.024000000000000021e+00 9.001361107291060426e-01 2.687272799065999751e-02
4.040000000000000036e+00 8.520004898345014954e-01 2.614433417928601830e-02
4.056000000000000050e+00 8.985315900326192873e-01 2.684876656994272456e-02
4.072000000000000064e+00 8.848931641124813119e-01 2.664422447734390506e-02
4.088000000000000078e+00 8.648366554063959821e-01 2.634054206617626390e-02
4.104000000000000092e+00 8.536050105309882507e-01 2.616894061690137191e-02
4.120000000000000107e+00 8.664411761028828485e-01 2.636496538349194368e-02
4.136000000000000121e+00 8.696502174958564702e-01 2.641374426956888746e-02
4.152000000000000135e+00 9.169835780422176397e-01 2.712304490011469352e-02
4.168000000000000149e+00 8.295372000836860327e-01 2.579737977043407293e-02
4.184000000000000163e+00 8.239213776459821670e-01 2.570990959446290899e-02
4.200000000000000178e+00 8.600230933169356051e-01 2.626713586103021636e-02
4.216000000000000192e+00 8.503959691380146291e-01 2.611970456083789055e-02
4.232000000000000206e+00 8.167010345117914349e-01 2.559700873848706065e-02
4.248000000000000220e+00 7.870174016267852402e-01 2.512753180681955370e-02
4.264000000000000234e+00 8.223168569494953006e-01 2.568486340284348302e-02
4.280000000000000249e+00 7.862151412785418625e-01 2.511472144054886432e-02
4.296000000000000263e+00 7.677631532689433991e-01 2.481825809177592296e-02
4.312000000000000277e+00 8.263281586907123000e-01 2.574743319934138033e-02
4.328000000000000291e+00 7.814015791890813745e-01 2.503772160237793809e-02
4.344000000000000306e+00 7.212320530708256072e-01 2.405443572526510393e-02
4.360000000000000320e+00 7.902264430197588618e-01 2.517870809569432503e-02
4.376000000000000334e+00 7.741812360548906424e-01 2.492177578024708587e-02
4.392000000000000348e+00 7.300569169015030946e-01 2.420115113772297946e-02
4.408000000000000362e+00 7.485089049111015580e-01 2.450508140605278315e-02
4.424000000000000377e+00 7.701699343136736431e-01 2.485712774455432067e-02
4.440000000000000391e+00 7.172207513296086079e-01 2.398745025485393353e-02
4.456000000000000405e+00 7.380795203839372043e-01 2.433376117772479905e-02
4.472000000000000419e+00 7.605428101347526670e-01 2.470128214714224779e-02
4.488000000000000433e+00 7.637518515277263997e-01 2.475333970150660201e-02
4.504000000000000448e+00 7.204297927225822296e-01 2.404105356249069611e-02
4.520000000000000462e+00 7.124071892401481199e-01 2.390681994182643558e-02
4.536000000000000476e+00 6.915484201858194124e-01 2.355423266433138291e-02
4.552000000000000490e+00 7.011755443647403885e-01 2.371761658349799684e-02
4.568000000000000504e+00 6.947574615787931451e-01 2.360881960350644238e-02
4.584000000000000519e+00 6.971642426235232781e-01 2.364967712401167335e-02
4.600000000000000533e+00 6.955597219270365228e-01 2.362244662894328120e-02
4.616000000000000547e+00 6.089156043167481824e-01 2.210223619387868127e-02
4.632000000000000561e+00 6.787122546139249257e-01 2.333460798350033005e-02
4.648000000000000576e+00 6.570512252113528406e-01 2.295922787795397907e-02
4.664000000000000590e+00 6.682828700867605720e-01 2.315462908536670972e-02
4.680000000000000604e+00 6.241585509333730242e-01 2.237716819508022564e-02
4.696000000000000618e+00 6.883393787928457908e-01 2.349951892571422452e-02
4.712000000000000632e+00 6.490286217289187309e-01 2.281863116157897137e-02
4.728000000000000647e+00 5.992884801378273174e-01 2.192681884755828467e-02
4.744000000000000661e+00 6.137291664062086705e-01 2.218942484086017589e-02
4.760000000000000675e+00 5.864523145659327197e-01 2.169072239718675479e-02
4.776000000000000689e+00 6.201472491921559138e-01 2.230514622456198845e-02
4.792000000000000703e+00 5.992884801378273174e-01 2.192681884755828467e-02
4.807999999999999829e+00 6.434127992912505034e-01 2.271969578193543116e-02
4.823999999999999844e+00 5.752206696905249883e-01 2.148200956108920964e-02
4.839999999999999858e+00 5.639890248151172569e-01 2.127124893967529198e-02
4.855999999999999872e+00 5.367121729748413062e-01 2.075049143507867733e-02
4.871999999999999886e+00 6.434127992912148652e-01 2.271969578193417175e-02
4.887999999999999901e+00 5.535596402879529032e-01 2.107365534953321851e-02
4.903999999999999915e+00 5.736161489940382330e-01 2.145202767688874843e-02
4.919999999999999929e+00 5.728138886457947443e-01 2.143702101001063176e-02
4.935999999999999943e+00 6.089156043167481824e-01 2.210223619387868127e-02
4.951999999999999957e+00 5.583732023774133912e-01 2.116508161546020936e-02
4.967999999999999972e+00 6.169382077991822921e-01 2.224736077456463887e-02
4.983999999999999986e+00 5.150511435722692211e-01 2.032744720336164893e-02
5.000000000000000000e+00 5.623845041186303906e-01 2.124096956640421016e-02
5.016000000000000014e+00 5.343053919301110621e-01 2.070391339332210839e-02
5.032000000000000028e+00 5.270850487959204411e-01 2.056354626033432553e-02
5.048000000000000043e+00 5.367121729748413062e-01 2.075049143507867733e-02
5.064000000000000057e+00 5.174579246169994651e-01 2.037488588445457438e-02
5.080000000000000071e+00 5.928703973518800741e-01 2.180909011038122472e-02
5.096000000000000085e+00 4.990059366074010572e-01 2.000831518339769161e-02
5.112000000000000099e+00 5.623845041186303906e-01 2.124096956640421016e-02
5.128000000000000114e+00 5.046217590451048673e-01 2.012058717191742702e-02
5.144000000000000128e+00 5.102375814828087330e-01 2.023223615439661421e-02
5.160000000000000142e+00 4.893788124284801366e-01 1.981436893978253538e-02
5.176000000000000156e+00 5.415257350643017942e-01 2.084333526083230817e-02
5.192000000000000171e+00 4.901810727767235143e-01 1.983060357498436094e-02
5.208000000000000185e+00 4.998081969556444348e-01 2.002439257866630434e-02
5.224000000000000199e+00 5.126443625275389770e-01 2.027989755413878853e-02
5.240000000000000213e+00 4.869720313837498926e-01 1.976558502758590449e-02
5.256000000000000227e+00 4.909833331249669475e-01 1.984682493031432460e-02
5.272000000000000242e+00 4.813562089460460269e-01 1.965128494063893283e-02
5.288000000000000256e+00 4.749381261600987281e-01 1.951983674335606295e-02
5.304000000000000270e+00 4.837629899907762709e-01 1.970035189577265880e-02
5.320000000000000284e+00 4.492657950163096436e-01 1.898494490810118465e-02
5.336000000000000298e+00 4.701245640706643303e-01 1.942066673647260475e-02
5.351999999999999424e+00 4.484635346680662105e-01 1.896798649032820777e-02
5.367999999999999439e+00 4.324183277031979911e-01 1.862557591512275026e-02
5.383999999999999453e+00 4.564861381505003202e-01 1.913689442310088570e-02
5.399999999999999467e+00 4.404409311856321008e-01 1.879756087458255703e-02
5.415999999999999481e+00 4.428477122303623448e-01 1.884885035838334416e-02
5.431999999999999496e+00 4.564861381505003202e-01 1.913689442310088570e-02
5.447999999999999510e+00 4.556838778022568870e-01 1.912007077640002009e-02
5.463999999999999524e+00 4.260002449172507477e-01 1.848683598778037493e-02
5.479999999999999538e+00 4.027346948181918518e-01 1.797492911013965841e-02
5.495999999999999552e+00 3.971188723804879861e-01 1.784916594269885318e-02
5.511999999999999567e+00 4.235934638725205037e-01 1.843453931727073725e-02
5.527999999999999581e+00 4.243957242207639369e-01 1.845198800959843219e-02
5.543999999999999595e+00 4.243957242207639369e-01 1.845198800959843219e-02
5.559999999999999609e+00 3.923053102910274981e-01 1.774065936913898217e-02
5.575999999999999623e+00 4.155708603900863940e-01 1.825913533484990400e-02
5.591999999999999638e+00 4.011301741217050409e-01 1.793908674324918781e-02
5.607999999999999652e+00 4.179776414348166380e-01 1.831193294481647804e-02
5.623999999999999666e+00 3.754578429779159010e-01 1.735554493117926964e-02
5.639999999999999680e+00 3.834804464603500107e-01 1.753998735808606074e-02
5.655999999999999694e+00 3.754578429779159010e-01 1.735554493117926964e-02
5.671999999999999709e+00 3.842827068085933884e-01 1.755832503937042322e-02
5.687999999999999723e+00 3.770623636744027118e-01 1.739258989313867756e-02
5.703999999999999737e+00 4.083505172558957175e-01 1.809981845707551648e-02
5.719999999999999751e+00 3.882940085498104432e-01 1.764972766135501983e-02
5.735999999999999766e+00 3.594126360130476816e-01 1.698065094544109685e-02
5.751999999999999780e+00 3.738533222814290902e-01 1.731842072838788230e-02
5.767999999999999794e+00 3.562035946200740599e-01 1.690467449747125664e-02
5.783999999999999808e+00 3.650284584507515473e-01 1.711279808200444688e-02
5.799999999999999822e+00 3.361470859139887857e-01 1.642185976698023325e-02
5.815999999999999837e+00 3.931075706392709312e-01 1.775878983822327950e-02
5.831999999999999851e+00 3.345425652175019748e-01 1.638261990261743323e-02
5.847999999999999865e+00 3.754578429779159010e-01 1.735554493117926964e-02
5.863999999999999879e+00 3.537968135753438159e-01 1.684746731311161094e-02
5.879999999999999893e+00 3.473787307893965726e-01 1.669395643744930532e-02
5.895999999999999908e+00 3.722488015849422793e-01 1.728121677407953166e-02
5.911999999999999922e+00 3.409606480034492737e-01 1.653902077526193601e-02
5.927999999999999936e+00 3.273222220833112983e-01 1.620486469787280059e-02
5.943999999999999950e+00 3.610171567095344924e-01 1.701851197559989259e-02
5.959999999999999964e+00 3.521922928788570051e-01 1.680922102697316942e-02
5.975999999999999979e+00 3.481809911376399502e-01 1.671322240628116476e-02
5.991999999999999993e+00 3.578081153165608708e-01 1.694270530931180074e-02
6.008000000000000007e+00 3.915030499427841204e-01 1.772251035224567742e-02
6.024000000000000021e+00 3.746555826296724678e-01 1.733699276667723457e-02
6.040000000000000036e+00 3.778646240226461450e-01 1.741108281690927073e-02
6.056000000000000050e+00 3.570058549683174931e-01 1.692370058621395917e-02
6.072000000000000064e+00 3.730510619331856570e-01 1.729982875230536704e-02
6.088000000000000078e+00 3.810736654156197667e-01 1.748485892201386699e-02
6.104000000000000092e+00 4.139663396935995832e-01 1.822385194857653948e-02
6.120000000000000107e+00 4.332205880514414242e-01 1.864284580841573877e-02
6.136000000000000121e+00 5.038194986968614897e-01 2.010458670245087245e-02
6.152000000000000135e+00 5.270850487959204411e-01 2.056354626033432553e-02
6.168000000000000149e+00 4.982036762591576240e-01 1.999222485897502247e-02
6.184000000000000163e+00 5.254805280994335748e-01 2.053222324708609339e-02
6.200000000000000178e+00 5.495483385467359039e-01 2.099716270021003903e-02
6.216000000000000192e+00 5.744184093422816106e-01 2.146702385325838583e-02
6.232000000000000206e+00 5.487460781984924152e-01 2.098183070641663692e-02
6.248000000000000220e+00 5.102375814828087330e-01 2.023223615439661421e-02
6.264000000000000234e+00 4.877742917319933258e-01 1.978185969895377566e-02
6.280000000000000249e+00 4.444522329268491556e-01 1.888296595255774951e-02
6.296000000000000263e+00 4.203844224795468820e-01 1.836457876387438681e-02
6.312000000000000277e+00 3.730510619331856570e-01 1.729982875230536704e-02
6.328000000000000291e+00 3.505877721823701942e-01 1.677088751977395126e-02
6.344000000000000306e+00 3.802714050673763335e-01 1.746644411024648666e-02
6.360000000000000320e+00 3.570058549683174931e-01 1.692370058621395917e-02
6.376000000000000334e+00 3.634239377542647365e-01 1.707514611541370575e-02
6.392000000000000348e+00 3.545990739235872491e-01 1.686655793375541751e-02
6.408000000000000362e+00 3.682374998437252245e-01 1.718785457411452569e-02
6.424000000000000377e+00 3.850849671568368215e-01 1.757664358899463028e-02
6.440000000000000391e+00 3.963166120322445529e-01 1.783112736715311911e-02
6.456000000000000405e+00 3.882940085498104432e-01 1.764972766135501983e-02
6.472000000000000419e+00 3.618194170577779256e-01 1.703741093975257026e-02
6.488000000000000433e+00 3.722488015849422793e-01 1.728121677407953166e-02
6.504000000000000448e+00 3.505877721823701942e-01 1.677088751977395126e-02
6.520000000000000462e+00 3.529945532271004383e-01 1.682835503547511213e-02
6.536000000000000476e+00 3.401583876552058405e-01 1.651955164458716180e-02
6.552000000000000490e+00 3.441696893964228954e-01 1.661666918699414297e-02
6.568000000000000504e+00 3.658307187989949805e-01 1.713159303339355927e-02
6.584000000000000519e+00 3.201018789491206218e-01 1.602513790515050149e-02
6.600000000000000533e+00 3.096724944219562681e-01 1.576191496032014819e-02
6.615999999999999659e+00 3.201018789491383298e-01 1.602513790515138967e-02
6.631999999999999673e+00 3.160905772079035669e-01 1.592441322458297559e-02
6.647999999999999687e+00 2.831979029299237505e-01 1.507310347029980520e-02
6.663999999999999702e+00 3.048589323324958356e-01 1.563893325064667772e-02
6.679999999999999716e+00 3.160905772079035669e-01 1.592441322458297559e-02
6.695999999999999730e+00 3.345425652175019748e-01 1.638261990261743323e-02
6.711999999999999744e+00 3.160905772079035669e-01 1.592441322458297559e-02
6.727999999999999758e+00 3.016498909395221584e-01 1.555640532233355453e-02
6.743999999999999773e+00 3.152883168596601338e-01 1.590419173931544375e-02
6.759999999999999787e+00 2.992431098947919699e-01 1.549422090824952719e-02
6.775999999999999801e+00 3.040566719842524024e-01 1.561834215119577325e-02
6.791999999999999815e+00 3.201018789491206218e-01 1.602513790515050149e-02
6.807999999999999829e+00 2.920227667606012378e-01 1.530615191863598547e-02
6.823999999999999844e+00 3.377516066104756520e-01 1.646100609133874931e-02
6.839999999999999858e+00 2.968363288500617259e-01 1.543178591591219152e-02
6.855999999999999872e+00 2.751752994474896408e-01 1.485806957726096104e-02
6.871999999999999886e+00 3.225086599938508103e-01 1.608526996597142364e-02
6.887999999999999901e+00 3.072657133772260241e-01 1.570054451976979001e-02
6.903999999999999915e+00 3.393561273069624629e-01 1.650005954146283385e-02
6.919999999999999929e+00 3.249154410385810543e-01 1.614517806892427215e-02
6.935999999999999943e+00 3.297290031280415423e-01 1.626433229110420958e-02
6.951999999999999957e+00 3.120792754666865121e-01 1.582304737449316545e-02
6.967999999999999972e+00 3.225086599938508103e-01 1.608526996597142364e-02
6.983999999999999986e+00 3.201018789491206218e-01 1.602513790515050149e-02
7.000000000000000000e+00 3.080679737254694572e-01 1.572102795251114488e-02
7.016000000000000014e+00 3.184973582526338109e-01 1.598492419582789661e-02
7.032000000000000028e+00 3.385538669587190297e-01 1.648054438437805691e-02
7.048000000000000043e+00 3.168928375561469446e-01 1.594460906430875125e-02
7.064000000000000057e+00 3.377516066104756520e-01 1.646100609133874931e-02
7.080000000000000071e+00 3.128815358149298897e-01 1.584337242766888434e-02
7.096000000000000085e+00 3.209041392973639995e-01 1.604520696486820205e-02
7.112000000000000099e+00 3.192996186008771886e-01 1.600504368043798031e-02
7.128000000000000114e+00 3.409606480034492737e-01 1.653902077526193601e-02
7.144000000000000128e+00 3.241131806903376766e-01 1.612523343120680561e-02
7.160000000000000142e+00 3.425651686999360845e-01 1.657789044291441832e-02
7.176000000000000156e+00 3.545990739235872491e-01 1.686655793375541751e-02
7.192000000000000171e+00 3.168928375561469446e-01 1.594460906430875125e-02
7.208000000000000185e+00 3.578081153165608708e-01 1.694270530931180074e-02
7.224000000000000199e+00 3.297290031280415423e-01 1.626433229110420958e-02
7.240000000000000213e+00 3.209041392973639995e-01 1.604520696486820205e-02
7.256000000000000227e+00 3.545990739235872491e-01 1.686655793375541751e-02
7.272000000000000242e+00 3.738533222814290902e-01 1.731842072838788230e-02
7.288000000000000256e+00 3.714465412366988462e-01 1.726258472901332983e-02
7.304000000000000270e+00 3.682374998437252245e-01 1.718785457411452569e-02
7.320000000000000284e+00 3.778646240226461450e-01 1.741108281690927073e-02
7.336000000000000298e+00 3.898985292462972541e-01 1.768615644657503885e-02
7.352000000000000313e+00 4.019324344699484186e-01 1.795701686940741337e-02
7.368000000000000327e+00 4.444522329268491556e-01 1.888296595255774951e-02
7.384000000000000341e+00 4.235934638725205037e-01 1.843453931727073725e-02
7.400000000000000355e+00 4.629042209364476190e-01 1.927095486715224570e-02
7.416000000000000369e+00 4.436499725786057780e-01 1.886591586695677766e-02
7.432000000000000384e+00 4.869720313837498926e-01 1.976558502758590449e-02
7.448000000000000398e+00 4.637064812846909967e-01 1.928764690567987689e-02
7.464000000000000412e+00 5.094353211345653554e-01 2.021632405114514794e-02
7.480000000000000426e+00 4.621019605882041859e-01 1.925424835784184108e-02
7.496000000000000441e+00 5.318986108853808181e-01 2.065723032739606377e-02
7.512000000000000455e+00 4.693223037223948624e-01 1.940408912633437635e-02
7.528000000000000469e+00 4.621019605882041859e-01 1.925424835784184108e-02
7.544000000000000483e+00 4.516725760610398321e-01 1.903572951485516321e-02
7.560000000000000497e+00 4.316160673549546134e-01 1.860828999407621379e-02
7.576000000000000512e+00 4.877742917319933258e-01 1.978185969895377566e-02
7.592000000000000526e+00 4.091527776041390951e-01 1.811758951531508566e-02
7.608000000000000540e+00 4.276047656137375585e-01 1.852161840044813310e-02
7.624000000000000554e+00 3.834804464603712715e-01 1.753998735808703219e-02
7.639999999999999680e+00 3.730510619331856570e-01 1.729982875230536704e-02
7.655999999999999694e+00 4.219889431760336929e-01 1.839959229187628983e-02
7.671999999999999709e+00 4.163731207383298272e-01 1.827675148495289462e-02
7.687999999999999723e+00 4.139663396935995832e-01 1.822385194857653948e-02
7.703999999999999737e+00 4.019324344699484186e-01 1.795701686940741337e-02
7.719999999999999751e+00 4.147686000418430163e-01 1.824150217251859635e-02
7.735999999999999766e+00 3.473787307893965726e-01 1.669395643744930532e-02
7.751999999999999780e+00 4.059437362111654735e-01 1.804640028315898301e-02
7.767999999999999794e+00 3.947120913357577421e-01 1.779499535967654297e-02
7.783999999999999808e+00 4.268025052654941254e-01 1.850423536667903518e-02
7.799999999999999822e+00 4.596951795434739418e-01 1.920404162738574214e-02
7.815999999999999837e+00 4.019324344699484186e-01 1.795701686940741337e-02
7.831999999999999851e+00 4.396386708373887231e-01 1.878043325291707533e-02
7.847999999999999865e+00 3.963166120322445529e-01 1.783112736715311911e-02
7.863999999999999879e+00 3.890962688980538764e-01 1.766795144283468330e-02
7.879999999999999893e+00 4.211866828277902597e-01 1.838209386443529283e-02
7.895999999999999908e+00 4.452544932750925888e-01 1.890000065692641271e-02
7.911999999999999922e+00 4.251979845690073145e-01 1.846942021755766661e-02
7.927999999999999936e+00 4.492657950163096436e-01 1.898494490810118465e-02
7.943999999999999950e+00 4.227912035242770705e-01 1.841707409372175461e-02
7.959999999999999964e+00 4.380341501409018568e-01 1.874613106308995608e-02
7.975999999999999979e+00 4.653110019811778075e-01 1.932098772037573256e-02
7.991999999999999993e+00 4.348251087479282351e-01 1.867733768953946938e-02
8.007999999999999119e+00 4.444522329268491556e-01 1.888296595255774951e-02
8.024000000000000909e+00 4.316160673549546134e-01 1.860828999407621379e-02
8.039999999999999147e+00 4.364296294444150459e-01 1.871176599099665105e-02
8.056000000000000938e+00 4.444522329268491556e-01 1.888296595255774951e-02
8.071999999999999176e+00 4.741358658118553504e-01 1.950334342672839852e-02
8.088000000000000966e+00 4.580906588469871310e-01 1.917049742426202991e-02
8.103999999999999204e+00 4.693223037223948624e-01 1.940408912633437635e-02
8.120000000000000995e+00 4.982036762591576240e-01 1.999222485897502247e-02
8.135999999999999233e+00 4.933901141696971915e-01 1.989540964176503626e-02
8.152000000000001023e+00 4.749381261600987281e-01 1.951983674335606295e-02
8.167999999999999261e+00 4.877742917319933258e-01 1.978185969895377566e-02
8.184000000000001052e+00 4.404409311856321008e-01 1.879756087458255703e-02
8.199999999999999289e+00 4.789494279013157829e-01 1.960209516401477739e-02
8.216000000000001080e+00 4.308138070067111802e-01 1.859098800056827039e-02
8.231999999999999318e+00 4.990059366074010572e-01 2.000831518339769161e-02
8.248000000000001108e+00 4.789494279013157829e-01 1.960209516401477739e-02
8.263999999999999346e+00 5.046217590451048673e-01 2.012058717191742702e-02
8.280000000000001137e+00 4.797516882495592161e-01 1.961850546003581983e-02
8.295999999999999375e+00 5.551641609844397696e-01 2.110417477949889237e-02
8.312000000000001165e+00 4.733336054636119172e-01 1.948683615045156831e-02
8.327999999999999403e+00 5.254805280994335748e-01 2.053222324708609339e-02
8.344000000000001194e+00 4.821584692942894601e-01 1.966765419374019025e-02
8.359999999999999432e+00 5.062262797415917337e-01 2.015254999932900026e-02
8.376000000000001222e+00 5.222714867064599531e-01 2.046943342651984590e-02
8.391999999999999460e+00 4.925878538214537583e-01 1.987922793136779123e-02
8.408000000000001251e+00 4.821584692942894601e-01 1.966765419374019025e-02
8.423999999999999488e+00 4.861697710355064594e-01 1.974929694486272924e-02
8.440000000000001279e+00 5.078308004380786000e-01 2.018446221250847633e-02
8.455999999999999517e+00 5.327008712336243068e-01 2.067280306260995196e-02
8.472000000000001307e+00 5.302940901888940628e-01 2.062604958459967469e-02
8.487999999999999545e+00 4.789494279013157829e-01 1.960209516401477739e-02
8.504000000000001336e+00 5.046217590451048673e-01 2.012058717191742702e-02
8.519999999999999574e+00 5.415257350643017942e-01 2.084333526083230817e-02
8.536000000000001364e+00 5.110398418310522217e-01 2.024813575304247951e-02
8.551999999999999602e+00 5.447347764572754159e-01 2.090500206794799337e-02
8.568000000000001393e+00 5.327008712336243068e-01 2.067280306260995196e-02
8.583999999999999631e+00 5.270850487959204411e-01 2.056354626033432553e-02
8.600000000000001421e+00 5.262827884476769524e-01 2.054789072227478433e-02
8.615999999999999659e+00 5.286895694924071964e-01 2.059482163393597243e-02
8.632000000000001450e+00 5.102375814828087330e-01 2.023223615439661421e-02
8.647999999999999687e+00 5.736161489940382330e-01 2.145202767688874843e-02
8.664000000000001478e+00 5.471415575020056599e-01 2.095113305909732451e-02
8.679999999999999716e+00 5.527573799397708099e-01 2.105837904789076287e-02
8.695999999999999730e+00 5.190624453134285998e-01 2.040645040513369007e-02
8.711999999999999744e+00 5.543619006362577872e-01 2.108892058540152298e-02
8.727999999999999758e+00 5.270850487958618213e-01 2.056354626033204264e-02
8.743999999999999773e+00 5.559664213327447646e-01 2.111941795576051731e-02
8.759999999999999787e+00 5.431302557607282644e-01 2.087419143651044265e-02
8.775999999999999801e+00 5.535596402880142985e-01 2.107365534953555344e-02
8.791999999999999815e+00 5.094353211345087340e-01 2.021632405114290321e-02
8.807999999999999829e+00 5.784297110835627809e-01 2.154184814374768622e-02
8.823999999999999844e+00 5.511528592431614859e-01 2.102779315077359101e-02
8.839999999999999858e+00 5.696048472528842943e-01 2.137688899532118672e-02
8.855999999999999872e+00 5.359099126265384205e-01 2.073497704678773854e-02
8.871999999999999886e+00 5.888590956107282448e-01 2.173518583106697627e-02
8.887999999999999901e+00 5.415257350642416201e-01 2.084333526082999058e-02
8.903999999999999915e+00 5.720116282976147604e-01 2.142200383057979440e-02
8.919999999999999929e+00 5.760229300387044171e-01 2.149698482227191398e-02
8.935999999999999943e+00 5.286895694924658162e-01 2.059482163393825532e-02
8.951999999999999957e+00 5.848477938693809053e-01 2.166102940256966342e-02
8.967999999999999972e+00 5.583732023774753417e-01 2.116508161546255817e-02
8.983999999999999986e+00 5.768251903869477948e-01 2.151194965862816832e-02
9.000000000000000000e+00 5.800342317800497582e-01 2.157170518946087065e-02
9.016000000000000014e+00 5.992884801377607040e-01 2.192681884755584912e-02
9.032000000000000028e+00 5.760229300388323148e-01 2.149698482227668794e-02
9.048000000000000043e+00 6.249608112815470129e-01 2.239154479032570699e-02
9.064000000000000057e+00 5.752206696905888261e-01 2.148200956109158968e-02
9.080000000000000071e+00 6.097178646649239475e-01 2.211679150410962927e-02
9.096000000000000085e+00 5.904636163072152222e-01 2.176477765665760927e-02
9.112000000000000099e+00 6.297743733710069458e-01 2.247761126310674623e-02
9.128000000000000114e+00 5.768251903870758035e-01 2.151194965863294575e-02
9.144000000000000128e+00 6.297743733710069458e-01 2.247761126310674623e-02
9.160000000000000142e+00 6.747009528727826444e-01 2.326555009906147026e-02
9.176000000000000156e+00 5.800342317799209724e-01 2.157170518945608281e-02
9.192000000000000171e+00 5.744184093423453374e-01 2.146702385326076587e-02
9.208000000000000185e+00 6.193449888438437023e-01 2.229071390585365964e-02
9.224000000000000199e+00 6.554467045149386939e-01 2.293117749744239681e-02
9.240000000000000213e+00 5.944749180483007711e-01 2.183858179404856575e-02
9.256000000000000227e+00 6.714919114798086897e-01 2.321015585355867827e-02
9.272000000000000242e+00 5.952771783965441488e-01 2.185331271093041844e-02
9.288000000000000256e+00 6.169382077992507929e-01 2.224736077456710565e-02
9.304000000000000270e+00 6.161359474508704137e-01 2.223289094488532097e-02
9.320000000000000284e+00 6.265653319781727681e-01 2.242027032464400174e-02
9.336000000000000298e+00 6.474241010323600332e-01 2.279040773560973843e-02
9.352000000000000313e+00 6.698873907833217123e-01 2.318240909426275836e-02
9.368000000000000327e+00 6.634693079972263652e-01 2.307108835929961091e-02
9.384000000000000341e+00 6.682828700868347349e-01 2.315462908536928058e-02
9.400000000000000355e+00 6.779099942656061639e-01 2.332081276622135699e-02
9.416000000000000369e+00 6.530399234702082278e-01 2.288903747255697022e-02
9.432000000000000384e+00 6.795145149620928082e-01 2.334839504997891432e-02
9.448000000000000398e+00 6.394014975500686981e-01 2.264876305876179288e-02
9.464000000000000412e+00 6.859325977480393854e-01 2.345839987596741102e-02
9.480000000000000426e+00 6.979665029718441494e-01 2.366328062075266983e-02
9.496000000000000441e+00 7.605428101346681791e-01 2.470128214713950346e-02
9.512000000000000455e+00 7.757857567514635511e-01 2.494758808730366054e-02
9.528000000000000469e+00 7.332659582943953369e-01 2.425428215916179339e-02
9.544000000000000483e+00 7.894241826716030808e-01 2.516592378002364960e-02
9.560000000000000497e+00 7.902264430196711542e-01 2.517870809569152865e-02
9.576000000000000512e+00 8.142942534671514521e-01 2.555926429612630571e-02
9.592000000000000526e+00 7.950400051091309761e-01 2.525527808926726278e-02
9.608000000000000540e+00 8.800796020231184125e-01 2.657165723098706481e-02
9.624000000000000554e+00 9.587011161507684731e-01 2.773315509105258800e-02
9.640000000000000568e+00 9.699327610263903665e-01 2.789513568050548675e-02
9.656000000000000583e+00 1.005232216348881158e+00 2.839820325220345290e-02
9.672000000000000597e+00 1.036520369930600705e+00 2.883676807379779994e-02
9.687999999999998835e+00 9.875824886876377606e-01 2.814779336455413769e-02
9.704000000000000625e+00 1.003627695652505869e+00 2.837553003242248781e-02
9.719999999999998863e+00 1.050961056198867150e+00 2.903694858170130164e-02
9.736000000000000654e+00 9.964073525183152480e-01 2.827327553757501277e-02
9.751999999999998892e+00 1.053367837243597283e+00 2.907017798252112609e-02
9.768000000000000682e+00 9.883847490358811383e-01 2.815922394101090173e-02
9.783999999999998920e+00 9.747463231157431629e-01 2.796426871262360642e-02
9.800000000000000711e+00 8.905089865501851776e-01 2.672863725788574008e-02
9.815999999999998948e+00 9.129722763010006403e-01 2.706365563485131631e-02
9.832000000000000739e+00 8.199100759047650566e-01 2.564724825441586434e-02
9.847999999999998977e+00 8.455824070485541410e-01 2.604567596257148163e-02
9.864000000000000767e+00 7.942377447609759722e-01 2.524253255321266820e-02
9.879999999999999005e+00 7.709721946619170208e-01 2.487007079554571023e-02
9.896000000000000796e+00 7.974467861539495939e-01 2.529347616215405978e-02
9.911999999999999034e+00 7.773902774478643751e-01 2.497337371494617875e-02
9.928000000000000824e+00 7.814015791890813745e-01 2.503772160237793809e-02
9.943999999999999062e+00 7.773902774478643751e-01 2.497337371494617875e-02
9.960000000000000853e+00 7.838083602338116185e-01 2.507625107621300545e-02
9.975999999999999091e+00 7.188252720260953632e-01 2.401426686496631671e-02
9.992000000000000881e+00 7.348704789909635826e-01 2.428080407212850067e-02
