# E / keV # rel_F # rel_F_err #
2.008000000000000007e+00 2.035971425195004958e+00 5.470749025869081628e-02
2.024000000000000021e+00 1.963940667191715894e+00 5.373102606374974971e-02
2.040000000000000036e+00 1.809589042898953837e+00 5.157638884622989250e-02
2.056000000000000050e+00 1.687577758934198924e+00 4.980728271589673906e-02
2.072000000000000064e+00 1.655237418606191557e+00 4.932772659439779717e-02
2.088000000000000078e+00 1.600846846236361198e+00 4.851051049201094562e-02
2.104000000000000092e+00 1.487655655088335749e+00 4.676405485201087786e-02
2.120000000000000107e+00 1.496475747905064990e+00 4.690247860278284192e-02
2.136000000000000121e+00 1.500885794313429500e+00 4.697153750438463893e-02
2.152000000000000135e+00 1.406804804268317444e+00 4.547554095090972082e-02
2.168000000000000149e+00 1.325953953448299139e+00 4.414943740699140556e-02
2.184000000000000163e+00 1.361234324715216104e+00 4.473293546017666905e-02
2.200000000000000178e+00 1.259803257322829717e+00 4.303405949633618693e-02
2.216000000000000192e+00 1.299493674998111414e+00 4.370670205707578165e-02
2.232000000000000206e+00 1.303903721406475924e+00 4.378080219853563299e-02
2.248000000000000220e+00 1.350944216429032174e+00 4.456353774692124042e-02
2.264000000000000234e+00 1.189242514788995564e+00 4.181154019733360899e-02
2.280000000000000249e+00 1.236283009811551592e+00 4.263044861419143516e-02
2.296000000000000263e+00 1.258333241853409667e+00 4.300894478191564368e-02
2.311999999999999833e+00 1.268623350139558958e+00 4.318444105944665989e-02
2.327999999999999847e+00 1.296553644059201593e+00 4.365723208982812825e-02
2.343999999999999861e+00 1.234812994342096681e+00 4.260509598119431585e-02
2.359999999999999876e+00 1.336244061734483290e+00 4.432041788743545235e-02
2.375999999999999890e+00 1.325953953448299139e+00 4.414943740699140556e-02
2.391999999999999904e+00 1.261273272792284628e+00 4.305915956233516417e-02
2.407999999999999918e+00 1.275973427486833289e+00 4.330936015480955914e-02
2.423999999999999932e+00 1.346534170020667442e+00 4.449074128490067281e-02
2.439999999999999947e+00 1.336244061734483290e+00 4.432041788743545235e-02
2.455999999999999961e+00 1.334774046265028380e+00 4.429603251123594154e-02
2.471999999999999975e+00 1.311253798753750477e+00 4.390402451426845404e-02
2.487999999999999989e+00 1.327423968917754049e+00 4.417390370834672203e-02
2.504000000000000004e+00 1.203942669483544448e+00 4.206916149007025596e-02
2.520000000000000018e+00 1.231872963403187082e+00 4.255434540215495554e-02
2.536000000000000032e+00 1.328893984387208960e+00 4.419835646621630976e-02
2.552000000000000046e+00 1.136321957888620116e+00 4.087066009226576063e-02
2.568000000000000060e+00 1.136321957888620116e+00 4.087066009226576063e-02
2.584000000000000075e+00 1.258333241853374806e+00 4.300894478191445019e-02
2.600000000000000089e+00 1.168662298216627260e+00 4.144818038161784957e-02
2.616000000000000103e+00 1.220112839647548020e+00 4.235073492588308647e-02
2.632000000000000117e+00 1.118681772255161411e+00 4.055218256286935441e-02
2.648000000000000131e+00 1.095161524743883508e+00 4.012361378197755457e-02
2.664000000000000146e+00 1.140732004296984625e+00 4.094989246406924299e-02
2.680000000000000160e+00 1.178952406502811412e+00 4.163025672885272560e-02
2.695999999999999730e+00 1.177482391033389142e+00 4.160429460800707524e-02
2.711999999999999744e+00 1.033420875026778596e+00 3.897620649507799184e-02
2.727999999999999758e+00 1.153962143522078598e+00 4.118667505568718301e-02
2.743999999999999773e+00 1.070171261763150472e+00 3.966318582461418607e-02
2.759999999999999787e+00 1.078991354579879713e+00 3.982629762657452499e-02
2.775999999999999801e+00 1.087811447396609177e+00 3.998874411035079762e-02
2.791999999999999815e+00 1.093691509274428597e+00 4.009667613961114679e-02
2.807999999999999829e+00 1.155432158991533509e+00 4.121290025736118467e-02
2.823999999999999844e+00 1.029010828618414086e+00 3.889295355595470682e-02
2.839999999999999858e+00 1.074581308171515204e+00 3.974482540154360838e-02
2.855999999999999872e+00 1.086341431927154266e+00 3.996171555429870598e-02
2.871999999999999886e+00 1.062821184415876141e+00 3.952674515256338061e-02
2.887999999999999901e+00 1.108391663968977259e+00 4.036524361686956441e-02
2.903999999999999915e+00 1.056941122538056721e+00 3.941725257338398597e-02
2.919999999999999929e+00 1.048121029721327480e+00 3.925244103939685286e-02
2.935999999999999943e+00 1.086341431927154266e+00 3.996171555429870598e-02
2.951999999999999957e+00 1.059881153476966320e+00 3.947203682855521950e-02
2.967999999999999972e+00 1.015780689393320113e+00 3.864211856228537412e-02
2.983999999999999986e+00 1.073111292702060293e+00 3.971763085480740224e-02
3.000000000000000000e+00 1.009900627515500471e+00 3.853011218592509307e-02
3.016000000000000014e+00 1.014310673923865203e+00 3.861414742683416668e-02
3.032000000000000028e+00 9.893204109431322779e-01 3.813549931932005282e-02
3.048000000000000043e+00 1.049591045190782168e+00 3.927995765058515248e-02
3.064000000000000057e+00 1.005490581107135961e+00 3.844589326077187119e-02
3.080000000000000071e+00 9.966704882904067198e-01 3.827689950526353552e-02
3.096000000000000085e+00 9.452199468594859599e-01 3.727583592517760142e-02
3.112000000000000099e+00 9.746202562485835053e-01 3.785111429706521091e-02
3.128000000000000114e+00 9.760902717180384158e-01 3.787964887653964136e-02
3.144000000000000128e+00 1.004020565637681051e+00 3.841777925828387952e-02
3.160000000000000142e+00 1.048121029721327480e+00 3.925244103939685286e-02
3.176000000000000156e+00 9.996105192293164299e-01 3.833331353662134539e-02
3.192000000000000171e+00 9.172896529398433252e-01 3.672097465744155603e-02
3.208000000000000185e+00 9.437499313900311604e-01 3.724683877110008395e-02
3.224000000000000199e+00 9.452199468594859599e-01 3.727583592517760142e-02
3.240000000000000213e+00 9.658001634318542639e-01 3.767945303009153507e-02
3.256000000000000227e+00 9.569800706151250225e-01 3.750700611571462784e-02
3.272000000000000242e+00 9.408099004511213392e-01 3.718877663327272570e-02
3.288000000000000256e+00 8.584890341616482345e-01 3.552452899863697833e-02
3.304000000000000270e+00 8.864193280812908693e-01 3.609778559279357840e-02
3.320000000000000284e+00 8.878893435507457799e-01 3.612770502237489662e-02
3.336000000000000298e+00 8.628990805700128552e-01 3.561565662761687068e-02
3.352000000000000313e+00 8.599590496311031451e-01 3.555493082619393813e-02
3.368000000000000327e+00 9.187596684092982358e-01 3.675038673637192471e-02
3.384000000000000341e+00 9.805003181264030365e-01 3.796512393567602617e-02
3.400000000000000355e+00 8.702491579173113889e-01 3.576702006623648511e-02
3.415999999999999925e+00 8.643690960394677658e-01 3.564598073411286844e-02
3.431999999999999940e+00 9.040595137147494631e-01 3.645519812685888567e-02
3.447999999999999954e+00 8.408488485281897518e-01 3.515765656026805658e-02
3.463999999999999968e+00 9.025894982452945525e-01 3.642554769647395052e-02
3.479999999999999982e+00 8.246786783641860685e-01 3.481796109086453261e-02
3.495999999999999996e+00 8.614290651005579447e-01 3.558530668036841149e-02
3.512000000000000011e+00 8.085085082001823853e-01 3.447491862557696546e-02
3.528000000000000025e+00 8.423188639976445513e-01 3.518837535735624966e-02
3.544000000000000039e+00 8.055684772612726752e-01 3.441217986816993979e-02
3.560000000000000053e+00 8.673091269783774759e-01 3.570655168813727937e-02
3.576000000000000068e+00 8.055684772612726752e-01 3.441217986816993979e-02
3.592000000000000082e+00 8.423188639976445513e-01 3.518837535735624966e-02
3.608000000000000096e+00 8.437888794670994619e-01 3.521906736088610546e-02
3.624000000000000110e+00 8.232086628947311580e-01 3.478691519874275995e-02
3.640000000000000124e+00 8.187986164863665373e-01 3.469361083259005912e-02
3.656000000000000139e+00 8.202686319558214478e-01 3.472474014422061162e-02
3.671999999999999709e+00 8.320287557114834920e-01 3.497277715491304423e-02
3.687999999999999723e+00 8.070384927307275857e-01 3.444356353166316831e-02
3.703999999999999737e+00 8.114485391390922064e-01 3.453754341583990806e-02
3.719999999999999751e+00 7.967483844445434338e-01 3.422327351958985575e-02
3.735999999999999766e+00 7.864582761583592818e-01 3.400155631781586613e-02
3.751999999999999780e+00 7.408877966052580533e-01 3.300176543974682464e-02
3.767999999999999794e+00 7.467678584830775845e-01 3.313246601238450245e-02
3.783999999999999808e+00 8.555490032227385244e-01 3.546364715612490559e-02
3.799999999999999822e+00 7.702881059943555986e-01 3.365019215025080723e-02
3.815999999999999837e+00 7.717581214638105092e-01 3.368228580766509384e-02
3.831999999999999851e+00 7.599979977081714466e-01 3.342467372145530025e-02
3.847999999999999865e+00 7.467678584830775845e-01 3.313246601238450245e-02
3.863999999999999879e+00 7.232476109717995705e-01 3.260652045795178755e-02
3.879999999999999893e+00 7.408877966052580533e-01 3.300176543974682464e-02
3.895999999999999908e+00 7.452978430136226740e-01 3.309983925310480690e-02
3.911999999999999922e+00 7.452978430136226740e-01 3.309983925310480690e-02
3.927999999999999936e+00 7.732281369332653087e-01 3.371434891421861563e-02
3.943999999999999950e+00 7.173675490939800392e-01 3.247370312195826253e-02
3.959999999999999964e+00 7.100174717467055974e-01 3.230691361072577511e-02
3.975999999999999979e+00 6.497468374990557072e-01 3.090530540785831060e-02
3.991999999999999993e+00 6.982573479910666459e-01 3.203824438397655933e-02
4.008000000000000007e+00 6.379867137434166446e-01 3.062434225431630297e-02
4.024000000000000021e+00 6.864972242354275833e-01 3.176730299165971688e-02
4.040000000000000036e+00 6.615069612546946587e-01 3.118373720702009161e-02
4.056000000000000050e+00 6.585669303157849486e-01 3.111436284476376893e-02
4.072000000000000064e+00 6.762071159492434314e-01 3.152831934944924641e-02
4.088000000000000078e+00 6.644469921936044798e-01 3.125295757456184736e-02
4.104000000000000092e+00 7.114874872161605079e-01 3.234034032800729708e-02
4.120000000000000107e+00 6.174064971710483407e-01 3.012635228140622332e-02
4.136000000000000121e+00 6.747371004797886318e-01 3.149403079188847071e-02
4.152000000000000135e+00 6.644469921936044798e-01 3.125295757456184736e-02
4.168000000000000149e+00 6.350466828045069345e-01 3.055369777209674537e-02
4.184000000000000163e+00 6.056463734154093892e-01 2.983805519701136083e-02
4.200000000000000178e+00 6.291666209266874032e-01 3.041191650696948787e-02
4.216000000000000192e+00 6.041763579459544786e-01 2.980182196543460296e-02
4.232000000000000206e+00 6.497468374990557072e-01 3.090530540785831060e-02
4.248000000000000220e+00 6.409267446823264658e-01 3.069482414789790475e-02
4.264000000000000234e+00 5.556658474539435399e-01 2.858036724055607741e-02
4.280000000000000249e+00 5.806561104346764646e-01 2.921597961343199573e-02
4.296000000000000263e+00 6.335766673350520239e-01 3.051831420750813692e-02
4.312000000000000277e+00 6.321066518655971134e-01 3.048288957083557585e-02
4.328000000000000291e+00 5.615459093317630712e-01 2.873118816768282721e-02
4.344000000000000306e+00 5.688959866790374020e-01 2.891860821216990507e-02
4.360000000000000320e+00 5.365556463510301466e-01 2.808460611009836599e-02
4.376000000000000334e+00 6.321066518655971134e-01 3.048288957083557585e-02
4.392000000000000348e+00 5.747760485568569333e-01 2.906767419059749086e-02
4.408000000000000362e+00 5.644859402706727813e-01 2.880630251329855535e-02
4.424000000000000377e+00 5.365556463510301466e-01 2.808460611009836599e-02
4.440000000000000391e+00 5.953562651292252372e-01 2.958349065909634049e-02
4.456000000000000405e+00 5.850661568430410853e-01 2.932671650924773693e-02
4.472000000000000419e+00 5.909462187208606165e-01 2.947371851557808661e-02
4.488000000000000433e+00 5.306755844732106153e-01 2.793029391964266597e-02
4.504000000000000448e+00 6.027063424764995681e-01 2.976554462762311809e-02
4.520000000000000462e+00 5.218554916564813739e-01 2.769721367854550628e-02
4.536000000000000476e+00 5.218554916564813739e-01 2.769721367854550628e-02
4.552000000000000490e+00 5.703660021484923126e-01 2.895594665020325906e-02
4.568000000000000504e+00 5.306755844732106153e-01 2.793029391964266597e-02
4.584000000000000519e+00 5.394956772899398567e-01 2.816144512130454997e-02
4.600000000000000533e+00 4.792250430422899665e-01 2.654182033362341778e-02
4.616000000000000547e+00 5.277355535343009052e-01 2.785281722692975123e-02
4.632000000000000561e+00 4.968652286757484493e-01 2.702590557941741273e-02
4.648000000000000576e+00 5.012752750841130700e-01 2.714557807137094742e-02
4.664000000000000590e+00 5.439057236983045884e-01 2.827631213156266143e-02
4.680000000000000604e+00 5.277355535343009052e-01 2.785281722692975123e-02
4.696000000000000618e+00 4.733449811644704353e-01 2.637848450348501475e-02
4.712000000000000632e+00 5.203854761870264634e-01 2.765817600773000026e-02
4.728000000000000647e+00 5.056853214924776907e-01 2.726472529240309833e-02
4.744000000000000661e+00 4.571748110004668075e-01 2.592400517697440732e-02
4.760000000000000675e+00 4.806950585117448216e-01 2.658249747677561906e-02
4.776000000000000689e+00 4.953952132062935942e-01 2.698589681495037335e-02
4.792000000000000703e+00 5.115653833702972220e-01 2.742278299501988564e-02
4.807999999999999829e+00 4.454146872448525030e-01 2.558840519790898591e-02
4.823999999999999844e+00 5.130353988397521325e-01 2.746215528090226871e-02
4.839999999999999858e+00 4.483547181837375106e-01 2.567271648137718978e-02
4.855999999999999872e+00 4.792250430422899665e-01 2.654182033362341778e-02
4.871999999999999886e+00 4.454146872448277450e-01 2.558840519790756343e-02
4.887999999999999901e+00 4.483547181837375106e-01 2.567271648137718978e-02
4.903999999999999915e+00 4.218944397335497309e-01 2.490364135794836953e-02
4.919999999999999929e+00 4.645248883477411939e-01 2.613156657795278476e-02
4.935999999999999943e+00 4.792250430422899665e-01 2.654182033362341778e-02
4.951999999999999957e+00 4.851051049201094423e-01 2.670415713974309477e-02
4.967999999999999972e+00 4.953952132062935942e-01 2.698589681495037335e-02
4.983999999999999986e+00 3.954341612833619513e-01 2.411004633420386206e-02
5.000000000000000000e+00 3.983741922222717169e-01 2.419950878010399334e-02
5.016000000000000014e+00 4.189544087946399653e-01 2.481671738817290210e-02
5.032000000000000028e+00 3.880840839360875649e-01 2.388492425852076564e-02
5.048000000000000043e+00 3.910241148749973306e-01 2.397522675171492174e-02
5.064000000000000057e+00 4.189544087946399653e-01 2.481671738817290210e-02
5.080000000000000071e+00 4.204244242640948759e-01 2.486021736439325211e-02
5.096000000000000085e+00 4.454146872448277450e-01 2.558840519790756343e-02
5.112000000000000099e+00 4.027842386306363376e-01 2.433308574019415332e-02
5.128000000000000114e+00 4.204244242640948759e-01 2.486021736439325211e-02
5.144000000000000128e+00 3.895540994055424200e-01 2.393011810074723369e-02
5.160000000000000142e+00 4.086643005084558133e-01 2.451005596814063991e-02
5.176000000000000156e+00 3.777939756499034130e-01 2.356614072079298364e-02
5.192000000000000171e+00 3.954341612833619513e-01 2.411004633420386206e-02
5.208000000000000185e+00 3.616238054858997852e-01 2.305629172671559701e-02
5.224000000000000199e+00 3.998442076917265720e-01 2.424411620741756188e-02
5.240000000000000213e+00 3.645638364248095509e-01 2.314982676281374455e-02
5.256000000000000227e+00 3.924941303444521856e-01 2.402025069137671623e-02
5.272000000000000242e+00 3.983741922222717169e-01 2.419950878010399334e-02
5.288000000000000256e+00 3.131132949938888466e-01 2.145416946267100083e-02
5.304000000000000270e+00 3.645638364248095509e-01 2.314982676281374455e-02
5.320000000000000284e+00 4.027842386306363376e-01 2.433308574019415332e-02
5.336000000000000298e+00 3.645638364248297569e-01 2.314982676281502824e-02
5.351999999999999424e+00 3.528037126691704883e-01 2.277338172746406694e-02
5.367999999999999439e+00 3.969041767528168063e-01 2.415481897505947911e-02
5.383999999999999453e+00 3.660338518942644059e-01 2.319645284582804584e-02
5.399999999999999467e+00 3.763239601804485579e-01 2.352024751127803487e-02
5.415999999999999481e+00 3.719139137720839372e-01 2.338202742600543893e-02
5.431999999999999496e+00 3.586837745469900196e-01 2.296237568777544438e-02
5.447999999999999510e+00 3.087032485855241704e-01 2.130254799059715792e-02
5.463999999999999524e+00 3.160533259327985567e-01 2.155465792569852268e-02
5.479999999999999538e+00 3.072332331160693153e-01 2.125176711267226168e-02
5.495999999999999552e+00 3.528037126691704883e-01 2.277338172746406694e-02
5.511999999999999567e+00 3.057632176466144602e-01 2.120086460337930814e-02
5.527999999999999581e+00 3.351635270357120056e-01 2.219674682334225532e-02
5.543999999999999595e+00 2.969431248298851633e-01 2.089284535548477720e-02
5.559999999999999609e+00 3.219333878106180880e-01 2.175424234984120811e-02
5.575999999999999623e+00 3.042932021771595497e-01 2.114983958450713727e-02
5.591999999999999638e+00 2.954731093604303083e-01 2.084106622914876777e-02
5.607999999999999652e+00 2.940030938909753977e-01 2.078915813801339441e-02
5.623999999999999666e+00 3.087032485855241704e-01 2.130254799059715792e-02
5.639999999999999680e+00 3.219333878106180880e-01 2.175424234984120811e-02
5.655999999999999694e+00 2.984131402993400739e-01 2.094449647350440577e-02
5.671999999999999709e+00 2.719528618491522942e-01 1.999437205517539881e-02
5.687999999999999723e+00 2.734228773186071493e-01 2.004833806980557340e-02
5.703999999999999737e+00 3.204633723411632329e-01 2.170451830230719567e-02
5.719999999999999751e+00 3.160533259327985567e-01 2.155465792569852268e-02
5.735999999999999766e+00 3.160533259327985567e-01 2.155465792569852268e-02
5.751999999999999780e+00 3.234034032800729430e-01 2.180385300115696146e-02
5.767999999999999794e+00 2.778329237269717700e-01 2.020937148459905561e-02
5.783999999999999808e+00 2.954731093604303083e-01 2.084106622914876777e-02
5.799999999999999822e+00 2.925330784215205426e-01 2.073712011362455199e-02
5.815999999999999837e+00 2.822429701353363907e-01 2.036913184806449575e-02
5.831999999999999851e+00 3.013531712382497840e-01 2.104741845190311739e-02
5.847999999999999865e+00 3.101732640549790809e-01 2.135320810492258650e-02
5.863999999999999879e+00 2.734228773186071493e-01 2.004833806980557340e-02
5.879999999999999893e+00 2.690128309102425286e-01 1.988600067685570780e-02
5.895999999999999908e+00 2.557826916851486110e-01 1.939083581478570281e-02
5.911999999999999922e+00 2.837129856047913012e-01 2.042210757302663840e-02
5.927999999999999936e+00 2.499026298073291075e-01 1.916665676831067269e-02
5.943999999999999950e+00 2.454925833989644868e-01 1.899678644489428622e-02
5.959999999999999964e+00 2.557826916851486110e-01 1.939083581478570281e-02
5.975999999999999979e+00 2.557826916851486110e-01 1.939083581478570281e-02
5.991999999999999993e+00 2.954731093604303083e-01 2.084106622914876777e-02
6.008000000000000007e+00 2.557826916851486110e-01 1.939083581478570281e-02
6.024000000000000021e+00 2.381425060516901004e-01 1.871024232421205497e-02
6.040000000000000036e+00 2.763629082575169149e-01 2.015583663165805561e-02
6.056000000000000050e+00 2.543126762156937559e-01 1.933503473272130471e-02
6.072000000000000064e+00 2.190323049487766793e-01 1.794382558388984625e-02
6.088000000000000078e+00 2.440225679295096040e-01 1.893982443826982068e-02
6.104000000000000092e+00 2.410825369905998383e-01 1.882538336373550114e-02
6.120000000000000107e+00 2.940030938909753977e-01 2.078915813801339441e-02
6.136000000000000121e+00 2.587227226240583766e-01 1.950195899279990458e-02
6.152000000000000135e+00 2.646027845018779079e-01 1.972232710606422815e-02
6.168000000000000149e+00 3.072332331160693153e-01 2.125176711267226168e-02
6.184000000000000163e+00 2.851830010742461563e-01 2.047494623203462150e-02
6.200000000000000178e+00 3.189933568717083223e-01 2.165468007740477957e-02
6.216000000000000192e+00 3.483936662608058676e-01 2.263060049719150396e-02
6.232000000000000206e+00 3.292834651578924743e-01 2.200117695983121527e-02
6.248000000000000220e+00 3.116432795244339360e-01 2.140374831314758794e-02
6.264000000000000234e+00 3.792639911193583235e-01 2.361194473042518838e-02
6.280000000000000249e+00 3.366335425051668606e-01 2.224537064245033641e-02
6.296000000000000263e+00 3.425136043829863919e-01 2.243881228901694128e-02
6.312000000000000277e+00 3.675038673637192610e-01 2.324298539579545270e-02
6.328000000000000291e+00 3.675038673637192610e-01 2.324298539579545270e-02
6.344000000000000306e+00 3.278134496884376192e-01 2.195201225713422702e-02
6.360000000000000320e+00 3.689738828331741716e-01 2.328942497335641237e-02
6.376000000000000334e+00 3.454536353218961020e-01 2.253491042588390281e-02
6.392000000000000348e+00 3.219333878106180880e-01 2.175424234984120811e-02
6.408000000000000362e+00 3.292834651578924743e-01 2.200117695983121527e-02
6.424000000000000377e+00 2.748928927880620043e-01 2.010215920844455467e-02
6.440000000000000391e+00 2.557826916851486110e-01 1.939083581478570281e-02
6.456000000000000405e+00 2.807729546658815356e-01 2.031601798491522101e-02
6.472000000000000419e+00 2.190323049487766793e-01 1.794382558388984625e-02
6.488000000000000433e+00 2.381425060516901004e-01 1.871024232421205497e-02
6.504000000000000448e+00 2.557826916851486110e-01 1.939083581478570281e-02
6.520000000000000462e+00 2.587227226240583766e-01 1.950195899279990458e-02
6.536000000000000476e+00 2.484326143378742247e-01 1.911020110291340376e-02
6.552000000000000490e+00 2.278523977655059485e-01 1.830154500220349326e-02
6.568000000000000504e+00 2.410825369905998383e-01 1.882538336373550114e-02
6.584000000000000519e+00 2.263823822960510657e-01 1.824241223049306512e-02
6.600000000000000533e+00 2.234423513571413278e-01 1.812356788897731552e-02
6.615999999999999659e+00 2.263823822960636389e-01 1.824241223049407820e-02
6.631999999999999673e+00 2.484326143378742247e-01 1.911020110291340376e-02
6.647999999999999687e+00 2.102122121320474379e-01 1.757882828013402829e-02
6.663999999999999702e+00 2.102122121320474379e-01 1.757882828013402829e-02
6.679999999999999716e+00 2.160922740098669415e-01 1.782299036705643422e-02
6.695999999999999730e+00 2.043321502542279067e-01 1.733122678233405684e-02
6.711999999999999744e+00 2.102122121320474379e-01 1.757882828013402829e-02
6.727999999999999758e+00 1.969820729069535203e-01 1.701665931898826284e-02
6.743999999999999773e+00 1.822819182124047754e-01 1.636939948727941796e-02
6.759999999999999787e+00 2.072721811931376723e-01 1.745546655754484991e-02
6.775999999999999801e+00 1.822819182124047754e-01 1.636939948727941796e-02
6.791999999999999815e+00 2.102122121320474379e-01 1.757882828013402829e-02
6.807999999999999829e+00 1.617017016400364715e-01 1.541765231311274277e-02
6.823999999999999844e+00 1.911020110291340168e-01 1.676075512788023289e-02
6.839999999999999858e+00 1.955120574374986653e-01 1.695304541662274664e-02
6.855999999999999872e+00 1.925720264985888996e-01 1.682509607512540362e-02
6.871999999999999886e+00 1.969820729069535203e-01 1.701665931898826284e-02
6.887999999999999901e+00 1.969820729069535203e-01 1.701665931898826284e-02
6.903999999999999915e+00 1.925720264985888996e-01 1.682509607512540362e-02
6.919999999999999929e+00 1.808119027429498926e-01 1.630326022897589378e-02
6.935999999999999943e+00 1.778718718040401270e-01 1.617017016400364854e-02
6.951999999999999957e+00 1.719918099262206235e-01 1.590064845253448197e-02
6.967999999999999972e+00 1.631717171094913543e-01 1.548757399751385551e-02
6.983999999999999986e+00 1.411214850676681953e-01 1.440315125664927767e-02
7.000000000000000000e+00 2.028621347847730516e-01 1.726877170791995403e-02
7.016000000000000014e+00 1.690517789873108578e-01 1.576415967472462321e-02
7.032000000000000028e+00 1.719918099262206235e-01 1.590064845253448197e-02
7.048000000000000043e+00 1.852219491513145133e-01 1.650088271987341232e-02
7.064000000000000057e+00 1.631717171094913543e-01 1.548757399751385551e-02
7.080000000000000071e+00 1.675817635178560028e-01 1.569547019906626650e-02
7.096000000000000085e+00 1.661117480484011200e-01 1.562647878728092368e-02
7.112000000000000099e+00 1.440615160065779610e-01 1.455241069660937608e-02
7.128000000000000114e+00 1.764018563345852442e-01 1.610321265003965274e-02
7.144000000000000128e+00 1.675817635178560028e-01 1.569547019906626650e-02
7.160000000000000142e+00 1.411214850676681953e-01 1.440315125664927767e-02
7.176000000000000156e+00 1.866919646207693961e-01 1.656623300619225123e-02
7.192000000000000171e+00 2.028621347847730516e-01 1.726877170791995403e-02
7.208000000000000185e+00 1.764018563345852442e-01 1.610321265003965274e-02
7.224000000000000199e+00 1.925720264985888996e-01 1.682509607512540362e-02
7.240000000000000213e+00 2.072721811931376723e-01 1.745546655754484991e-02
7.256000000000000227e+00 2.396125215211449833e-01 1.876790114294011116e-02
7.272000000000000242e+00 1.955120574374986653e-01 1.695304541662274664e-02
7.288000000000000256e+00 1.881619800902242789e-01 1.663132651041071552e-02
7.304000000000000270e+00 2.307924287044157141e-01 1.841924103834229401e-02
7.320000000000000284e+00 2.352024751127803348e-01 1.859438831663636285e-02
7.336000000000000298e+00 2.572527071546035216e-01 1.944647677797735341e-02
7.352000000000000313e+00 2.763629082575169149e-01 2.015583663165805561e-02
7.368000000000000327e+00 2.616627535629681423e-01 1.961245256253593694e-02
7.384000000000000341e+00 2.822429701353363907e-01 2.036913184806449575e-02
7.400000000000000355e+00 2.675428154407876180e-01 1.983159291230709304e-02
7.416000000000000369e+00 3.204633723411632329e-01 2.170451830230719567e-02
7.432000000000000384e+00 2.998831557687949290e-01 2.099602052792564830e-02
7.448000000000000398e+00 3.586837745469900196e-01 2.296237568777544438e-02
7.464000000000000412e+00 3.572137590775351645e-01 2.291527332907256076e-02
7.480000000000000426e+00 3.498636817302607782e-01 2.267829412332243721e-02
7.496000000000000441e+00 3.675038673637192610e-01 2.324298539579545270e-02
7.512000000000000455e+00 2.940030938909753977e-01 2.078915813801339441e-02
7.528000000000000469e+00 3.087032485855241704e-01 2.130254799059715792e-02
7.544000000000000483e+00 2.881230320131559219e-01 2.058021657236827964e-02
7.560000000000000497e+00 3.028231867077046946e-01 2.109869116722523988e-02
7.576000000000000512e+00 2.410825369905998383e-01 1.882538336373550114e-02
7.592000000000000526e+00 2.307924287044157141e-01 1.841924103834229401e-02
7.608000000000000540e+00 1.911020110291340168e-01 1.676075512788023289e-02
7.624000000000000554e+00 2.072721811931491631e-01 1.745546655754581788e-02
7.639999999999999680e+00 1.925720264985888996e-01 1.682509607512540362e-02
7.655999999999999694e+00 1.822819182124047754e-01 1.636939948727941796e-02
7.671999999999999709e+00 1.999221038458632860e-01 1.714317897413963898e-02
7.687999999999999723e+00 2.116822276015022930e-01 1.764018563345852442e-02
7.703999999999999737e+00 1.558216397622169680e-01 1.513473557503678887e-02
7.719999999999999751e+00 1.631717171094913543e-01 1.548757399751385551e-02
7.735999999999999766e+00 1.587616707011267336e-01 1.527684888604837268e-02
7.751999999999999780e+00 1.646417325789462371e-01 1.555718142238188446e-02
7.767999999999999794e+00 1.631717171094913543e-01 1.548757399751385551e-02
7.783999999999999808e+00 1.617017016400364715e-01 1.541765231311274277e-02
7.799999999999999822e+00 1.675817635178560028e-01 1.569547019906626650e-02
7.815999999999999837e+00 1.440615160065779610e-01 1.455241069660937608e-02
7.831999999999999851e+00 1.425915005371230782e-01 1.447797332510162953e-02
7.847999999999999865e+00 1.749318408651303891e-01 1.603597556034432395e-02
7.863999999999999879e+00 1.528816088233072301e-01 1.499127512806735195e-02
7.879999999999999893e+00 1.719918099262206235e-01 1.590064845253448197e-02
7.895999999999999908e+00 1.778718718040401270e-01 1.617017016400364854e-02
7.911999999999999922e+00 1.911020110291340168e-01 1.676075512788023289e-02
7.927999999999999936e+00 2.205023204182315621e-01 1.800393907081159969e-02
7.943999999999999950e+00 1.808119027429498926e-01 1.630326022897589378e-02
7.959999999999999964e+00 2.160922740098669415e-01 1.782299036705643422e-02
7.975999999999999979e+00 1.484715624149425817e-01 1.477347262914515021e-02
7.991999999999999993e+00 1.734618253956755063e-01 1.596845536335696550e-02
8.007999999999999119e+00 1.587616707011267336e-01 1.527684888604837268e-02
8.024000000000000909e+00 1.425915005371230782e-01 1.447797332510162953e-02
8.039999999999999147e+00 1.543516242927620852e-01 1.506317614070311166e-02
8.056000000000000938e+00 1.543516242927620852e-01 1.506317614070311166e-02
8.071999999999999176e+00 1.543516242927620852e-01 1.506317614070311166e-02
8.088000000000000966e+00 1.778718718040401270e-01 1.617017016400364854e-02
8.103999999999999204e+00 1.911020110291340168e-01 1.676075512788023289e-02
8.120000000000000995e+00 1.896319955596791618e-01 1.669616623588561846e-02
8.135999999999999233e+00 1.999221038458632860e-01 1.714317897413963898e-02
8.152000000000001023e+00 1.881619800902242789e-01 1.663132651041071552e-02
8.167999999999999261e+00 1.690517789873108578e-01 1.576415967472462321e-02
8.184000000000001052e+00 1.837519336818596305e-01 1.643527258838685390e-02
8.199999999999999289e+00 1.984520883764084032e-01 1.708003629559804934e-02
8.216000000000001080e+00 2.013921193153181688e-01 1.720608993408496989e-02
8.231999999999999318e+00 2.131522430709571758e-01 1.770133030772865976e-02
8.248000000000001108e+00 1.911020110291340168e-01 1.676075512788023289e-02
8.263999999999999346e+00 1.793418872734950098e-01 1.623685156097913126e-02
8.280000000000001137e+00 1.719918099262206235e-01 1.590064845253448197e-02
8.295999999999999375e+00 2.146222585404120586e-01 1.776226449931848916e-02
8.312000000000001165e+00 2.146222585404120586e-01 1.776226449931848916e-02
8.327999999999999403e+00 1.925720264985888996e-01 1.682509607512540362e-02
8.344000000000001194e+00 1.675817635178560028e-01 1.569547019906626650e-02
8.359999999999999432e+00 1.881619800902242789e-01 1.663132651041071552e-02
8.376000000000001222e+00 2.102122121320474379e-01 1.757882828013402829e-02
8.391999999999999460e+00 1.896319955596791618e-01 1.669616623588561846e-02
8.408000000000001251e+00 1.690517789873108578e-01 1.576415967472462321e-02
8.423999999999999488e+00 2.058021657236827895e-01 1.739345759937137997e-02
8.440000000000001279e+00 1.719918099262206235e-01 1.590064845253448197e-02
8.455999999999999517e+00 1.896319955596791618e-01 1.669616623588561846e-02
8.472000000000001307e+00 1.925720264985888996e-01 1.682509607512540362e-02
8.487999999999999545e+00 1.719918099262206235e-01 1.590064845253448197e-02
8.504000000000001336e+00 1.999221038458632860e-01 1.714317897413963898e-02
8.519999999999999574e+00 2.087421966625925551e-01 1.751725601291490020e-02
8.536000000000001364e+00 1.881619800902242789e-01 1.663132651041071552e-02
8.551999999999999602e+00 1.455315314760328438e-01 1.462646924459993017e-02
8.568000000000001393e+00 1.543516242927620852e-01 1.506317614070311166e-02
8.583999999999999631e+00 1.587616707011267336e-01 1.527684888604837268e-02
8.600000000000001421e+00 1.955120574374986653e-01 1.695304541662274664e-02
8.615999999999999659e+00 1.675817635178560028e-01 1.569547019906626650e-02
8.632000000000001450e+00 1.646417325789462371e-01 1.555718142238188446e-02
8.647999999999999687e+00 1.543516242927620852e-01 1.506317614070311166e-02
8.664000000000001478e+00 1.499415778843974645e-01 1.484642849322817884e-02
8.679999999999999716e+00 1.793418872735149383e-01 1.623685156098093538e-02
8.695999999999999730e+00 1.705217944567468114e-01 1.583255114410166489e-02
8.711999999999999744e+00 1.602316861705994078e-01 1.534741207395065761e-02
8.727999999999999758e+00 1.778718718040203928e-01 1.617017016400185483e-02
8.743999999999999773e+00 2.013921193153405398e-01 1.720608993408688156e-02
8.759999999999999787e+00 1.808119027429298253e-01 1.630326022897408272e-02
8.775999999999999801e+00 1.425915005371389266e-01 1.447797332510323762e-02
8.791999999999999815e+00 1.646417325789279740e-01 1.555718142238015668e-02
8.807999999999999829e+00 1.778718718040598890e-01 1.617017016400544571e-02
8.823999999999999844e+00 1.675817635178374065e-01 1.569547019906452484e-02
8.839999999999999858e+00 1.866919646207901295e-01 1.656623300619409350e-02
8.855999999999999872e+00 1.455315314760166900e-01 1.462646924459830647e-02
8.871999999999999886e+00 1.514115933538691672e-01 1.491902759850733881e-02
8.887999999999999901e+00 1.646417325789279740e-01 1.555718142238015668e-02
8.903999999999999915e+00 1.572916552316893368e-01 1.520595825348643355e-02
8.919999999999999929e+00 1.631717171094732577e-01 1.548757399751213813e-02
8.935999999999999943e+00 1.661117480484195774e-01 1.562647878728265841e-02
8.951999999999999957e+00 1.969820729069316767e-01 1.701665931898637546e-02
8.967999999999999972e+00 1.558216397622342875e-01 1.513473557503846982e-02
8.983999999999999986e+00 1.808119027429298253e-01 1.630326022897408272e-02
9.000000000000000000e+00 1.896319955597002282e-01 1.669616623588747462e-02
9.016000000000000014e+00 1.764018563345656765e-01 1.610321265003786598e-02
9.032000000000000028e+00 1.558216397622342875e-01 1.513473557503846982e-02
9.048000000000000043e+00 1.631717171094732577e-01 1.548757399751213813e-02
9.064000000000000057e+00 1.631717171095095065e-01 1.548757399751557809e-02
9.080000000000000071e+00 1.822819182123845416e-01 1.636939948727759997e-02
9.096000000000000085e+00 1.572916552316893368e-01 1.520595825348643355e-02
9.112000000000000099e+00 2.043321502542052581e-01 1.733122678233213476e-02
9.128000000000000114e+00 1.793418872735149383e-01 1.623685156098093538e-02
9.144000000000000128e+00 1.734618253956562439e-01 1.596845536335519261e-02
9.160000000000000142e+00 1.587616707011443862e-01 1.527684888605007098e-02
9.176000000000000156e+00 1.587616707011091088e-01 1.527684888604667786e-02
9.192000000000000171e+00 1.455315314760489975e-01 1.462646924460155561e-02
9.208000000000000185e+00 1.499415778843808389e-01 1.484642849322653085e-02
9.224000000000000199e+00 1.881619800902451789e-01 1.663132651041256474e-02
9.240000000000000213e+00 1.749318408651109602e-01 1.603597556034254412e-02
9.256000000000000227e+00 1.734618253956947687e-01 1.596845536335873839e-02
9.272000000000000242e+00 1.690517789872921228e-01 1.576415967472287114e-02
9.288000000000000256e+00 1.719918099262397471e-01 1.590064845253625139e-02
9.304000000000000270e+00 2.072721811931146629e-01 1.745546655754291049e-02
9.320000000000000284e+00 2.102122121320707804e-01 1.757882828013598506e-02
9.336000000000000298e+00 1.999221038458411093e-01 1.714317897413773772e-02
9.352000000000000313e+00 2.028621347847955891e-01 1.726877170792187263e-02
9.368000000000000327e+00 1.984520883763863930e-01 1.708003629559615502e-02
9.384000000000000341e+00 1.999221038458855182e-01 1.714317897414154371e-02
9.400000000000000355e+00 1.793418872734751091e-01 1.623685156097733062e-02
9.416000000000000369e+00 2.381425060517165515e-01 1.871024232421413316e-02
9.432000000000000384e+00 1.925720264985675279e-01 1.682509607512353705e-02
9.448000000000000398e+00 2.396125215211716009e-01 1.876790114294219630e-02
9.464000000000000412e+00 2.337324596432995283e-01 1.853618977539208193e-02
9.480000000000000426e+00 2.572527071546321098e-01 1.944647677797951488e-02
9.496000000000000441e+00 2.513726452767560682e-01 1.922294663038380189e-02
9.512000000000000455e+00 3.234034032801089142e-01 2.180385300115938313e-02
9.528000000000000469e+00 2.748928927880315287e-01 2.010215920844232382e-02
9.544000000000000483e+00 3.439836198524794941e-01 2.248691269210353200e-02
9.560000000000000497e+00 3.777939756498615020e-01 2.356614072079036767e-02
9.576000000000000512e+00 4.189544087946865392e-01 2.481671738817566031e-02
9.592000000000000526e+00 3.983741922222274745e-01 2.419950878010130799e-02
9.608000000000000540e+00 4.836350894507083220e-01 2.666366559690946589e-02
9.624000000000000554e+00 4.983352441451480708e-01 2.706585520296484609e-02
9.640000000000000568e+00 4.821650739812533004e-01 2.662311246987054264e-02
9.656000000000000583e+00 5.424357082287895038e-01 2.823807504560011880e-02
9.672000000000000597e+00 6.012363270071116039e-01 2.972922302211719950e-02
9.687999999999998835e+00 5.806561104346764646e-01 2.921597961343199573e-02
9.704000000000000625e+00 5.321455999426655259e-01 2.796895178439950946e-02
9.719999999999998863e+00 5.483157701066692091e-01 2.839071440106549771e-02
9.736000000000000654e+00 5.409656927593947673e-01 2.819978611267618188e-02
9.751999999999998892e+00 4.865751203895643529e-01 2.674458737809444833e-02
9.768000000000000682e+00 4.630548728782862833e-01 2.609018639905706996e-02
9.783999999999998920e+00 4.057242695695461032e-01 2.442173115486519566e-02
9.800000000000000711e+00 4.013142231611814270e-01 2.428864171087389764e-02
9.815999999999998948e+00 3.733839292415387923e-01 2.342819139478989621e-02
9.832000000000000739e+00 3.572137590775351645e-01 2.291527332907256076e-02
9.847999999999998977e+00 3.630938209553546403e-01 2.310310658045473461e-02
9.864000000000000767e+00 2.763629082575169149e-01 2.015583663165805561e-02
9.879999999999999005e+00 2.660727999713327629e-01 1.977703546942848403e-02
9.896000000000000796e+00 2.499026298073291075e-01 1.916665676831067269e-02
9.911999999999999034e+00 2.543126762156937559e-01 1.933503473272130471e-02
9.928000000000000824e+00 2.205023204182315621e-01 1.800393907081159969e-02
9.943999999999999062e+00 2.087421966625925551e-01 1.751725601291490020e-02
9.960000000000000853e+00 2.440225679295096040e-01 1.893982443826982068e-02
9.975999999999999091e+00 2.146222585404120586e-01 1.776226449931848916e-02
9.992000000000000881e+00 2.087421966625925551e-01 1.751725601291490020e-02
