# metal tau age EBVgal Tdust fracPAH incl EBVbbb GA SB TO BB logMstar SFR_opt LIR(8-1000) Lbb(0.1-1) Lbbdered(0.1-1) Lga(01-1) AGNfrac(0.1-1) Ltor(1-30) LAGN(0.1-30) AGNfrac(8-1000) Lgal(0.4-0.5) Lbbb(0.4-0.5) AGNfrac(0.4-0.5) Ltor(6) Lsb(1-30) SFR_IR log_like logz
0.8273 8.9487 7.7241 0.7918 26.6054 0.0219 31.4734 0.0863 6.6078 4.5396 6.4748 3.9253 9.9942 15.3866 42.4916 43.8448 44.1698 43.2293 0.8049 43.9804 44.2330 0.9544 42.2934 42.8399 0.7788 43.5841 41.7210 0.1203 -25.7979 -57.2361
1.6330 5.5820 8.2605 0.7976 30.3720 0.0334 46.3540 0.1115 6.7845 4.6130 6.5660 4.0043 10.1276 7.4409 42.0290 43.9670 44.1755 43.1646 0.8638 44.0252 44.3103 0.9854 42.1663 42.8939 0.8423 43.6290 40.9441 0.0415 -24.0859 -51.3497
1.9261 7.2503 8.4363 0.5838 37.5916 0.0242 17.8203 0.1386 6.8127 3.9577 6.4778 3.9198 9.6613 23.4097 42.3755 43.8877 44.1900 43.1836 0.8350 44.0226 44.2749 0.9679 42.1661 42.8700 0.8349 43.6264 41.6250 0.0921 -27.2096 -52.6479
1.7239 1.9710 7.3380 0.7188 38.9865 0.0154 63.8513 0.1199 6.2417 4.0169 6.6179 4.0010 10.0665 11.8712 42.2188 43.9842 44.2011 43.0951 0.8857 43.9937 44.3031 0.9759 41.9792 42.9162 0.8964 43.5975 41.3754 0.0642 -23.9628 -51.4250
1.7708 12.1538 9.2383 0.6776 28.6370 0.0451 48.3311 0.0493 7.2320 4.2999 6.5449 3.9192 10.4614 3.1114 42.3878 43.8720 44.2041 43.2684 0.8006 44.0002 44.2562 0.9672 42.3367 42.8711 0.7739 43.6190 41.6730 0.0948 -24.7378 -51.6198
1.6341 11.7300 7.8883 0.7531 40.8756 0.0157 32.2027 0.2233 6.5326 4.2233 6.4709 4.1326 9.8867 20.0021 42.6607 43.8804 44.2628 43.1652 0.8385 44.0019 44.2627 0.9371 42.1912 42.9070 0.8386 43.6057 41.8920 0.1776 -24.3180 -51.2254
1.9011 4.6989 10.2819 0.3474 15.2605 0.0318 31.4239 0.1298 7.5806 6.0635 6.5404 3.9625 10.0302 12.6347 41.9785 43.8746 44.2421 43.1834 0.8308 43.9916 44.2539 0.9859 42.2231 42.8931 0.8239 43.5954 41.1084 0.0369 -31.1190 -51.2291
1.5101 12.4233 8.2415 0.7805 40.4345 0.0537 37.5258 0.1752 6.7681 3.3186 6.5135 4.0853 9.3043 40.4966 42.7348 43.9546 44.2103 43.1511 0.8641 44.0403 44.3136 0.9290 42.1172 42.9098 0.8612 43.6317 42.0200 0.2107 -29.3884 -51.2289
0.8711 7.0036 10.8876 0.6960 35.3537 0.0443 41.7224 0.1879 7.6816 4.3578 6.5594 4.1296 9.9424 15.9156 42.1117 43.7667 44.3451 43.1315 0.8119 44.0029 44.2225 0.9814 42.1725 42.8870 0.8383 43.6066 41.3823 0.0502 -29.8929 -51.2185
0.8259 13.0142 9.5400 0.7755 18.7469 0.0303 39.2208 0.0655 7.4531 5.1623 6.5196 3.9487 10.6858 0.0043 41.8909 43.8653 44.3283 42.9787 0.8851 44.0064 44.2612 0.9895 41.6156 42.9331 0.9541 43.6252 41.0047 0.0302 -29.7146 -51.2598
0.4519 1.9643 12.6131 0.7873 28.3702 0.0408 35.6678 0.1045 7.9478 4.9286 6.5314 3.9870 10.1761 4.9154 42.4336 43.8628 44.2388 43.1468 0.8387 43.9503 44.2264 0.9594 41.9488 42.8859 0.8964 43.5691 41.6653 0.1053 -28.0495 -51.2517
0.3967 4.3685 12.7060 0.7790 36.1215 0.0347 36.9814 0.1555 7.8563 4.1661 6.5096 4.0382 9.2531 36.0751 43.2977 43.8885 44.2923 43.1421 0.8480 44.0173 44.2755 0.7726 42.0808 42.9264 0.8751 43.6087 42.5026 0.7701 -24.1986 -55.7805
1.8870 7.6538 8.0981 0.6731 38.1022 0.0255 43.6295 0.0452 6.6540 4.1457 6.5222 3.8675 9.2523 68.8495 41.9714 43.9025 44.1605 43.1952 0.8360 43.9890 44.2620 0.9860 42.2334 42.8591 0.8086 43.5928 41.3545 0.0363 -23.7345 -53.8371
0.6230 7.2330 9.6999 0.6943 28.0404 0.0094 42.1364 0.0184 7.5355 4.3732 6.5409 3.8560 8.9298 65.5294 41.9681 43.8938 44.0955 43.2492 0.8152 44.0148 44.2707 0.9863 42.1952 42.8166 0.8070 43.6062 41.2655 0.0361 -27.0095 -55.1632
0.7181 10.2121 7.2727 0.7857 17.1544 0.0404 39.1890 0.0137 6.4553 5.5886 6.5273 3.7856 9.9280 10.8140 42.3037 43.9471 44.1646 43.2265 0.8402 43.9931 44.2844 0.9708 42.2812 42.8795 0.7986 43.5969 41.3553 0.0781 -25.3964 -52.2279
1.9442 10.1525 8.4363 0.7075 37.4307 0.0272 50.3386 0.0906 6.9089 4.3601 6.5443 3.8924 10.5721 1.5728 42.9727 43.9368 44.1699 43.1751 0.8525 44.0407 44.3051 0.8881 42.1378 42.8786 0.8463 43.6445 42.2850 0.3643 -25.4612 -55.2923
1.7696 9.2158 12.5092 0.7722 30.8647 0.0422 51.6582 0.2179 7.7447 4.6210 6.5160 4.1638 9.6532 22.9773 41.9823 43.8778 44.3666 42.9662 0.8908 44.0124 44.2711 0.9864 41.7415 42.9581 0.9427 43.6161 40.5016 0.0372 -24.8487 -52.1155
0.4751 8.8046 12.1875 0.6807 36.0366 0.0000 51.4729 0.0395 7.7396 3.6804 6.5853 3.8891 10.1625 4.0376 42.0469 43.9788 44.1265 43.2285 0.8491 43.9744 44.2890 0.9848 42.2564 42.8681 0.8035 43.6076 41.3952 0.0432 -29.2707 -52.7002
1.2669 3.1764 11.7288 0.5857 31.4615 0.0230 47.7692 0.0762 7.8249 5.0192 6.5997 3.8916 9.1633 40.8998 42.4992 43.9541 44.1589 43.1636 0.8606 44.0105 44.2963 0.9566 42.1100 42.8787 0.8545 43.6143 41.6603 0.1225 -24.6327 -51.2171
1.8334 4.3205 9.5947 0.5402 26.7181 0.0043 40.9807 0.0410 7.3435 4.4092 6.5343 3.8689 9.3043 40.4966 42.7632 43.7915 44.0837 43.3862 0.7178 43.9815 44.2102 0.9146 42.4949 42.7680 0.6522 43.5729 42.0338 0.2249 -24.9138 -51.2159
0.8252 8.6893 11.1584 0.7270 16.4613 0.0120 37.5370 0.0694 7.7462 5.5251 6.5265 3.9485 9.6825 17.7812 42.8336 43.9031 44.2008 43.2267 0.8260 44.0058 44.2725 0.9098 42.2501 42.8828 0.8111 43.6096 41.7334 0.2645 -34.3275 -53.1599
1.5855 7.0942 7.8915 0.6504 40.6635 0.0273 42.1068 0.1544 6.5459 3.5260 6.5181 4.0002 10.5682 3.4446 42.1542 43.9155 44.2154 43.1709 0.8474 44.0176 44.2846 0.9802 42.1805 42.8964 0.8387 43.6214 40.5951 0.0553 -23.1429 -51.3028
1.2801 7.9037 10.0208 0.5221 33.1906 0.0411 19.9795 0.0957 7.4976 3.6733 6.4635 3.9880 9.4119 26.5131 42.0528 43.8178 44.3947 42.8891 0.8946 44.0386 44.2643 0.9850 41.6869 42.9375 0.9468 43.6424 41.3199 0.0438 -24.6062 -51.2747
1.0014 6.4927 8.6400 0.6914 31.6950 0.0261 37.4811 0.0363 6.9555 4.9106 6.5119 3.8594 9.4731 30.0949 42.6461 43.9026 44.2619 43.0871 0.8674 43.9630 44.2515 0.9372 42.0323 42.9167 0.8846 43.5819 42.0426 0.1718 -27.6680 -51.2103
0.6285 5.1857 10.0372 0.7339 22.5979 0.0095 44.2520 0.1038 7.7726 4.5997 6.5312 3.9923 10.5538 2.9969 42.3236 43.8855 44.1949 43.2284 0.8195 43.9859 44.2539 0.9689 42.2832 42.8718 0.7950 43.5897 41.6417 0.0817 -36.3391 -55.7011
1.4264 11.1709 11.0096 0.5710 41.9189 0.0449 36.6107 0.0930 7.6817 3.8579 6.5412 3.9185 10.5669 2.7125 42.1614 43.9124 44.2223 43.1201 0.8611 43.9979 44.2728 0.9790 42.0574 42.8990 0.8741 43.6016 41.3532 0.0563 -37.6103 -55.2183
1.0614 10.7587 8.2646 0.7869 34.6930 0.0340 30.0403 0.1053 6.8425 3.6938 6.4964 3.9353 10.3709 0.5528 42.6963 43.7949 44.3520 43.0440 0.8493 44.0857 44.2838 0.9387 41.9716 42.9062 0.8959 43.6698 41.8852 0.1928 -25.2817 -51.3796
1.1004 9.1188 10.1952 0.7081 36.1950 0.0432 44.6127 0.0874 7.7255 3.6114 6.5224 3.9787 9.2329 66.2339 42.0703 43.7850 44.3874 43.0765 0.8364 44.0012 44.2299 0.9830 42.0894 42.9152 0.8701 43.6050 41.2500 0.0456 -32.2144 -51.2449
1.8624 0.3897 8.8325 0.5897 26.9095 0.0471 32.2686 0.0305 7.1657 4.7886 6.4834 3.8577 10.3714 2.5423 42.0648 43.8895 44.1831 43.1865 0.8346 44.0159 44.2717 0.9838 42.1922 42.8668 0.8254 43.6197 41.1280 0.0450 -26.8466 -51.2133
1.6971 6.6273 8.3214 0.7153 15.6223 0.0054 50.4605 0.0805 6.7838 5.7464 6.5810 3.9016 9.0145 56.4512 42.5530 44.1111 44.1461 43.0445 0.9210 43.9869 44.3647 0.9513 41.9273 42.9275 0.9091 43.6057 41.8223 0.1386 -24.4974 -51.3461
1.3210 8.0430 10.1876 0.6071 41.2809 0.0390 35.0865 0.1024 7.7049 3.8316 6.5228 3.9400 9.3518 62.1527 42.4332 43.8935 44.2217 43.1432 0.8491 43.9706 44.2500 0.9612 42.1669 42.8904 0.8410 43.5894 41.6177 0.1052 -23.6352 -51.2204
1.1483 8.7422 9.8304 0.7914 35.2490 0.0227 35.4611 0.1564 7.7467 4.3423 6.4914 4.0431 9.4533 28.9869 42.2971 44.0289 44.1930 43.0341 0.9081 44.0254 44.3402 0.9703 41.8747 42.9284 0.9188 43.6053 41.4854 0.0769 -25.4517 -51.2632
1.0381 1.2281 10.8132 0.7296 19.8286 0.0269 27.6514 0.1566 7.9750 5.5471 6.4668 4.1119 9.9424 15.9156 42.6165 43.9429 44.2184 43.1352 0.8653 44.0138 44.2947 0.9418 42.1828 42.9097 0.8421 43.6053 41.8939 0.1605 -29.7891 -51.9763
0.9170 11.7978 7.7403 0.7777 40.2370 0.0135 41.9011 0.0663 6.6379 3.5350 6.5221 3.8955 10.3477 5.2482 42.5766 43.7882 44.2364 43.3351 0.7395 44.0339 44.2451 0.9471 42.4224 42.8487 0.7274 43.6180 41.8969 0.1464 -27.6576 -51.2173
0.5160 6.2827 10.4899 0.5736 39.0271 0.0169 43.5501 0.0253 7.6669 3.9098 6.5344 3.8406 9.9424 15.9156 42.0521 43.9914 44.0884 43.2472 0.8473 44.0157 44.3148 0.9842 42.2670 42.8484 0.7923 43.6195 41.2447 0.0437 -25.2075 -51.5924
1.6334 3.5038 7.0641 0.7780 31.5821 0.0492 46.1272 0.0658 6.2660 4.3532 6.5455 3.9054 9.0145 56.4512 42.4321 43.8880 44.2921 43.0622 0.8701 44.0221 44.2780 0.9605 41.9188 42.9260 0.9105 43.6062 41.5028 0.1049 -31.8759 -58.6173
1.0167 13.0585 9.9921 0.7564 40.8547 0.0506 32.4989 0.2250 7.7326 3.6185 6.4508 4.0849 9.6894 34.9782 42.2081 43.9233 44.2258 43.0919 0.8715 43.9913 44.2744 0.9763 42.0836 42.9057 0.8691 43.5951 41.3143 0.0626 -26.8302 -51.2230
0.9382 4.4024 8.2057 0.7548 31.3036 0.0108 27.3810 0.1304 6.7860 4.0610 6.4673 3.9729 10.6229 5.0273 41.9953 43.9255 44.1735 43.1583 0.8540 44.0267 44.2926 0.9872 42.1761 42.8762 0.8337 43.6455 41.3564 0.0384 -24.4239 -53.1716
1.8940 4.0104 8.5366 0.6611 41.6844 0.0230 19.1899 0.0678 6.8141 3.7411 6.4331 3.9651 9.7560 20.6725 42.6166 43.8389 44.2824 43.1415 0.8328 43.9898 44.2395 0.9444 42.1780 42.8971 0.8397 43.6086 42.0245 0.1605 -27.1676 -57.3226
0.5292 7.8590 9.4112 0.7336 28.6919 0.0109 40.3273 0.0626 7.3515 4.4596 6.5172 3.8824 10.5842 4.3443 42.0402 43.9535 44.1307 43.2523 0.8340 44.0053 44.2927 0.9843 42.3052 42.8612 0.7825 43.6091 41.1611 0.0426 -23.5519 -53.9178
1.4868 2.2572 8.0448 0.7353 32.6559 0.0470 12.6723 0.0622 6.7950 4.3344 6.3907 3.8757 10.2007 8.2320 42.0497 44.0625 44.1189 43.1329 0.8948 44.0307 44.3577 0.9841 41.9582 42.8930 0.8959 43.6221 41.3688 0.0435 -34.3684 -58.8557
1.7300 6.0679 7.0404 0.7543 38.0658 0.0116 54.0829 0.0902 6.2142 3.8604 6.5764 3.9154 9.9280 10.8140 42.1736 43.9071 44.1276 43.2748 0.8109 44.0185 44.2791 0.9794 42.3056 42.8413 0.7744 43.6223 41.3768 0.0579 -25.8563 -51.9615
0.7416 12.7453 10.8839 0.6621 30.7389 0.0508 23.6751 0.1378 7.6132 4.6219 6.4364 4.0043 9.8970 9.6558 42.5172 43.9578 44.1667 43.1561 0.8637 43.9692 44.2774 0.9532 42.1467 42.8849 0.8455 43.5881 41.8578 0.1276 -26.6018 -51.2125
1.3184 11.1301 11.0495 0.7372 19.6065 0.0211 51.5005 0.0596 7.6849 5.1769 6.5589 3.9883 10.0302 12.6347 42.2517 43.9129 44.2711 43.0034 0.8903 44.0048 44.2783 0.9746 41.7816 42.9264 0.9331 43.6086 41.3245 0.0693 -34.2606 -51.2472
1.7604 6.6527 8.3024 0.7538 36.8409 0.0251 46.2879 0.0829 6.7865 4.5876 6.5710 3.9278 9.7940 15.8369 42.3710 43.9398 44.0983 43.2521 0.8297 44.0269 44.2972 0.9685 42.2872 42.8358 0.7796 43.6307 41.1290 0.0912 -23.9859 -52.5519
1.1945 10.4806 7.4790 0.7849 34.9183 0.0211 36.2791 0.0474 6.4674 3.8533 6.5353 3.8720 10.3477 5.2482 42.5891 43.8954 44.1909 43.2138 0.8277 43.9632 44.2462 0.9352 42.1804 42.8738 0.8316 43.5431 41.7102 0.1507 -23.1928 -51.5678
1.7422 5.7340 7.1139 0.6161 26.3506 0.0180 39.9586 0.0332 6.1983 4.9747 6.5257 3.7793 10.1625 4.0376 41.9775 43.8710 44.2468 43.1080 0.8528 44.0111 44.2633 0.9873 41.9269 42.8940 0.9026 43.6299 40.7597 0.0368 -36.5017 -52.9874
1.4254 12.5780 8.6767 0.7687 28.5461 0.0412 33.3039 0.0349 7.1015 4.2818 6.4784 3.8535 9.2329 66.2339 42.9291 43.7127 44.4416 43.1435 0.7876 43.9750 44.1915 0.8830 42.2207 42.8879 0.8229 43.5788 42.1435 0.3296 -25.4210 -57.8474
1.5786 11.2541 7.2578 0.7339 35.4316 0.0140 49.8525 0.1144 6.2564 3.9969 6.5755 3.9749 9.7727 21.4547 41.9563 43.7794 44.2952 43.1320 0.8162 43.9676 44.2041 0.9866 42.1550 42.8723 0.8391 43.5864 41.2551 0.0351 -24.0434 -52.3841
0.9505 9.6073 8.5690 0.7566 41.7521 0.0252 42.8453 0.0636 7.0247 3.4199 6.5175 3.8804 9.9942 15.3866 42.3128 43.9862 44.1767 43.1490 0.8730 43.9674 44.2907 0.9684 42.0756 42.9021 0.8702 43.5712 41.5579 0.0797 -26.7614 -51.2093
1.0775 2.0814 9.6226 0.5341 37.2848 0.0199 37.2609 0.0791 7.5695 3.8875 6.5566 3.9293 9.2531 36.0751 42.2765 43.8311 44.3435 43.0798 0.8494 44.0349 44.2649 0.9749 41.9779 42.9224 0.8980 43.6387 41.5186 0.0733 -34.2470 -55.4879
1.7118 6.2926 8.3361 0.7138 16.3780 0.0072 51.1634 0.0770 6.7887 5.7109 6.5820 3.8945 9.8144 16.3785 42.1999 43.8962 44.3015 43.0752 0.8688 44.0056 44.2727 0.9764 41.9325 42.9349 0.9095 43.5971 41.2197 0.0615 -29.1981 -51.2187
1.7038 3.0023 8.3866 0.7788 37.2269 0.0213 36.9344 0.1885 6.8383 3.8397 6.5296 4.0551 8.9598 50.2285 42.3616 43.9125 44.1952 43.2205 0.8311 44.0194 44.2837 0.9686 42.2877 42.8835 0.7977 43.6232 41.7073 0.0892 -25.4084 -51.2779
1.6692 1.6769 11.2957 0.4370 33.6545 0.0039 4.1656 0.1429 7.7401 4.3636 6.4101 4.0662 10.0473 13.5203 42.2338 43.9044 44.1609 43.2185 0.8291 44.0259 44.2829 0.9757 42.2357 42.8601 0.8081 43.6173 41.3474 0.0665 -24.7169 -57.8994
1.8218 5.4736 8.1748 0.7821 35.2189 0.0181 50.1861 0.1489 6.6735 4.0059 6.5843 4.0407 9.9527 10.9769 43.0881 44.0095 44.2105 42.9956 0.9117 43.9777 44.3083 0.8255 41.7001 42.9319 0.9446 43.5577 42.2960 0.4753 -26.2596 -56.2062
1.6642 9.9879 10.8562 0.6031 40.7518 0.0480 41.9603 0.0709 7.6355 3.2683 6.5262 3.9399 9.1381 36.8347 42.8726 44.0855 44.0967 43.3952 0.8306 43.9560 44.3364 0.8971 42.4912 42.8861 0.7128 43.5749 42.1972 0.2894 -24.0293 -51.2652
1.0513 2.6374 10.3205 0.6221 20.4576 0.0530 74.2259 0.0842 7.9127 5.1422 6.6622 3.9179 9.6613 23.4097 42.2503 43.8069 44.2134 43.2544 0.7811 43.9553 44.2049 0.9718 42.3049 42.8462 0.7767 43.5591 41.1767 0.0691 -25.0228 -53.9114
0.7114 9.2005 9.4563 0.7980 19.8687 0.0090 36.6712 0.1023 7.4896 4.9878 6.5236 3.9813 9.7727 21.4547 42.4105 43.7756 44.3624 43.0554 0.8400 43.9878 44.2175 0.9608 41.8978 42.8995 0.9094 43.5792 41.7317 0.0999 -24.1935 -51.2264
1.5858 12.1719 7.3943 0.6594 33.6519 0.0399 35.7449 0.1123 6.1783 4.5691 6.5122 3.9534 9.7940 15.8369 42.0833 43.9106 44.3576 43.0185 0.8864 44.0685 44.3154 0.9837 41.8116 42.9705 0.9351 43.6526 41.1670 0.0470 -26.1317 -51.4719
0.2773 10.3667 12.3734 0.6006 14.4515 0.0380 4.6635 0.0935 7.5814 6.2480 6.3902 3.9852 9.4119 26.5131 42.7534 43.9651 44.0620 43.3586 0.8016 44.0351 44.3121 0.9253 42.4565 42.8219 0.6988 43.6265 42.0936 0.2199 -30.7289 -51.2209
1.0085 5.6480 9.6393 0.7375 36.1866 0.0105 39.4950 0.0511 7.5925 3.5522 6.5092 3.9084 10.3226 2.4937 42.4676 43.8113 44.3581 43.0579 0.8500 44.0789 44.2851 0.9623 42.0607 42.9181 0.8781 43.6630 41.5800 0.1139 -23.9424 -51.8227
1.8995 2.3664 12.0412 0.5882 27.3808 0.0049 21.9525 0.2758 7.7904 4.1067 6.4416 4.2170 9.8970 9.6558 42.3257 43.9192 44.2259 43.0860 0.8720 44.0031 44.2787 0.9700 41.9621 42.9040 0.8974 43.6069 41.0656 0.0821 -27.9214 -51.3230
1.0813 1.7637 10.3287 0.5874 36.4003 0.0423 16.4187 0.2237 7.8157 3.8433 6.4803 4.1514 9.9306 13.4256 42.5267 43.8173 44.2793 43.2449 0.7889 43.9739 44.2219 0.9527 42.3234 42.8846 0.7845 43.5928 41.7855 0.1305 -26.8302 -54.4434
0.3354 7.5206 11.1717 0.6870 30.2327 0.0261 48.1045 0.1520 7.7701 4.6527 6.6296 3.9916 9.1633 40.8998 43.0940 43.7104 44.1665 43.2845 0.7272 43.9867 44.1864 0.8489 42.3477 42.7748 0.7278 43.6055 41.8797 0.4818 -24.9968 -53.9985
1.8739 12.1346 7.0963 0.7374 36.2381 0.0215 39.5850 0.1228 6.1822 4.0469 6.4999 3.9806 9.8144 16.3785 42.4833 43.9585 44.1638 43.2004 0.8514 43.9600 44.2732 0.9531 42.2366 42.8834 0.8160 43.5638 41.7804 0.1181 -36.8059 -51.3088
1.8920 3.7979 7.0340 0.7540 38.4276 0.0448 47.9540 0.0971 6.2360 3.8630 6.5853 3.9339 10.3226 2.4937 42.3341 43.8598 44.2727 43.1344 0.8416 43.9726 44.2383 0.9690 42.1386 42.9024 0.8531 43.5914 41.4168 0.0837 -32.4625 -51.3676
0.3850 7.7872 11.0191 0.7650 26.1396 0.0239 44.2154 0.1210 7.7617 4.7375 6.4947 4.0003 9.7611 15.1161 42.1758 44.0157 44.0672 43.3026 0.8378 44.0225 44.3294 0.9795 42.3514 42.8430 0.7562 43.6262 41.1356 0.0582 -24.0319 -52.4140
0.6691 1.4124 10.1790 0.7935 22.0027 0.0166 53.4095 0.1509 8.0041 4.6636 6.5734 4.0376 9.3984 49.5093 42.4927 44.0370 44.2743 42.9515 0.9241 44.0096 44.3388 0.9571 41.6499 42.9813 0.9554 43.6133 41.6869 0.1207 -24.1503 -51.2102
1.9334 11.2623 7.2119 0.7147 37.2954 0.0195 48.0986 0.0914 6.1574 3.8665 6.5496 3.9655 10.1761 4.9154 41.9519 43.9611 44.2051 43.1141 0.8755 44.0145 44.3028 0.9874 41.9770 42.9094 0.8954 43.6183 41.0965 0.0347 -33.8175 -51.2345
1.8551 10.7191 10.9364 0.4945 35.3605 0.0488 42.2336 0.1733 7.5596 4.4263 6.5268 4.0622 9.7800 15.8183 42.9051 43.8401 44.3091 42.9678 0.8817 43.9486 44.2184 0.8883 41.6714 42.9109 0.9455 43.5674 42.1204 0.3118 -26.8418 -53.4595
1.9032 4.3593 9.2307 0.7643 39.3706 0.0187 47.7298 0.1073 7.3021 3.8418 6.5440 3.9993 9.5597 34.1673 42.4848 43.8405 44.2361 43.3529 0.7545 43.9550 44.2194 0.9486 42.4485 42.8741 0.7271 43.5391 41.5667 0.1185 -25.5421 -55.0494
1.5085 1.4263 8.9183 0.7955 17.9614 0.0050 29.8607 0.1166 7.1673 5.2278 6.4708 4.0226 10.0665 11.8712 41.9698 43.9031 44.2259 43.1433 0.8519 44.0257 44.2840 0.9872 42.1035 42.8970 0.8614 43.6295 41.3063 0.0362 -23.9441 -54.4329
1.8060 3.6609 7.2174 0.6822 32.9684 0.0188 37.5805 0.0583 6.2179 4.1754 6.4817 3.8675 10.4790 2.5618 42.0875 43.9980 44.0617 43.2860 0.8375 44.0067 44.3129 0.9826 42.3198 42.8333 0.7654 43.6105 41.1595 0.0475 -24.0994 -51.6924
0.4903 6.3051 10.3520 0.4575 29.1457 0.0275 15.6301 0.0448 7.5821 4.7116 6.4471 3.8468 10.4699 2.7617 42.5666 43.9151 44.2147 43.2611 0.8184 44.0182 44.2847 0.9505 42.2915 42.8958 0.8008 43.6220 41.5324 0.1430 -24.5322 -51.2680
0.6302 8.5556 10.2828 0.7205 26.9750 0.0154 38.4887 0.1145 7.7284 4.4843 6.5606 3.9984 9.7940 15.8369 42.4444 43.8624 44.2554 43.1363 0.8418 43.9875 44.2469 0.9617 42.1393 42.8946 0.8506 43.6063 41.7759 0.1079 -29.7730 -51.4145
1.9400 12.1948 7.3814 0.7399 34.2399 0.0254 45.4953 0.1954 6.2724 3.9870 6.5202 4.0663 9.5906 19.6340 42.3641 43.8715 44.2663 43.1109 0.8521 43.9884 44.2516 0.9662 42.1098 42.9046 0.8618 43.5922 41.5893 0.0897 -23.6327 -54.1949
1.2941 5.4470 9.3753 0.7883 37.3094 0.0046 41.1907 0.0886 7.4198 3.8911 6.5210 3.9467 9.9519 10.2628 42.1301 43.7839 44.3788 43.0806 0.8347 43.9957 44.2259 0.9803 42.0903 42.9111 0.8687 43.5995 41.3763 0.0524 -24.6680 -51.5656
1.8243 3.5870 8.5333 0.7109 40.9586 0.0243 43.8555 0.0476 6.9795 3.7654 6.5202 3.8578 10.5682 3.4446 42.3359 43.7739 44.2931 43.1913 0.7927 43.9910 44.2159 0.9684 42.2541 42.8684 0.8045 43.5948 41.5217 0.0841 -24.0054 -51.2279
1.5324 10.6920 8.9028 0.7672 27.7220 0.0277 45.5698 0.0992 7.1257 4.5347 6.5575 3.9750 10.3477 5.2482 42.7379 44.0109 44.2433 43.0169 0.9079 44.0152 44.3277 0.9247 41.8214 42.9522 0.9311 43.6067 42.0931 0.2122 -23.3213 -51.2194
1.5452 8.7581 7.1777 0.7249 26.5829 0.0277 42.3298 0.0739 6.1866 4.7121 6.5153 3.9148 9.7727 21.9518 42.0116 43.9686 44.2467 43.0640 0.8892 43.9713 44.2861 0.9823 41.9091 42.9370 0.9143 43.5513 41.2665 0.0398 -23.6086 -53.1692
1.8900 8.0540 12.7763 0.5343 34.9199 0.0286 54.0239 0.1730 7.5976 4.8078 6.6067 4.0373 9.1633 40.8998 42.0833 43.9106 44.3576 43.0185 0.8864 44.0685 44.3154 0.9837 41.8116 42.9705 0.9351 43.6526 41.1670 0.0470 -30.6100 -51.3333
0.5521 7.5649 11.3621 0.7265 27.3594 0.0181 36.0155 0.0303 7.8395 4.6576 6.5011 3.8597 9.8222 16.7156 41.8963 43.7567 44.3994 43.0724 0.8286 44.0055 44.2229 0.9887 42.1092 42.9025 0.8614 43.6092 41.1275 0.0306 -27.9546 -51.7728
1.8728 8.8414 8.7099 0.6531 28.9700 0.0152 46.2757 0.0814 6.9981 4.3972 6.6021 3.8963 10.4790 2.5618 41.9566 43.8267 44.3245 42.9060 0.8928 44.0173 44.2522 0.9873 41.7683 42.9113 0.9329 43.6211 41.0063 0.0351 -24.9054 -51.2173
1.6707 1.2372 8.6583 0.7225 40.5296 0.0533 49.6077 0.1293 7.0540 3.7772 6.5901 3.9953 10.6378 1.8584 42.1922 44.0299 44.0595 43.3114 0.8395 44.0362 44.3430 0.9793 42.3712 42.8427 0.7475 43.6400 41.1872 0.0604 -28.3627 -51.7533
1.6815 0.5168 8.8991 0.6837 37.6089 0.0461 50.2570 0.0415 7.1985 3.6592 6.5687 3.8682 9.9280 10.8140 42.5630 43.9938 44.1692 43.1186 0.8824 44.0154 44.3176 0.9506 41.9970 42.9004 0.8889 43.6192 41.7998 0.1418 -24.1911 -51.8588
0.7248 6.4154 7.4261 0.7943 41.6172 0.0101 39.2485 0.0827 6.5056 3.7825 6.5044 3.9033 10.5970 0.2569 42.0832 43.9201 44.1762 43.1822 0.8454 43.9780 44.2645 0.9816 42.2187 42.8756 0.8194 43.5818 41.0221 0.0470 -23.7196 -51.5239
1.7250 4.2254 7.9061 0.6663 39.7058 0.0094 52.1786 0.1155 6.5434 3.5687 6.5679 3.9484 9.8181 12.4643 42.2145 43.9502 44.2414 43.1072 0.8745 44.0003 44.2916 0.9777 42.0703 42.9261 0.8777 43.6191 41.3245 0.0636 -35.0103 -52.1757
1.6948 6.5603 9.1800 0.6660 39.9270 0.0254 37.2372 0.0848 7.2285 3.7706 6.5225 3.9649 9.7727 21.9518 42.3284 43.9089 44.2006 43.1800 0.8427 43.9869 44.2649 0.9687 42.2120 42.8851 0.8249 43.5907 41.2612 0.0826 -28.3139 -51.2325
1.8704 0.2778 11.2005 0.5660 16.3127 0.0512 36.3860 0.2587 7.8717 5.4178 6.5412 4.2069 9.2556 69.7787 42.3713 43.8898 44.2419 43.1504 0.8459 44.0301 44.2815 0.9687 42.1251 42.9000 0.8562 43.6338 41.5664 0.0912 -23.9792 -51.6571
1.8957 0.5523 7.3666 0.5054 31.9725 0.0075 45.7950 0.1748 6.1832 4.7094 6.5615 3.8408 10.4699 2.7617 42.2535 43.9138 44.2057 43.1589 0.8504 43.9917 44.2697 0.9738 42.1666 42.8901 0.8410 43.5955 41.4736 0.0696 -23.7006 -51.2686
0.3686 10.9749 12.1962 0.6610 31.3409 0.0127 40.7253 0.0954 7.6453 4.0209 6.5179 3.9803 8.9598 50.2285 42.1413 43.8183 44.3228 43.0970 0.8404 43.9840 44.2296 0.9804 42.1033 42.9060 0.8639 43.6028 41.3099 0.0537 -27.5946 -51.2396
0.6946 4.8958 9.8780 0.7801 20.4890 0.0045 37.2456 0.1005 7.7017 5.0040 6.5232 3.9798 9.0882 33.8771 42.1061 43.9446 44.1349 43.2329 0.8374 43.9964 44.2841 0.9814 42.2795 42.8604 0.7921 43.6002 41.0516 0.0495 -24.2848 -51.3604
0.7635 9.2013 11.3477 0.7970 14.3778 0.0034 26.2080 0.1263 7.8563 5.7798 6.4186 4.0599 10.2552 6.8543 42.1023 43.9008 44.0776 43.3050 0.7977 44.0174 44.2747 0.9824 42.3496 42.8082 0.7419 43.6212 41.3614 0.0491 -30.9930 -59.9312
0.6328 11.4334 12.9308 0.4591 21.1771 0.0503 41.0354 0.0375 7.5476 5.8310 6.5904 3.8263 9.8116 22.6525 42.3297 43.9909 44.1270 43.2240 0.8540 43.9916 44.3035 0.9689 42.2477 42.8728 0.8084 43.5954 41.4396 0.0829 -26.2627 -51.2143
1.3882 5.9383 8.2960 0.7597 19.5922 0.0486 35.7756 0.0154 6.8601 5.1166 6.5208 3.8313 9.2523 68.8495 42.5331 43.8971 44.0642 43.3740 0.7693 44.0036 44.2652 0.9504 42.4748 42.7985 0.6781 43.5951 41.6535 0.1324 -26.5305 -52.9404
1.0163 6.8839 10.6014 0.6736 14.6104 0.0298 38.6770 0.1098 7.7142 5.9752 6.5362 4.0125 9.3037 55.7210 43.2547 43.6708 44.1928 43.3019 0.7004 44.0195 44.1960 0.7979 42.4057 42.7665 0.6965 43.6233 42.6492 0.6975 -34.5951 -56.9248
1.8012 12.8305 7.1192 0.7610 31.5924 0.0236 41.2374 0.1317 6.2094 4.3132 6.5029 4.0048 10.5522 2.6220 42.1294 43.9186 44.1357 43.2681 0.8173 43.9958 44.2722 0.9782 42.3038 42.8507 0.7789 43.5758 41.2853 0.0523 -24.0280 -51.2857
0.9321 6.5632 7.8464 0.6680 33.0374 0.0494 28.7655 0.0248 6.5425 4.3519 6.5027 3.8212 10.1625 4.0376 42.3013 43.9766 44.2020 43.0711 0.8894 44.0167 44.3109 0.9754 41.8638 42.9138 0.9182 43.6499 40.9111 0.0776 -24.9611 -51.4787
1.6809 8.1609 8.4891 0.6409 37.4495 0.0414 35.5785 0.0299 6.8161 3.7927 6.5043 3.8063 8.9679 71.5675 42.1286 43.7839 44.3464 43.1507 0.8112 44.0497 44.2572 0.9812 42.1203 42.8975 0.8569 43.6338 41.1503 0.0522 -34.9562 -54.1647
0.8610 10.1411 10.6354 0.5466 36.5088 0.0052 5.6715 0.0902 7.6107 3.6747 6.4400 3.9501 9.0273 82.0396 42.3918 43.9443 44.0998 43.3260 0.8059 44.0193 44.2952 0.9649 42.3879 42.8384 0.7384 43.6108 41.7353 0.0956 -23.8597 -55.2011
