### cos(theta) ### NH / cm^-2 ###

-0.9920948616600791 21.046272813406198
-0.9815546772068512 21.046349376489392
-0.9683794466403163 21.060972925379705
-0.96 21.08099220734046
-0.95 21.080992207407718
-0.94 21.08099220739691
-0.9299999999999999 21.08099223077481
-0.9199999999999999 21.09696331900723
-0.9099999999999999 21.11863172034236
-0.8999999999999999 21.121784366174207
-0.8899999999999999 21.121784366177817
-0.8799999999999999 21.121784366177824
-0.8699999999999999 21.12178426621855
-0.8599999999999999 21.130105195856377
-0.8499999999999999 21.158671374850133
-0.8399999999999999 21.16257652496056
-0.8299999999999998 21.16257652494792
-0.8199999999999998 21.162576524947923
-0.8099999999999998 21.16257652494418
-0.7999999999999998 21.16257613362366
-0.7899999999999998 21.1718749961477
-0.7799999999999998 21.195205162044008
-0.7699999999999998 21.203369015227025
-0.7599999999999998 21.203368683732457
-0.7499999999999998 21.205993520361517
-0.7399999999999998 21.227116875087102
-0.7299999999999998 21.244109959880827
-0.7199999999999998 21.244160561983332
-0.7099999999999997 21.251561320708376
-0.6999999999999997 21.275082437261645
-0.6899999999999997 21.284952892430887
-0.6799999999999997 21.284953001253864
-0.6699999999999997 21.285717637525977
-0.6599999999999997 21.304221427043164
-0.6499999999999997 21.324111347314364
-0.6399999999999997 21.325745159997414
-0.6299999999999997 21.325744777413984
-0.6199999999999997 21.334834045942177
-0.6099999999999997 21.358132579044955
-0.5999999999999996 21.366537772294283
-0.5899999999999996 21.376101990694586
-0.5799999999999996 21.399499314254527
-0.5699999999999996 21.41383061589542
-0.5599999999999996 21.43749918237299
-0.5499999999999996 21.451097530611822
-0.5399999999999996 21.47259031477746
-0.5299999999999996 21.48907198734614
-0.5199999999999996 21.50632408213993
-0.5099999999999996 21.535001422202257
-0.49999999999999956 21.56087090243557
-0.48999999999999955 21.574753045061957
-0.47999999999999954 21.597349291258105
-0.46999999999999953 21.623566987663008
-0.4599999999999995 21.651707662226162
-0.4499999999999995 21.680020373683863
-0.4399999999999995 21.707746250342964
-0.4299999999999995 21.74480762782489
-0.4199999999999995 21.772797201499134
-0.4099999999999995 21.81948554378384
-0.39999999999999947 21.848098408326457
-0.38999999999999946 21.895294610792522
-0.37999999999999945 21.948477834505688
-0.36999999999999944 21.99215182985114
-0.35999999999999943 22.01921460516942
-0.3499999999999994 22.07333998603137
-0.3399999999999994 22.130750587147407
-0.3299999999999993 22.183927763978154
-0.3199999999999994 22.23907279949943
-0.3099999999999994 22.29629477669172
-0.29999999999999927 22.348877939653846
-0.28999999999999937 22.404861809462233
-0.27999999999999936 22.470344214046833
-0.26999999999999935 22.534436695357723
-0.25999999999999934 22.59105958812854
-0.24999999999999933 22.656501170070122
-0.23999999999999932 22.7220458464477
-0.22999999999999932 22.793402047847618
-0.2199999999999993 22.853174848137744
-0.2099999999999993 22.921163257432305
-0.1999999999999993 23.000599972305718
-0.18999999999999928 23.058785478823783
-0.17999999999999927 23.13899227196645
-0.16999999999999926 23.21068674045532
-0.15999999999999925 23.26465548519636
-0.14999999999999925 23.34675241040801
-0.13999999999999924 23.41707926299407
-0.12999999999999923 23.491538958880017
-0.11999999999999922 23.56631503287858
-0.10999999999999921 23.64015323909638
-0.0999999999999992 23.718752723022217
-0.08999999999999919 23.80832086646094
-0.07999999999999918 23.89832840767035
-0.06999999999999917 23.978490660446177
-0.059999999999999165 24.083745033019383
-0.049999999999999156 24.195487502848223
-0.03999999999999915 24.300784378111334
-0.02999999999999936 24.415311476310308
-0.01999999999999935 24.515451213733055
-0.009999999999999343 24.582724717734415
6.661338147750939e-16 24.640584961598925
0.010000000000000675 24.62975314793439
0.020000000000000684 24.582190783429102
0.030000000000000693 24.49529403983493
0.0400000000000007 24.402420730616345
0.05000000000000071 24.309755344075214
0.06000000000000072 24.223986644959673
0.07000000000000073 24.134999178866234
0.08000000000000074 24.050866587583794
0.09000000000000075 23.965710776029965
0.10000000000000075 23.887213873351193
0.11000000000000076 23.80754633437242
0.12000000000000077 23.728085083592543
0.13000000000000078 23.659565234529754
0.1400000000000008 23.573862112317805
0.15000000000000102 23.510150006289507
0.1600000000000008 23.43169780523573
0.17000000000000082 23.359005020849217
0.18000000000000083 23.294478687370788
0.19000000000000083 23.21700120806876
0.20000000000000084 23.152533788052427
0.21000000000000085 23.098850380337012
0.22000000000000086 23.030257521056217
0.23000000000000087 22.96655407837883
0.24000000000000088 22.902940067605538
0.2500000000000009 22.83767692004568
0.2600000000000009 22.780710780495284
0.2700000000000009 22.728337543167246
0.2800000000000009 22.671878075101077
0.2900000000000009 22.61541758942017
0.30000000000000093 22.57495897158357
0.31000000000000116 22.526467728639396
0.32000000000000095 22.470712674930482
0.33000000000000096 22.41799188952523
0.34000000000000097 22.373518002116132
0.350000000000001 22.3460840973951
0.360000000000001 22.296089151844527
0.370000000000001 22.26006832977002
0.380000000000001 22.222856680415553
0.390000000000001 22.185545964571027
0.400000000000001 22.149194135384622
0.41000000000000103 22.109975442444437
0.42000000000000104 22.082271434565072
0.43000000000000105 22.05370741521011
0.44000000000000106 22.027468847314072
0.45000000000000107 21.999375267507585
0.4600000000000011 21.971024808113565
0.4700000000000013 21.944860158474146
0.4800000000000011 21.91647295629239
0.4900000000000011 21.888432123211484
0.5000000000000009 21.86420470794058
0.5100000000000011 21.849908628056628
0.5200000000000009 21.826337464988
0.5300000000000011 21.799798064960708
0.5400000000000009 21.777879723035323
0.5500000000000012 21.76431033590251
0.5600000000000009 21.74061884468311
0.5700000000000012 21.726263640630243
0.580000000000001 21.702743565959487
0.5900000000000012 21.692875018854323
0.6000000000000012 21.68487401685828
0.610000000000001 21.66151398501052
0.620000000000001 21.652082033999754
0.6300000000000014 21.652082752151447
0.6400000000000008 21.639368715400312
0.6500000000000012 21.616291940690388
0.6600000000000013 21.611290164403982
0.670000000000001 21.6094958169689
0.680000000000001 21.589382656221854
0.6900000000000015 21.57112941571927
0.7000000000000008 21.570498112617525
0.7100000000000013 21.57049851958042
0.7200000000000011 21.56051074629673
0.7300000000000013 21.53692543192109
0.7400000000000011 21.5297060255881
0.7500000000000013 21.52954633287994
0.7600000000000011 21.512290386890125
0.7700000000000014 21.491362643084887
0.7800000000000011 21.48891379510591
0.7900000000000014 21.488913703556555
0.8000000000000012 21.480585359947945
0.8100000000000014 21.457278382474485
0.8200000000000012 21.44812125072965
0.8300000000000014 21.448121636351242
0.8400000000000016 21.44812163633864
0.8500000000000014 21.44812163633864
0.8600000000000012 21.44812163633864
0.8700000000000014 21.44812163633864
0.8800000000000012 21.44812163633864
0.8900000000000015 21.44812163633864
0.9000000000000012 21.44812163633864
0.9100000000000015 21.44812163633864
0.9200000000000013 21.44812163633864
0.9300000000000015 21.44812163633864
0.9400000000000013 21.44812163633864
0.9500000000000015 21.44812162606778
0.9631093544137022 21.452727081319566
0.9736495388669302 21.45280364440276
0.9815546772068511 21.45286106671516
0.9920948616600791 21.438409784762033
